(1.60374, -0.44509) (2.6644, -0.426482) (-2.37027, 0.497667) (-1.56919, 0.451424) (0.0357249, 2.49889) (0.137975, -2.00408) 
(1.60751, -0.441591) (2.66524, -0.426992) (-2.37997, 0.490008) (-1.56974, 0.451509) (0.0357161, 2.4991) (0.138353, -2.00597) 
(1.6115, -0.437589) (2.66579, -0.427629) (-2.39131, 0.486272) (-1.5543, 0.452251) (0.0331597, 2.47241) (0.133636, -1.98727) 
(1.61398, -0.435927) (2.6652, -0.428757) (-2.39823, 0.481967) (-1.49085, 0.450637) (0.0463471, 2.4408) (0.128421, -1.94992) 
(1.61555, -0.440057) (2.66121, -0.43225) (-2.38378, 0.4695) (-1.43398, 0.451578) (0.0388562, 2.4036) (0.114065, -1.92263) 
(1.61224, -0.449472) (2.65538, -0.435513) (-2.36891, 0.457753) (-1.39787, 0.453039) (0.0379637, 2.38357) (0.106229, -1.90373) 
(1.59224, -0.470003) (2.64399, -0.445114) (-2.33984, 0.442425) (-1.34205, 0.455779) (0.0249661, 2.35417) (0.092303, -1.8611) 
(1.56482, -0.4874) (2.63035, -0.458976) (-2.29805, 0.427157) (-1.28895, 0.457234) (0.0110183, 2.33219) (0.0855403, -1.82678) 
(1.5342, -0.494651) (2.61572, -0.470684) (-2.25497, 0.425921) (-1.24385, 0.460287) (-0.00162996, 2.31679) (0.0878387, -1.8004) 
(1.48956, -0.494947) (2.58944, -0.482942) (-2.19062, 0.438923) (-1.19114, 0.463904) (-0.014654, 2.30309) (0.0908928, -1.76458) 
(1.43314, -0.480397) (2.55075, -0.489991) (-2.1248, 0.46212) (-1.13804, 0.467399) (-0.0333751, 2.29294) (0.0923935, -1.71975) 
(1.3729, -0.451518) (2.50493, -0.489742) (-2.07066, 0.494875) (-1.08628, 0.470774) (-0.0478519, 2.2848) (0.0942354, -1.69627) 
(1.30909, -0.415202) (2.44895, -0.481619) (-2.02308, 0.519217) (-1.03368, 0.472496) (-0.0653325, 2.28254) (0.0878702, -1.66998) 
(1.24321, -0.379504) (2.38452, -0.465463) (-1.97245, 0.538718) (-0.980347, 0.474068) (-0.0803271, 2.28047) (0.0785329, -1.64929) 
(1.19669, -0.358105) (2.33322, -0.449083) (-1.92714, 0.543544) (-0.940502, 0.475888) (-0.0909979, 2.28174) (0.0686715, -1.63499) 
(1.11881, -0.336776) (2.24108, -0.422094) (-1.84838, 0.536727) (-0.868987, 0.479287) (-0.111714, 2.28707) (0.051646, -1.60558) 
(1.07608, -0.333264) (2.19159, -0.410175) (-1.79681, 0.528818) (-0.829429, 0.481414) (-0.121674, 2.2916) (0.0457778, -1.58653) 
(1.0151, -0.335941) (2.12603, -0.398342) (-1.71978, 0.511468) (-0.776556, 0.48567) (-0.133404, 2.30078) (0.0423643, -1.56928) 
(0.938069, -0.348572) (2.05089, -0.394047) (-1.62147, 0.475797) (-0.716326, 0.490235) (-0.147032, 2.31198) (0.0432163, -1.54517) 
(0.881688, -0.365577) (1.99387, -0.394504) (-1.55399, 0.458353) (-0.670003, 0.49242) (-0.154126, 2.32292) (0.0450819, -1.51943) 
(0.801706, -0.398398) (1.9145, -0.402803) (-1.47885, 0.452173) (-0.611437, 0.496623) (-0.164873, 2.33833) (0.0492136, -1.48859) 
(0.742803, -0.422898) (1.8555, -0.41398) (-1.4248, 0.455648) (-0.573214, 0.499242) (-0.168757, 2.35161) (0.0520702, -1.46786) 
(0.669854, -0.445849) (1.777, -0.431045) (-1.37221, 0.472441) (-0.51057, 0.504686) (-0.173847, 2.36544) (0.0510969, -1.45157) 
(0.601239, -0.455503) (1.70386, -0.442085) (-1.31597, 0.495235) (-0.448329, 0.505417) (-0.172896, 2.3828) (0.0449825, -1.43599) 
(0.54462, -0.454055) (1.64054, -0.448644) (-1.26685, 0.52353) (-0.392334, 0.506124) (-0.171258, 2.39679) (0.0399408, -1.41891) 
(0.475062, -0.444257) (1.56668, -0.449226) (-1.22678, 0.566566) (-0.330155, 0.508499) (-0.16536, 2.413) (0.0329826, -1.39973) 
(0.414086, -0.429674) (1.50223, -0.446156) (-1.18309, 0.600575) (-0.276424, 0.510981) (-0.157735, 2.4252) (0.0286999, -1.3865) 
(0.342986, -0.404089) (1.42195, -0.437149) (-1.1381, 0.63027) (-0.215183, 0.512201) (-0.147317, 2.43788) (0.030465, -1.37208) 
(0.277648, -0.377214) (1.34769, -0.422087) (-1.08366, 0.645331) (-0.159699, 0.514927) (-0.142195, 2.44449) (0.0326322, -1.35414) 
(0.216875, -0.354908) (1.27874, -0.405968) (-1.01767, 0.64783) (-0.107481, 0.517016) (-0.132044, 2.45117) (0.0388148, -1.33275) 
(0.153801, -0.339942) (1.20499, -0.38754) (-0.952212, 0.645774) (-0.0515106, 0.51785) (-0.123571, 2.45607) (0.0516568, -1.30611) 
(0.080358, -0.332402) (1.1251, -0.372317) (-0.875447, 0.633564) (0.0139702, 0.519294) (-0.113552, 2.45996) (0.0682987, -1.28455) 
(0.0227333, -0.334934) (1.0631, -0.365725) (-0.816489, 0.611772) (0.065673, 0.522085) (-0.0989337, 2.45921) (0.0849038, -1.26697) 
(-0.0305673, -0.343827) (1.01199, -0.362394) (-0.774755, 0.586131) (0.112957, 0.523992) (-0.0884048, 2.45892) (0.0983713, -1.25302) 
(-0.105171, -0.36604) (0.935907, -0.360566) (-0.701115, 0.548259) (0.180585, 0.526948) (-0.0713166, 2.4533) (0.116772, -1.23247) 
(-0.175432, -0.396787) (0.863747, -0.363528) (-0.635015, 0.527129) (0.244069, 0.529362) (-0.0564486, 2.44439) (0.132282, -1.21025) 
(-0.23075, -0.424164) (0.807091, -0.369525) (-0.578911, 0.515147) (0.292102, 0.531011) (-0.046253, 2.43655) (0.136646, -1.19669) 
(-0.300144, -0.455177) (0.734608, -0.382391) (-0.520238, 0.517716) (0.351872, 0.532935) (-0.0347443, 2.42458) (0.145028, -1.17618) 
(-0.354699, -0.473209) (0.674681, -0.391974) (-0.471634, 0.521798) (0.402747, 0.537413) (-0.027133, 2.41136) (0.154929, -1.15416) 
(-0.417154, -0.485992) (0.604914, -0.398448) (-0.410656, 0.534359) (0.466273, 0.539168) (-0.0207993, 2.39675) (0.17235, -1.12324) 
(-0.469036, -0.489988) (0.546062, -0.397772) (-0.367429, 0.555983) (0.51909, 0.541118) (-0.0189247, 2.38156) (0.191518, -1.09981) 
(-0.530328, -0.486511) (0.47134, -0.394624) (-0.331177, 0.589089) (0.58053, 0.544672) (-0.0185919, 2.36579) (0.212946, -1.07537) 
(-0.582581, -0.476498) (0.400695, -0.391055) (-0.298855, 0.626323) (0.63469, 0.546816) (-0.0238959, 2.35061) (0.230217, -1.05575) 
(-0.641228, -0.456152) (0.326951, -0.382099) (-0.258566, 0.668293) (0.692254, 0.548804) (-0.0310225, 2.32854) (0.249201, -1.03456) 
(-0.706379, -0.426819) (0.249959, -0.367909) (-0.219966, 0.696969) (0.754535, 0.551609) (-0.049755, 2.30466) (0.268528, -1.00946) 
(-0.757121, -0.404121) (0.19276, -0.355274) (-0.188431, 0.712372) (0.802574, 0.553642) (-0.0612738, 2.28583) (0.283452, -0.986822) 
(-0.829096, -0.380858) (0.122061, -0.340794) (-0.141866, 0.728823) (0.871651, 0.556625) (-0.0796413, 2.26739) (0.301521, -0.952836) 
(-0.878814, -0.370559) (0.0732602, -0.333724) (-0.100762, 0.725325) (0.922695, 0.55912) (-0.0906031, 2.24568) (0.309094, -0.929001) 
(-0.942704, -0.364809) (0.0128265, -0.330926) (-0.032289, 0.706649) (0.987321, 0.562426) (-0.102425, 2.21505) (0.312196, -0.908893) 
(-0.998499, -0.367565) (-0.0403936, -0.330322) (0.0343635, 0.680394) (1.04541, 0.563576) (-0.110108, 2.18941) (0.311116, -0.888453) 
(-1.05766, -0.380779) (-0.100819, -0.333962) (0.0997628, 0.654444) (1.10899, 0.565371) (-0.113523, 2.15449) (0.30533, -0.860835) 
(-1.10711, -0.400563) (-0.152818, -0.342151) (0.164821, 0.625684) (1.16491, 0.566361) (-0.116026, 2.12481) (0.297674, -0.841711) 
(-1.16813, -0.431235) (-0.213159, -0.359186) (0.24461, 0.590668) (1.23198, 0.567703) (-0.118369, 2.08328) (0.288865, -0.818268) 
(-1.23156, -0.461365) (-0.27122, -0.382146) (0.317179, 0.569902) (1.29236, 0.571002) (-0.11777, 2.04427) (0.282146, -0.789608) 
(-1.28321, -0.482996) (-0.314999, -0.39695) (0.370587, 0.564164) (1.33932, 0.57452) (-0.114992, 2.00944) (0.27731, -0.761297) 
(-1.339, -0.505541) (-0.365273, -0.410119) (0.430649, 0.555693) (1.3954, 0.579562) (-0.112495, 1.96669) (0.275306, -0.722551) 
(-1.38879, -0.521189) (-0.412538, -0.417259) (0.488681, 0.553472) (1.44916, 0.581424) (-0.109172, 1.92671) (0.275885, -0.689782) 
(-1.44684, -0.531197) (-0.465487, -0.420738) (0.558449, 0.56101) (1.51604, 0.583886) (-0.107146, 1.87554) (0.276899, -0.646094) 
(-1.50118, -0.531441) (-0.524268, -0.422409) (0.622609, 0.577157) (1.5841, 0.586714) (-0.104853, 1.82207) (0.276328, -0.603913) 
(-1.55037, -0.525044) (-0.575776, -0.4214) (0.67629, 0.593615) (1.63863, 0.587056) (-0.102836, 1.77605) (0.273119, -0.564485) 
(-1.60635, -0.510168) (-0.635624, -0.415182) (0.745618, 0.618247) (1.69389, 0.586932) (-0.095591, 1.7401) (0.272113, -0.524885) 
(-1.66747, -0.490766) (-0.70434, -0.405466) (0.809341, 0.636096) (1.7553, 0.588978) (-0.0981706, 1.69729) (0.282793, -0.483284) 
(-1.71531, -0.472502) (-0.758542, -0.39964) (0.856683, 0.649236) (1.80826, 0.590058) (-0.102453, 1.66464) (0.290995, -0.457023) 
(-1.78239, -0.447337) (-0.828543, -0.397347) (0.912331, 0.668788) (1.87971, 0.591099) (-0.119614, 1.6256) (0.30949, -0.424506) 
(-1.82778, -0.434064) (-0.880893, -0.398896) (0.94202, 0.685374) (1.92922, 0.592732) (-0.13444, 1.59047) (0.322979, -0.397941) 
(-1.88694, -0.421951) (-0.946461, -0.409137) (0.988386, 0.702581) (2.00049, 0.595681) (-0.154058, 1.55094) (0.335094, -0.365707) 
(-1.92921, -0.418079) (-0.996467, -0.418805) (1.02913, 0.708862) (2.05629, 0.597929) (-0.165029, 1.5164) (0.334347, -0.339079) 
(-1.97696, -0.419762) (-1.0533, -0.435051) (1.07708, 0.710004) (2.12221, 0.600482) (-0.169171, 1.4793) (0.333084, -0.312894) 
(-2.017, -0.426938) (-1.09852, -0.455094) (1.11249, 0.710232) (2.17738, 0.602605) (-0.16926, 1.44861) (0.330115, -0.289765) 
(-2.06393, -0.442035) (-1.15059, -0.482507) (1.15239, 0.703008) (2.23875, 0.602432) (-0.168886, 1.40885) (0.327603, -0.256487) 
(-2.11128, -0.462374) (-1.20142, -0.509353) (1.20874, 0.685243) (2.29298, 0.604593) (-0.168436, 1.36401) (0.327205, -0.213972) 
(-2.14704, -0.481313) (-1.23681, -0.524965) (1.2531, 0.670313) (2.34047, 0.607708) (-0.173086, 1.33108) (0.330968, -0.180299) 
(-2.19728, -0.508499) (-1.28569, -0.541421) (1.30895, 0.651609) (2.40101, 0.610004) (-0.181792, 1.27872) (0.336104, -0.13058) 
(-2.23482, -0.525241) (-1.31997, -0.550216) (1.35262, 0.647478) (2.44699, 0.610989) (-0.188881, 1.2384) (0.337659, -0.0916149) 
(-2.27703, -0.543771) (-1.36174, -0.555988) (1.3989, 0.648189) (2.48171, 0.61343) (-0.195835, 1.18785) (0.338534, -0.0418838) 
(-2.29911, -0.553273) (-1.39313, -0.555696) (1.43356, 0.649581) (2.48389, 0.613827) (-0.199178, 1.15185) (0.338553, -0.00889472) 
(-2.33051, -0.55525) (-1.44479, -0.550158) (1.50492, 0.657735) (2.47078, 0.613456) (-0.20132, 1.09217) (0.332874, 0.0480935) 
(-2.35003, -0.547237) (-1.48915, -0.53878) (1.56703, 0.673172) (2.47406, 0.61542) (-0.204165, 1.03258) (0.329091, 0.103629) 
(-2.35318, -0.538889) (-1.52269, -0.524156) (1.61089, 0.687448) (2.48236, 0.615014) (-0.204921, 0.985819) (0.325472, 0.147069) 
(-2.34449, -0.529858) (-1.56055, -0.503427) (1.67109, 0.706643) (2.48037, 0.615074) (-0.205844, 0.929166) (0.32105, 0.2022) 
(-2.3278, -0.521564) (-1.59217, -0.489971) (1.72696, 0.7222) (2.48067, 0.614964) (-0.208888, 0.878966) (0.319846, 0.254696) 
(-2.30374, -0.513581) (-1.62823, -0.475674) (1.79701, 0.731777) (2.48055, 0.615083) (-0.211423, 0.812023) (0.316992, 0.321541) 
(-2.28235, -0.510356) (-1.65537, -0.466185) (1.85891, 0.719289) (2.48042, 0.615162) (-0.216755, 0.755365) (0.317678, 0.379192) 
(-2.26985, -0.511259) (-1.6728, -0.463997) (1.89697, 0.699119) (2.48049, 0.615077) (-0.219512, 0.708564) (0.317174, 0.424603) 
(-2.26037, -0.516324) (-1.69322, -0.466714) (1.94523, 0.658412) (2.48042, 0.615103) (-0.226171, 0.644488) (0.317341, 0.491356) 
(-2.26143, -0.521083) (-1.70593, -0.474208) (1.9768, 0.620384) (2.48042, 0.615073) (-0.230498, 0.59638) (0.316099, 0.539602) 
(-2.27363, -0.530192) (-1.72364, -0.493764) (2.00398, 0.561857) (2.48042, 0.615083) (-0.234801, 0.537631) (0.317036, 0.599466) 
(-2.29762, -0.536982) (-1.74292, -0.521417) (2.03337, 0.505171) (2.48042, 0.615086) (-0.239719, 0.480236) (0.317778, 0.655013) 
(-2.33408, -0.539975) (-1.76449, -0.556206) (2.06375, 0.452995) (2.48041, 0.615112) (-0.249188, 0.430917) (0.314036, 0.708259) 
(-2.36376, -0.539383) (-1.78107, -0.585944) (2.07942, 0.416202) (2.48042, 0.6151) (-0.249258, 0.387818) (0.307134, 0.747298) 
(-2.404, -0.535569) (-1.79999, -0.628801) (2.08468, 0.360954) (2.48041, 0.615063) (-0.246945, 0.326283) (0.296152, 0.802659) 
(-2.43853, -0.529418) (-1.81286, -0.666508) (2.08669, 0.313713) (2.48041, 0.615091) (-0.237738, 0.271814) (0.284863, 0.851373) 
(-2.46403, -0.523861) (-1.81654, -0.697409) (2.09744, 0.281913) (2.4804, 0.615075) (-0.223209, 0.225888) (0.271945, 0.894038) 
(-2.48537, -0.518104) (-1.81571, -0.726829) (2.1164, 0.254358) (2.4804, 0.615069) (-0.213158, 0.17539) (0.261981, 0.94179) 
(-2.50713, -0.511167) (-1.80688, -0.760846) (2.14856, 0.231898) (2.48041, 0.615063) (-0.197987, 0.117187) (0.249938, 1.00733) 
(-2.51933, -0.507519) (-1.79882, -0.784996) (2.17657, 0.223149) (2.48039, 0.615135) (-0.191189, 0.0767075) (0.244591, 1.04962) 
(-2.52992, -0.505215) (-1.78915, -0.817572) (2.21635, 0.219593) (2.48039, 0.615132) (-0.181671, 0.0194722) (0.237039, 1.10244) 
(-2.53545, -0.507592) (-1.78241, -0.839651) (2.25026, 0.207677) (2.48039, 0.615134) (-0.175285, -0.0273416) (0.230444, 1.14801) 
(-2.54148, -0.515355) (-1.77525, -0.860091) (2.27586, 0.192435) (2.48038, 0.61514) (-0.169819, -0.0878194) (0.220868, 1.21153) 
(-2.54489, -0.52601) (-1.77223, -0.874867) (2.29367, 0.178019) (2.48057, 0.614248) (-0.164428, -0.143021) (0.211322, 1.27002) 
(-2.5455, -0.537313) (-1.77321, -0.885953) (2.30392, 0.168112) (2.48065, 0.613475) (-0.158626, -0.191042) (0.202752, 1.32157) 
(-2.54431, -0.549051) (-1.78066, -0.896559) (2.29953, 0.159781) (2.4804, 0.61287) (-0.149743, -0.249014) (0.191657, 1.38119) 
(-2.54356, -0.557382) (-1.79118, -0.903806) (2.28434, 0.157655) (2.48046, 0.612869) (-0.140854, -0.306444) (0.181534, 1.43785) 
(-2.54392, -0.563741) (-1.80649, -0.907764) (2.26502, 0.171832) (2.47992, 0.612305) (-0.129621, -0.368793) (0.170389, 1.50069) 
(-2.54521, -0.567812) (-1.82029, -0.907741) (2.24798, 0.18767) (2.47995, 0.612829) (-0.120541, -0.4225) (0.162268, 1.55311) 
(-2.54588, -0.569585) (-1.83429, -0.904991) (2.23572, 0.198713) (2.47993, 0.612842) (-0.111852, -0.475532) (0.153183, 1.60636) 
(-2.547, -0.566814) (-1.84844, -0.900265) (2.23119, 0.207187) (2.47994, 0.612829) (-0.102311, -0.542573) (0.143824, 1.67724) 
(-2.54731, -0.562349) (-1.86049, -0.900929) (2.24425, 0.209097) (2.47991, 0.612378) (-0.0920581, -0.60702) (0.135448, 1.74168) 
(-2.5476, -0.557854) (-1.86896, -0.905371) (2.25644, 0.204489) (2.47995, 0.61283) (-0.0841132, -0.654877) (0.127722, 1.79268) 
(-2.54913, -0.553647) (-1.87972, -0.915654) (2.27491, 0.18754) (2.47994, 0.612838) (-0.0753674, -0.722958) (0.119699, 1.86028) 
(-2.55101, -0.552931) (-1.88855, -0.929058) (2.28901, 0.16625) (2.47999, 0.612677) (-0.0669375, -0.775974) (0.112016, 1.91243) 
(-2.55594, -0.553717) (-1.898, -0.950594) (2.29288, 0.134269) (2.4799, 0.612829) (-0.0576397, -0.837211) (0.103257, 1.97425) 
(-2.56134, -0.554212) (-1.90342, -0.974784) (2.29039, 0.100548) (2.47995, 0.612836) (-0.0484687, -0.889819) (0.0946776, 2.0286) 
(-2.56549, -0.554845) (-1.90735, -1.00062) (2.28763, 0.0746358) (2.47988, 0.612268) (-0.0402975, -0.938435) (0.0875099, 2.08171) 
(-2.56968, -0.557282) (-1.91205, -1.04037) (2.28977, 0.0484147) (2.48011, 0.612255) (-0.0286331, -1.00318) (0.0807905, 2.13937) 
(-2.57371, -0.561616) (-1.91886, -1.08489) (2.29004, 0.0322054) (2.48004, 0.61226) (-0.0169298, -1.06828) (0.0732568, 2.19502) 
(-2.57655, -0.565518) (-1.92243, -1.12549) (2.29577, 0.0337837) (2.48033, 0.612318) (-0.00730696, -1.12944) (0.0665651, 2.24605) 
(-2.57733, -0.567607) (-1.92345, -1.15954) (2.31074, 0.0383423) (2.48028, 0.61233) (0.00105127, -1.18329) (0.0615252, 2.29563) 
(-2.57731, -0.569186) (-1.92547, -1.18995) (2.32798, 0.0494555) (2.48024, 0.61236) (0.0106132, -1.24666) (0.05945, 2.32309) 
(-2.57578, -0.569978) (-1.93137, -1.20839) (2.34224, 0.0679241) (2.48024, 0.612337) (0.0193985, -1.30078) (0.0599993, 2.31842) 
(-2.57357, -0.571154) (-1.94055, -1.22178) (2.35974, 0.0907862) (2.48028, 0.612282) (0.0305795, -1.37083) (0.0598076, 2.31512) 
(-2.57156, -0.570357) (-1.94518, -1.22394) (2.36968, 0.101849) (2.48018, 0.612289) (0.0400061, -1.41938) (0.0594861, 2.31945) 
(-2.56795, -0.569875) (-1.94638, -1.22077) (2.37618, 0.11181) (2.48025, 0.612333) (0.0506426, -1.48243) (0.0597113, 2.31832) 
(-2.56186, -0.569482) (-1.9404, -1.21077) (2.3776, 0.118698) (2.48037, 0.612332) (0.0604851, -1.54068) (0.0596598, 2.31856) 
(-2.55727, -0.572765) (-1.93606, -1.19517) (2.38345, 0.125394) (2.48033, 0.61234) (0.0687305, -1.59417) (0.0596002, 2.31854) 
(-2.55263, -0.574226) (-1.93705, -1.17759) (2.3908, 0.127517) (2.48024, 0.612328) (0.0789037, -1.65618) (0.059615, 2.31853) 
(-2.54589, -0.570139) (-1.93991, -1.16744) (2.39845, 0.12466) (2.48019, 0.612249) (0.0895169, -1.72034) (0.0596963, 2.31852) 
(-2.54043, -0.570474) (-1.94169, -1.16416) (2.40618, 0.120616) (2.48027, 0.612343) (0.0969688, -1.76845) (0.0596813, 2.31864) 
(-2.53331, -0.571324) (-1.94592, -1.16475) (2.41134, 0.119241) (2.48022, 0.612343) (0.105998, -1.82678) (0.0596484, 2.31851) 
(-2.52783, -0.571213) (-1.95206, -1.16803) (2.41276, 0.11962) (2.48023, 0.61236) (0.113141, -1.87063) (0.0595149, 2.31869) 
(-2.52252, -0.571533) (-1.95732, -1.17139) (2.41412, 0.118823) (2.48018, 0.612272) (0.12261, -1.92447) (0.0596831, 2.31856) 
