(2.54631, 2.00183) (-2.09618, 0.353815) (2.28633, -1.92146) (-2.24545, 2.04319) (-2.97537, 2.2455) (-2.01371, -1.61986) 
(2.5452, 1.99497) (-2.09618, 0.353815) (2.28646, -1.92138) (-2.24428, 2.04387) (-2.97537, 2.2455) (-2.01453, -1.61944) 
(2.54481, 1.98903) (-2.09618, 0.353815) (2.28671, -1.92126) (-2.24423, 2.04405) (-2.97537, 2.2455) (-2.01465, -1.61926) 
(2.54495, 1.97339) (-2.09618, 0.353815) (2.28734, -1.9214) (-2.23172, 2.04473) (-2.97537, 2.2455) (-2.01217, -1.61886) 
(2.54548, 1.95792) (-2.09618, 0.353815) (2.28814, -1.92209) (-2.22115, 2.04501) (-2.97537, 2.2455) (-1.99934, -1.619) 
(2.54552, 1.94346) (-2.09618, 0.353815) (2.28825, -1.92252) (-2.20823, 2.04512) (-2.97537, 2.2455) (-1.98328, -1.61901) 
(2.54303, 1.92318) (-2.09618, 0.353815) (2.2835, -1.92358) (-2.19205, 2.04661) (-2.97537, 2.2455) (-1.96359, -1.61868) 
(2.5395, 1.91117) (-2.09618, 0.353815) (2.27654, -1.92341) (-2.17856, 2.046) (-2.97537, 2.2455) (-1.94967, -1.6183) 
(2.52594, 1.89661) (-2.09618, 0.353815) (2.26483, -1.92393) (-2.15482, 2.04618) (-2.97537, 2.2455) (-1.9255, -1.61802) 
(2.50542, 1.88921) (-2.09618, 0.353815) (2.25709, -1.92906) (-2.13253, 2.04661) (-2.97537, 2.2455) (-1.90244, -1.61814) 
(2.47629, 1.88966) (-2.09618, 0.353815) (2.23252, -1.93929) (-2.11147, 2.04716) (-2.97537, 2.2455) (-1.88053, -1.61786) 
(2.44293, 1.89731) (-2.09618, 0.353815) (2.19402, -1.94027) (-2.0902, 2.04829) (-2.97537, 2.2455) (-1.86229, -1.61724) 
(2.39793, 1.91411) (-2.09618, 0.353815) (2.15624, -1.93801) (-2.06086, 2.04778) (-2.97537, 2.2455) (-1.83259, -1.61699) 
(2.35078, 1.93565) (-2.09618, 0.353815) (2.11102, -1.92406) (-2.02921, 2.04717) (-2.97537, 2.2455) (-1.80483, -1.61734) 
(2.28907, 1.96531) (-2.09618, 0.353815) (2.04926, -1.8902) (-1.98401, 2.04774) (-2.97537, 2.2455) (-1.77126, -1.61776) 
(2.22215, 1.99427) (-2.09618, 0.353815) (1.99351, -1.8488) (-1.94222, 2.04725) (-2.97537, 2.2455) (-1.73142, -1.61772) 
(2.16617, 2.0164) (-2.09618, 0.353815) (1.94009, -1.81683) (-1.90826, 2.04705) (-2.97537, 2.2455) (-1.69249, -1.61771) 
(2.10045, 2.0323) (-2.09618, 0.353815) (1.86648, -1.78516) (-1.86287, 2.04766) (-2.97537, 2.2455) (-1.64587, -1.61792) 
(2.07032, 2.03428) (-2.09618, 0.353815) (1.83404, -1.77295) (-1.84176, 2.04759) (-2.97537, 2.2455) (-1.62444, -1.61759) 
(1.99447, 2.03021) (-2.09618, 0.353815) (1.76056, -1.74458) (-1.78613, 2.04735) (-2.97537, 2.2455) (-1.57756, -1.61713) 
(1.92972, 2.01566) (-2.09618, 0.353815) (1.71231, -1.7303) (-1.73832, 2.04803) (-2.97537, 2.2455) (-1.52844, -1.61715) 
(1.85818, 1.99094) (-2.09618, 0.353815) (1.67066, -1.71911) (-1.67828, 2.04776) (-2.97537, 2.2455) (-1.46406, -1.61848) 
(1.80437, 1.96924) (-2.09618, 0.353815) (1.626, -1.71312) (-1.6385, 2.04689) (-2.97537, 2.2455) (-1.41658, -1.6179) 
(1.73174, 1.94222) (-2.09618, 0.353815) (1.55941, -1.71759) (-1.57884, 2.04767) (-2.97537, 2.2455) (-1.35824, -1.61777) 
(1.67683, 1.9288) (-2.09618, 0.353815) (1.51005, -1.73874) (-1.53057, 2.04795) (-2.97537, 2.2455) (-1.31489, -1.61814) 
(1.599, 1.92277) (-2.09618, 0.353815) (1.43409, -1.78093) (-1.46226, 2.04888) (-2.97537, 2.2455) (-1.24696, -1.61727) 
(1.54731, 1.92959) (-2.09618, 0.353815) (1.37018, -1.81567) (-1.41595, 2.04937) (-2.97537, 2.2455) (-1.20036, -1.61597) 
(1.48363, 1.94774) (-2.09618, 0.353815) (1.29682, -1.8481) (-1.35685, 2.04972) (-2.97537, 2.2455) (-1.14053, -1.61523) 
(1.44063, 1.96714) (-2.09618, 0.353815) (1.24019, -1.85535) (-1.31433, 2.0498) (-2.97537, 2.2455) (-1.10074, -1.61496) 
(1.42158, 1.97752) (-2.09618, 0.353815) (1.2174, -1.85449) (-1.29649, 2.05035) (-2.97537, 2.2455) (-1.08238, -1.61473) 
(1.31465, 2.0614) (-2.09618, 0.353815) (1.10734, -1.84906) (-1.19407, 2.05163) (-2.97537, 2.2455) (-0.976758, -1.61502) 
(1.25272, 2.11368) (-2.09618, 0.353815) (1.03632, -1.8363) (-1.13211, 2.05142) (-2.97537, 2.2455) (-0.923785, -1.61481) 
(1.22827, 2.13296) (-2.09618, 0.353815) (1.00898, -1.82556) (-1.10758, 2.05071) (-2.97537, 2.2455) (-0.906213, -1.61359) 
(1.16009, 2.17862) (-2.09618, 0.353815) (0.939995, -1.79022) (-1.04223, 2.05248) (-2.97537, 2.2455) (-0.859148, -1.6089) 
(1.08129, 2.21478) (-2.09618, 0.353815) (0.854289, -1.74561) (-0.968494, 2.05194) (-2.97537, 2.2455) (-0.801975, -1.59624) 
(1.01743, 2.23294) (-2.09618, 0.353815) (0.786836, -1.73009) (-0.907949, 2.05239) (-2.97537, 2.2455) (-0.761399, -1.58661) 
(0.966635, 2.24071) (-2.09618, 0.353815) (0.736359, -1.72576) (-0.860982, 2.05285) (-2.97537, 2.2455) (-0.729461, -1.58438) 
(0.897997, 2.24296) (-2.09618, 0.353815) (0.672333, -1.73217) (-0.801105, 2.05341) (-2.97537, 2.2455) (-0.69073, -1.58523) 
(0.854517, 2.23928) (-2.09618, 0.353815) (0.63588, -1.73445) (-0.763985, 2.05277) (-2.97537, 2.2455) (-0.66807, -1.5926) 
(0.780101, 2.22893) (-2.09618, 0.353815) (0.573492, -1.74125) (-0.707427, 2.0529) (-2.97537, 2.2455) (-0.633683, -1.60208) 
(0.687242, 2.21681) (-2.09618, 0.353815) (0.495588, -1.7581) (-0.634454, 2.04831) (-2.97537, 2.2455) (-0.590728, -1.60812) 
(0.633981, 2.2137) (-2.09618, 0.353815) (0.440359, -1.77574) (-0.595473, 2.04577) (-2.97537, 2.2455) (-0.577488, -1.61053) 
(0.593708, 2.2149) (-2.09618, 0.353815) (0.397642, -1.79114) (-0.562465, 2.04042) (-2.97537, 2.2455) (-0.565854, -1.60579) 
(0.51747, 2.23007) (-2.09618, 0.353815) (0.301822, -1.83119) (-0.509028, 2.02774) (-2.97537, 2.2455) (-0.539347, -1.59588) 
(0.461591, 2.24948) (-2.09618, 0.353815) (0.237885, -1.86216) (-0.469833, 2.00775) (-2.97537, 2.2455) (-0.523783, -1.58597) 
(0.402962, 2.27873) (-2.09618, 0.353815) (0.172657, -1.88787) (-0.432195, 1.98686) (-2.97537, 2.2455) (-0.508749, -1.57269) 
(0.347367, 2.31875) (-2.09618, 0.353815) (0.118018, -1.90233) (-0.396653, 1.96286) (-2.97537, 2.2455) (-0.490299, -1.55769) 
(0.306236, 2.35358) (-2.09618, 0.353815) (0.0745523, -1.90841) (-0.376221, 1.94798) (-2.97537, 2.2455) (-0.47308, -1.54135) 
(0.255025, 2.39317) (-2.09618, 0.353815) (0.0234352, -1.91127) (-0.342124, 1.9321) (-2.97537, 2.2455) (-0.446842, -1.52545) 
(0.198069, 2.42861) (-2.09618, 0.353815) (-0.0267549, -1.90821) (-0.305459, 1.9165) (-2.97537, 2.2455) (-0.412763, -1.50538) 
(0.147186, 2.44929) (-2.09618, 0.353815) (-0.0641443, -1.90069) (-0.279397, 1.91593) (-2.97537, 2.2455) (-0.380948, -1.4889) 
(0.0852189, 2.46232) (-2.09618, 0.353815) (-0.110897, -1.8836) (-0.244712, 1.91602) (-2.97537, 2.2455) (-0.355176, -1.47464) 
(0.0420137, 2.46458) (-2.09618, 0.353815) (-0.140165, -1.87661) (-0.221506, 1.924) (-2.97537, 2.2455) (-0.335226, -1.45679) 
(-0.026827, 2.45516) (-2.09618, 0.353815) (-0.183686, -1.8716) (-0.187959, 1.93282) (-2.97537, 2.2455) (-0.306738, -1.42708) 
(-0.0775635, 2.43846) (-2.09618, 0.353815) (-0.206652, -1.87553) (-0.156251, 1.93656) (-2.97537, 2.2455) (-0.297238, -1.40331) 
(-0.141853, 2.40622) (-2.09618, 0.353815) (-0.216582, -1.89071) (-0.107761, 1.93719) (-2.97537, 2.2455) (-0.291715, -1.38064) 
(-0.193245, 2.37629) (-2.09618, 0.353815) (-0.209702, -1.90944) (-0.0801402, 1.93615) (-2.97537, 2.2455) (-0.284798, -1.35516) 
(-0.251346, 2.33889) (-2.09618, 0.353815) (-0.20454, -1.93039) (-0.0460405, 1.9278) (-2.97537, 2.2455) (-0.27351, -1.32649) 
(-0.251409, 2.33876) (-2.09618, 0.353815) (-0.204451, -1.93046) (-0.0460044, 1.92778) (-2.97537, 2.2455) (-0.273511, -1.32644) 
(-0.340783, 2.28926) (-2.09618, 0.353815) (-0.23347, -1.95646) (0.02227, 1.91731) (-2.97537, 2.2455) (-0.250772, -1.291) 
(-0.392331, 2.28136) (-2.09618, 0.353815) (-0.279968, -1.95533) (0.0544469, 1.91667) (-2.97537, 2.2455) (-0.232776, -1.27462) 
(-0.44456, 2.28163) (-2.09618, 0.353815) (-0.324783, -1.94271) (0.0868058, 1.92429) (-2.97537, 2.2455) (-0.214061, -1.26426) 
(-0.495694, 2.2866) (-2.09618, 0.353815) (-0.363755, -1.92954) (0.116898, 1.92965) (-2.97537, 2.2455) (-0.194262, -1.25766) 
(-0.559286, 2.29992) (-2.09618, 0.353815) (-0.410951, -1.91512) (0.162115, 1.93662) (-2.97537, 2.2455) (-0.170046, -1.25348) 
(-0.616183, 2.31564) (-2.09618, 0.353815) (-0.453086, -1.89949) (0.201738, 1.94375) (-2.97537, 2.2455) (-0.147957, -1.25431) 
(-0.67807, 2.33167) (-2.09618, 0.353815) (-0.503805, -1.87417) (0.240518, 1.94723) (-2.97537, 2.2455) (-0.124605, -1.2589) 
(-0.746951, 2.34495) (-2.09618, 0.353815) (-0.578041, -1.83432) (0.290869, 1.94844) (-2.97537, 2.2455) (-0.0984566, -1.26798) 
(-0.791739, 2.34906) (-2.09618, 0.353815) (-0.634723, -1.80964) (0.33144, 1.94932) (-2.97537, 2.2455) (-0.0831148, -1.27286) 
(-0.804448, 2.34906) (-2.09618, 0.353815) (-0.649418, -1.80344) (0.34489, 1.94954) (-2.97537, 2.2455) (-0.0771918, -1.27519) 
(-0.891744, 2.33794) (-2.09618, 0.353815) (-0.746954, -1.77532) (0.441314, 1.9506) (-2.97537, 2.2455) (-0.0258518, -1.29129) 
(-0.935852, 2.32495) (-2.09618, 0.353815) (-0.792, -1.77222) (0.497273, 1.95248) (-2.97537, 2.2455) (0.00270262, -1.29754) 
(-0.967235, 2.31328) (-2.09618, 0.353815) (-0.820616, -1.77684) (0.543565, 1.95547) (-2.97537, 2.2455) (0.0280313, -1.30086) 
(-0.987959, 2.30432) (-2.09618, 0.353815) (-0.836842, -1.78633) (0.575816, 1.95746) (-2.97537, 2.2455) (0.0477306, -1.30249) 
(-1.02918, 2.28029) (-2.09618, 0.353815) (-0.866855, -1.81032) (0.634877, 1.96196) (-2.97537, 2.2455) (0.0864742, -1.30507) 
(-1.08578, 2.24262) (-2.09618, 0.353815) (-0.927081, -1.84084) (0.714859, 1.96818) (-2.97537, 2.2455) (0.141689, -1.31086) 
(-1.14001, 2.20887) (-2.09618, 0.353815) (-0.995759, -1.86062) (0.776059, 1.97231) (-2.97537, 2.2455) (0.188864, -1.31718) 
(-1.19514, 2.18364) (-2.09618, 0.353815) (-1.06616, -1.87244) (0.837222, 1.97475) (-2.97537, 2.2455) (0.236791, -1.32717) 
(-1.23437, 2.17282) (-2.09618, 0.353815) (-1.11626, -1.87654) (0.881258, 1.97792) (-2.97537, 2.2455) (0.271148, -1.33486) 
(-1.28304, 2.16883) (-2.09618, 0.353815) (-1.17834, -1.86887) (0.9337, 1.98098) (-2.97537, 2.2455) (0.31539, -1.34383) 
(-1.35455, 2.17551) (-2.09618, 0.353815) (-1.25834, -1.85052) (1.01172, 1.98553) (-2.97537, 2.2455) (0.380824, -1.3574) 
(-1.40159, 2.18614) (-2.09618, 0.353815) (-1.31068, -1.82968) (1.06219, 1.98844) (-2.97537, 2.2455) (0.423128, -1.36451) 
(-1.46511, 2.20719) (-2.09618, 0.353815) (-1.36508, -1.78349) (1.12956, 1.99181) (-2.97537, 2.2455) (0.477463, -1.37421) 
(-1.50106, 2.22136) (-2.09618, 0.353815) (-1.3923, -1.75371) (1.16515, 1.99449) (-2.97537, 2.2455) (0.506924, -1.37876) 
(-1.5891, 2.25832) (-2.09618, 0.353815) (-1.46457, -1.68323) (1.24742, 1.99898) (-2.97537, 2.2455) (0.578842, -1.39034) 
(-1.64516, 2.28104) (-2.09618, 0.353815) (-1.50665, -1.63695) (1.30199, 2.0019) (-2.97537, 2.2455) (0.627437, -1.39812) 
(-1.70403, 2.3007) (-2.09618, 0.353815) (-1.56497, -1.5863) (1.3648, 2.00525) (-2.97537, 2.2455) (0.687328, -1.40861) 
(-1.74764, 2.30806) (-2.09618, 0.353815) (-1.62603, -1.56841) (1.41878, 2.00734) (-2.97537, 2.2455) (0.739637, -1.41764) 
(-1.7928, 2.30423) (-2.09618, 0.353815) (-1.69664, -1.5453) (1.4822, 2.00931) (-2.97537, 2.2455) (0.802709, -1.4296) 
(-1.82907, 2.29275) (-2.09618, 0.353815) (-1.75943, -1.52497) (1.54086, 2.0125) (-2.97537, 2.2455) (0.858517, -1.43888) 
(-1.85808, 2.27527) (-2.09618, 0.353815) (-1.80951, -1.5055) (1.59522, 2.01436) (-2.97537, 2.2455) (0.908576, -1.44815) 
(-1.88564, 2.24812) (-2.09618, 0.353815) (-1.86053, -1.49331) (1.65639, 2.017) (-2.97537, 2.2455) (0.962746, -1.45849) 
(-1.91141, 2.21903) (-2.09618, 0.353815) (-1.89684, -1.50224) (1.71272, 2.02011) (-2.97537, 2.2455) (1.01086, -1.46691) 
(-1.93399, 2.19723) (-2.09618, 0.353815) (-1.92314, -1.50977) (1.75632, 2.02092) (-2.97537, 2.2455) (1.05102, -1.47413) 
(-1.97399, 2.15864) (-2.09618, 0.353815) (-1.95865, -1.54879) (1.84566, 2.02597) (-2.97537, 2.2455) (1.13466, -1.48905) 
(-1.99882, 2.13901) (-2.09618, 0.353815) (-1.97453, -1.5832) (1.89656, 2.02889) (-2.97537, 2.2455) (1.1825, -1.4971) 
(-2.03029, 2.11866) (-2.09618, 0.353815) (-1.9936, -1.62895) (1.95906, 2.03155) (-2.97537, 2.2455) (1.23831, -1.50676) 
(-2.06342, 2.09932) (-2.09618, 0.353815) (-1.9992, -1.6735) (2.02457, 2.03594) (-2.97537, 2.2455) (1.2971, -1.51766) 
(-2.09904, 2.08139) (-2.09618, 0.353815) (-2.01121, -1.72006) (2.08271, 2.03904) (-2.97537, 2.2455) (1.35109, -1.52771) 
(-2.13231, 2.06688) (-2.09618, 0.353815) (-2.01537, -1.7534) (2.12997, 2.0414) (-2.97537, 2.2455) (1.40223, -1.53733) 
(-2.16952, 2.0498) (-2.09618, 0.353815) (-2.0088, -1.7803) (2.18805, 2.04508) (-2.97537, 2.2455) (1.45844, -1.54712) 
(-2.21011, 2.02902) (-2.09618, 0.353815) (-2.0197, -1.80986) (2.23014, 2.0484) (-2.97537, 2.2455) (1.52175, -1.55916) 
(-2.23703, 2.01247) (-2.09618, 0.353815) (-2.02413, -1.8232) (2.23264, 2.04705) (-2.97537, 2.2455) (1.56731, -1.56701) 
(-2.25457, 2.001) (-2.09618, 0.353815) (-2.02943, -1.82893) (2.22598, 2.04738) (-2.97537, 2.2455) (1.60457, -1.57348) 
(-2.27939, 1.98701) (-2.09618, 0.353815) (-2.0422, -1.82216) (2.22429, 2.04733) (-2.97537, 2.2455) (1.68109, -1.58809) 
(-2.28759, 1.98688) (-2.09618, 0.353815) (-2.05024, -1.81481) (2.23195, 2.04717) (-2.97537, 2.2455) (1.74132, -1.60027) 
(-2.28862, 1.99481) (-2.09618, 0.353815) (-2.06213, -1.80915) (2.23065, 2.04789) (-2.97537, 2.2455) (1.79436, -1.60998) 
(-2.28751, 2.0088) (-2.09618, 0.353815) (-2.06746, -1.80049) (2.23036, 2.04754) (-2.97537, 2.2455) (1.85566, -1.62244) 
(-2.28523, 2.02803) (-2.09618, 0.353815) (-2.06174, -1.79355) (2.23058, 2.04752) (-2.97537, 2.2455) (1.91139, -1.63371) 
(-2.2844, 2.03358) (-2.09618, 0.353815) (-2.06001, -1.79238) (2.2304, 2.04747) (-2.97537, 2.2455) (1.92559, -1.63649) 
(-2.27403, 2.0766) (-2.09618, 0.353815) (-2.06406, -1.78443) (2.23036, 2.04759) (-2.97537, 2.2455) (2.02515, -1.65583) 
(-2.26805, 2.09791) (-2.09618, 0.353815) (-2.06602, -1.78618) (2.23034, 2.04747) (-2.97537, 2.2455) (2.07688, -1.66618) 
(-2.26341, 2.11514) (-2.09618, 0.353815) (-2.06713, -1.77552) (2.23036, 2.04745) (-2.97537, 2.2455) (2.13372, -1.67736) 
(-2.26273, 2.11761) (-2.09618, 0.353815) (-2.06707, -1.76981) (2.23032, 2.04749) (-2.97537, 2.2455) (2.15093, -1.68085) 
(-2.27301, 2.11616) (-2.09618, 0.353815) (-2.06441, -1.74201) (2.23032, 2.04753) (-2.97537, 2.2455) (2.23516, -1.69817) 
(-2.28653, 2.1024) (-2.09618, 0.353815) (-2.05837, -1.73189) (2.23032, 2.04749) (-2.97537, 2.2455) (2.2902, -1.70981) 
(-2.29627, 2.08493) (-2.09618, 0.353815) (-2.05202, -1.72673) (2.23035, 2.04751) (-2.97537, 2.2455) (2.31274, -1.71309) 
(-2.30321, 2.06624) (-2.09618, 0.353815) (-2.04431, -1.73094) (2.23032, 2.04747) (-2.97537, 2.2455) (2.31004, -1.71372) 
(-2.30563, 2.05116) (-2.09618, 0.353815) (-2.03658, -1.74041) (2.23044, 2.04783) (-2.97537, 2.2455) (2.29996, -1.71032) 
(-2.3047, 2.03546) (-2.09618, 0.353815) (-2.02742, -1.74903) (2.23033, 2.04752) (-2.97537, 2.2455) (2.30141, -1.71151) 
(-2.30172, 2.01772) (-2.09618, 0.353815) (-2.02077, -1.76441) (2.23031, 2.04753) (-2.97537, 2.2455) (2.3086, -1.71316) 
(-2.30056, 2.00491) (-2.09618, 0.353815) (-2.01631, -1.78065) (2.23034, 2.0475) (-2.97537, 2.2455) (2.31084, -1.71355) 
(-2.30179, 1.9979) (-2.09618, 0.353815) (-2.00451, -1.79666) (2.23033, 2.04754) (-2.97537, 2.2455) (2.31064, -1.71324) 
(-2.3039, 1.99371) (-2.09618, 0.353815) (-1.98814, -1.81222) (2.23033, 2.04751) (-2.97537, 2.2455) (2.31103, -1.71352) 
(-2.3045, 1.98763) (-2.09618, 0.353815) (-1.95188, -1.83437) (2.23032, 2.04748) (-2.97537, 2.2455) (2.31076, -1.71341) 
(-2.30394, 1.98431) (-2.09618, 0.353815) (-1.92558, -1.8473) (2.23031, 2.04752) (-2.97537, 2.2455) (2.31096, -1.71344) 
(-2.30355, 1.98377) (-2.09618, 0.353815) (-1.91837, -1.8507) (2.23033, 2.04745) (-2.97537, 2.2455) (2.31079, -1.71338) 
(-2.30208, 1.98059) (-2.09618, 0.353815) (-1.84296, -1.85894) (2.23033, 2.04754) (-2.97537, 2.2455) (2.31082, -1.7134) 
(-2.30208, 1.98061) (-2.09618, 0.353815) (-1.84301, -1.85888) (2.23033, 2.04754) (-2.97537, 2.2455) (2.31082, -1.71339) 
(-2.30052, 1.98078) (-2.09618, 0.353815) (-1.75201, -1.81893) (2.23032, 2.0475) (-2.97537, 2.2455) (2.31083, -1.71339) 
(-2.30052, 1.98078) (-2.09618, 0.353815) (-1.75198, -1.8188) (2.23032, 2.0475) (-2.97537, 2.2455) (2.31083, -1.71339) 
(-2.29758, 1.98209) (-2.09618, 0.353815) (-1.65, -1.76933) (2.23032, 2.04751) (-2.97537, 2.2455) (2.31087, -1.7134) 
(-2.29757, 1.9821) (-2.09618, 0.353815) (-1.65005, -1.7694) (2.23032, 2.04751) (-2.97537, 2.2455) (2.31086, -1.7134) 
(-2.29649, 1.98438) (-2.09618, 0.353815) (-1.57368, -1.75464) (2.2304, 2.04796) (-2.97537, 2.2455) (2.31084, -1.71341) 
(-2.2965, 1.98438) (-2.09618, 0.353815) (-1.57384, -1.75471) (2.2304, 2.04796) (-2.97537, 2.2455) (2.31084, -1.71341) 
(-2.29952, 1.98789) (-2.09618, 0.353815) (-1.46854, -1.79003) (2.23046, 2.04788) (-2.97537, 2.2455) (2.31083, -1.71341) 
