(2.33648, -1.65247) (-2.0671, -1.70163) (0.030721, 2.40866) (-2.1213, 1.85591) (2.08007, 1.9243) (0.0547023, -2.05747) 
(2.34599, -1.64397) (-2.06534, -1.70157) (0.021851, 2.40876) (-2.12131, 1.8559) (2.08006, 1.92433) (0.0547369, -2.05748) 
(2.35237, -1.63383) (-2.0628, -1.70227) (0.0172152, 2.41127) (-2.12112, 1.85813) (2.07642, 1.92131) (0.0547708, -2.05971) 
(2.34403, -1.62658) (-2.05926, -1.70326) (0.0151233, 2.4177) (-2.11282, 1.85069) (2.07029, 1.91565) (0.0547772, -2.05138) 
(2.31575, -1.61822) (-2.05594, -1.70383) (0.0131598, 2.42417) (-2.10071, 1.84237) (2.06596, 1.90783) (0.0546332, -2.03927) 
(2.29328, -1.60542) (-2.05223, -1.70469) (0.0114425, 2.4276) (-2.09087, 1.83494) (2.0602, 1.90083) (0.0538668, -2.02322) 
(2.26507, -1.58562) (-2.04785, -1.70447) (0.00870767, 2.42714) (-2.08031, 1.82971) (2.05299, 1.89157) (0.0541061, -2.00932) 
(2.22076, -1.56487) (-2.04403, -1.70204) (0.00437937, 2.42463) (-2.06513, 1.81763) (2.04307, 1.87936) (0.0528634, -1.99197) 
(2.17444, -1.55163) (-2.04256, -1.69696) (0.00124786, 2.42368) (-2.04748, 1.80518) (2.02688, 1.8673) (0.0527553, -1.9778) 
(2.14743, -1.54745) (-2.04402, -1.69343) (7.11566e-05, 2.42377) (-2.04065, 1.79963) (2.02053, 1.86006) (0.0526707, -1.96832) 
(2.05355, -1.54165) (-2.05255, -1.67827) (-0.00283565, 2.4239) (-2.01004, 1.77485) (1.98989, 1.83642) (0.0515487, -1.92725) 
(1.99147, -1.53381) (-2.05918, -1.664) (-0.00632001, 2.42517) (-1.99059, 1.75894) (1.9683, 1.8188) (0.0506808, -1.89818) 
(1.93819, -1.51869) (-2.06549, -1.64511) (-0.011537, 2.42617) (-1.97057, 1.7422) (1.9469, 1.80103) (0.0489699, -1.86835) 
(1.89382, -1.49496) (-2.07071, -1.62377) (-0.0169116, 2.4279) (-1.94729, 1.72376) (1.92422, 1.78194) (0.0482017, -1.84469) 
(1.85027, -1.46416) (-2.07312, -1.59815) (-0.0226352, 2.42919) (-1.9193, 1.70024) (1.89921, 1.76147) (0.0473831, -1.81286) 
(1.8024, -1.42506) (-2.0718, -1.57759) (-0.0271663, 2.42794) (-1.88957, 1.67542) (1.86951, 1.73719) (0.0440711, -1.77346) 
(1.75121, -1.37775) (-2.07114, -1.56138) (-0.029995, 2.42336) (-1.86117, 1.65271) (1.84034, 1.71332) (0.0392497, -1.73436) 
(1.6953, -1.31418) (-2.07152, -1.54549) (-0.0282044, 2.41312) (-1.82591, 1.62376) (1.80559, 1.6826) (0.0333837, -1.69886) 
(1.64973, -1.24852) (-2.07329, -1.53727) (-0.0251671, 2.40236) (-1.79595, 1.5991) (1.77451, 1.6566) (0.0246017, -1.6734) 
(1.63032, -1.21631) (-2.07425, -1.53491) (-0.0229691, 2.39551) (-1.78033, 1.58552) (1.75778, 1.64308) (0.0214734, -1.66467) 
(1.54242, -1.10328) (-2.07581, -1.51501) (-0.011572, 2.35999) (-1.72363, 1.53673) (1.70394, 1.59769) (-0.0019917, -1.62788) 
(1.4764, -1.05637) (-2.06885, -1.49178) (-1.54737e-05, 2.32992) (-1.68468, 1.50615) (1.66212, 1.56347) (-0.0258561, -1.59837) 
(1.40894, -1.01483) (-2.06374, -1.47834) (0.0131346, 2.30061) (-1.64404, 1.47164) (1.62568, 1.53045) (-0.048552, -1.56765) 
(1.34317, -0.978012) (-2.05784, -1.46518) (0.0275991, 2.27182) (-1.60409, 1.43792) (1.58804, 1.49661) (-0.0611691, -1.54552) 
(1.2647, -0.937143) (-2.04235, -1.44686) (0.0472757, 2.23689) (-1.56488, 1.40396) (1.54826, 1.4624) (-0.0746574, -1.51583) 
(1.18497, -0.889319) (-2.01695, -1.42979) (0.0663354, 2.19604) (-1.52317, 1.36983) (1.50833, 1.42691) (-0.0831093, -1.48423) 
(1.11832, -0.838048) (-1.97997, -1.41843) (0.0801122, 2.14976) (-1.48123, 1.33442) (1.4701, 1.39304) (-0.086137, -1.45509) 
(1.06306, -0.781291) (-1.92719, -1.41369) (0.085702, 2.09875) (-1.43727, 1.29948) (1.43138, 1.36024) (-0.0831398, -1.43424) 
(1.02806, -0.74387) (-1.88329, -1.41726) (0.0865991, 2.06648) (-1.40762, 1.27579) (1.40502, 1.33747) (-0.0814673, -1.41973) 
(0.985824, -0.699918) (-1.83027, -1.42691) (0.0844857, 2.03081) (-1.37615, 1.24991) (1.37909, 1.31552) (-0.0736471, -1.39267) 
(0.886929, -0.594243) (-1.72431, -1.42898) (0.0719918, 1.95516) (-1.30792, 1.19645) (1.32632, 1.27034) (-0.0566026, -1.34247) 
(0.815147, -0.513391) (-1.67924, -1.4098) (0.062124, 1.90204) (-1.26252, 1.15948) (1.29426, 1.23302) (-0.0428342, -1.30721) 
(0.752976, -0.445487) (-1.64874, -1.38705) (0.0503997, 1.85622) (-1.21939, 1.12336) (1.2751, 1.19789) (-0.0327978, -1.27825) 
(0.687112, -0.392166) (-1.62179, -1.3702) (0.0349964, 1.81092) (-1.18124, 1.09171) (1.24779, 1.16466) (-0.0265037, -1.25022) 
(0.615477, -0.344321) (-1.58433, -1.34493) (0.0206707, 1.76459) (-1.1328, 1.05205) (1.21645, 1.12396) (-0.0227351, -1.21492) 
(0.549233, -0.299244) (-1.55547, -1.30733) (0.0142765, 1.72328) (-1.09383, 1.01564) (1.18331, 1.09514) (-0.0201115, -1.1835) 
(0.482706, -0.259134) (-1.53023, -1.26264) (0.0140168, 1.68857) (-1.06632, 0.982072) (1.15815, 1.06475) (-0.0148787, -1.14979) 
(0.405255, -0.224763) (-1.50702, -1.21433) (0.0163192, 1.65785) (-1.03951, 0.944885) (1.13346, 1.03377) (-0.00562418, -1.11018) 
(0.307897, -0.190618) (-1.48567, -1.1517) (0.0187737, 1.62139) (-1.02171, 0.897382) (1.11287, 0.995808) (0.00820116, -1.08123) 
(0.269662, -0.17743) (-1.47523, -1.1217) (0.0207446, 1.60422) (-1.01404, 0.874246) (1.10328, 0.977814) (0.0158858, -1.06559) 
(0.163708, -0.118076) (-1.44014, -1.04372) (0.0329047, 1.55252) (-0.996072, 0.814421) (1.08732, 0.930214) (0.0410435, -1.02101) 
(0.103756, -0.066644) (-1.41293, -1.00142) (0.0450542, 1.52302) (-0.984748, 0.771002) (1.07436, 0.900459) (0.0515064, -0.99959) 
(0.03744, -0.00244638) (-1.38344, -0.969213) (0.0613556, 1.49669) (-0.973926, 0.728789) (1.06025, 0.874009) (0.0515071, -0.982439) 
(-0.0293325, 0.0761744) (-1.35316, -0.93596) (0.0810311, 1.47095) (-0.964461, 0.680888) (1.0449, 0.848223) (0.0544307, -0.95847) 
(-0.0953634, 0.169803) (-1.31406, -0.894639) (0.102121, 1.44116) (-0.951924, 0.62314) (1.02739, 0.820882) (0.0530631, -0.930569) 
(-0.152561, 0.240075) (-1.27514, -0.867295) (0.118118, 1.41389) (-0.942006, 0.581087) (1.01031, 0.800846) (0.0492659, -0.904385) 
(-0.226144, 0.315212) (-1.21947, -0.846733) (0.135183, 1.3807) (-0.92993, 0.535422) (0.991059, 0.775263) (0.0477709, -0.872382) 
(-0.289889, 0.371543) (-1.16088, -0.834257) (0.145455, 1.35674) (-0.914211, 0.495168) (0.973951, 0.750305) (0.0472937, -0.846203) 
(-0.359151, 0.427413) (-1.10151, -0.825508) (0.150621, 1.33146) (-0.899757, 0.459679) (0.957786, 0.727618) (0.0490206, -0.822168) 
(-0.389132, 0.450884) (-1.07605, -0.821085) (0.151835, 1.31835) (-0.895821, 0.447338) (0.951106, 0.717261) (0.0510546, -0.81413) 
(-0.492715, 0.528785) (-0.996995, -0.804172) (0.152353, 1.28255) (-0.88622, 0.391616) (0.926907, 0.683083) (0.0605342, -0.781422) 
(-0.584925, 0.594275) (-0.939238, -0.780058) (0.148646, 1.25567) (-0.88402, 0.345543) (0.910043, 0.655818) (0.0660894, -0.756488) 
(-0.657924, 0.653251) (-0.894358, -0.755395) (0.141113, 1.2327) (-0.894374, 0.317466) (0.896416, 0.632787) (0.062067, -0.746544) 
(-0.723472, 0.718904) (-0.847871, -0.732614) (0.131845, 1.20786) (-0.904349, 0.288777) (0.881216, 0.611337) (0.0565842, -0.726181) 
(-0.787109, 0.780759) (-0.80461, -0.70656) (0.121666, 1.1817) (-0.918326, 0.258854) (0.869595, 0.592177) (0.053197, -0.707161) 
(-0.86862, 0.864737) (-0.757375, -0.665283) (0.107038, 1.14934) (-0.933696, 0.230016) (0.855348, 0.572269) (0.0490592, -0.6856) 
(-0.934503, 0.94311) (-0.722185, -0.62274) (0.0925899, 1.11908) (-0.942171, 0.205372) (0.846293, 0.55814) (0.048841, -0.669667) 
(-1.01003, 1.04908) (-0.688277, -0.566347) (0.0751571, 1.08419) (-0.9518, 0.177982) (0.830414, 0.543546) (0.0501937, -0.646294) 
(-1.07503, 1.13897) (-0.651422, -0.501898) (0.0627804, 1.05601) (-0.948804, 0.155238) (0.822133, 0.52349) (0.056543, -0.632196) 
(-1.10616, 1.16875) (-0.635991, -0.477475) (0.0592478, 1.04472) (-0.948045, 0.148651) (0.818308, 0.513251) (0.0585847, -0.626635) 
(-1.22215, 1.24938) (-0.579292, -0.398599) (0.0558985, 1.00903) (-0.935183, 0.11851) (0.805889, 0.480044) (0.0663444, -0.610241) 
(-1.29352, 1.29596) (-0.547584, -0.357173) (0.0592633, 0.990881) (-0.927304, 0.107547) (0.802643, 0.463619) (0.0683336, -0.603007) 
(-1.37072, 1.3408) (-0.514475, -0.316319) (0.0645074, 0.972273) (-0.916965, 0.0994697) (0.799505, 0.447346) (0.0664117, -0.595611) 
(-1.48049, 1.39352) (-0.468034, -0.26398) (0.0730267, 0.950337) (-0.902872, 0.0916319) (0.799006, 0.43783) (0.0629177, -0.58636) 
(-1.57095, 1.43556) (-0.41958, -0.22784) (0.080461, 0.940476) (-0.892961, 0.0863982) (0.794245, 0.425327) (0.0597979, -0.573859) 
(-1.63647, 1.4743) (-0.36206, -0.208101) (0.0882972, 0.932322) (-0.88394, 0.0785619) (0.787646, 0.41732) (0.0572202, -0.560407) 
(-1.6978, 1.52407) (-0.284033, -0.195542) (0.0955079, 0.926142) (-0.872327, 0.0667917) (0.781695, 0.405533) (0.0546693, -0.549387) 
(-1.76465, 1.56649) (-0.208604, -0.184944) (0.100567, 0.920898) (-0.863776, 0.0532214) (0.769831, 0.397489) (0.054305, -0.537255) 
(-1.8452, 1.60691) (-0.138199, -0.173258) (0.10468, 0.91632) (-0.857905, 0.0334175) (0.762166, 0.376724) (0.0569322, -0.531209) 
(-1.88756, 1.6257) (-0.103915, -0.161576) (0.106816, 0.913718) (-0.85516, 0.0233646) (0.75649, 0.370518) (0.0612533, -0.521425) 
(-2.02275, 1.67397) (-0.00768797, -0.102205) (0.116119, 0.90566) (-0.854158, -0.000785351) (0.750512, 0.345946) (0.0719562, -0.493911) 
(-2.10581, 1.69754) (0.0460414, -0.0530382) (0.12264, 0.900376) (-0.854844, -0.0187788) (0.749453, 0.324376) (0.0834995, -0.480263) 
(-2.16765, 1.70526) (0.0895505, 0.00472914) (0.128707, 0.89483) (-0.851753, -0.0393011) (0.754735, 0.302824) (0.100905, -0.462665) 
(-2.19816, 1.70837) (0.116711, 0.067506) (0.132494, 0.890219) (-0.845031, -0.0512651) (0.758548, 0.28383) (0.117759, -0.449957) 
(-2.20098, 1.71414) (0.144271, 0.139109) (0.135644, 0.88575) (-0.838144, -0.0679586) (0.76653, 0.260471) (0.13064, -0.44262) 
(-2.18657, 1.72874) (0.171867, 0.19355) (0.139669, 0.879996) (-0.82669, -0.0816765) (0.773848, 0.235701) (0.13492, -0.435762) 
(-2.16061, 1.75338) (0.205388, 0.245857) (0.14524, 0.873869) (-0.813119, -0.101543) (0.782096, 0.207244) (0.141214, -0.426054) 
(-2.12358, 1.78128) (0.244253, 0.296222) (0.151241, 0.867206) (-0.800137, -0.12056) (0.782654, 0.178707) (0.145972, -0.412478) 
(-2.07907, 1.81633) (0.30058, 0.354943) (0.156982, 0.858077) (-0.787083, -0.14176) (0.784706, 0.145168) (0.150609, -0.395681) 
(-2.06322, 1.83224) (0.329024, 0.380136) (0.159147, 0.854139) (-0.781769, -0.151383) (0.78146, 0.128471) (0.150875, -0.390808) 
(-2.01177, 1.882) (0.465962, 0.466124) (0.165391, 0.835235) (-0.753366, -0.197339) (0.780607, 0.0692745) (0.148372, -0.373426) 
(-1.98904, 1.90263) (0.559977, 0.516491) (0.164196, 0.820999) (-0.736778, -0.224041) (0.778749, 0.0261824) (0.142254, -0.360111) 
(-1.97954, 1.91133) (0.635799, 0.552791) (0.161744, 0.805033) (-0.71974, -0.253886) (0.780347, -0.0112837) (0.135456, -0.349612) 
(-1.98294, 1.91206) (0.710958, 0.609234) (0.157566, 0.780221) (-0.697593, -0.29431) (0.778437, -0.0524663) (0.125496, -0.337027) 
(-1.99857, 1.9063) (0.77243, 0.654919) (0.152175, 0.756491) (-0.67673, -0.33066) (0.778074, -0.0850476) (0.1145, -0.326492) 
(-2.03267, 1.89399) (0.847803, 0.708435) (0.146209, 0.725866) (-0.654148, -0.372078) (0.773454, -0.120596) (0.100103, -0.318315) 
(-2.07483, 1.86855) (0.918662, 0.769496) (0.138143, 0.686446) (-0.627361, -0.413733) (0.768396, -0.15251) (0.0871568, -0.313071) 
(-2.10266, 1.84234) (0.971127, 0.823732) (0.127307, 0.653669) (-0.605388, -0.445746) (0.76332, -0.175308) (0.0762445, -0.308616) 
(-2.1312, 1.80051) (1.03939, 0.90217) (0.107762, 0.60889) (-0.573452, -0.492165) (0.755824, -0.202092) (0.0578646, -0.298726) 
(-2.14399, 1.77349) (1.07613, 0.944358) (0.0974194, 0.584334) (-0.556034, -0.51562) (0.751872, -0.215441) (0.0439959, -0.287764) 
(-2.16412, 1.70757) (1.17844, 1.04311) (0.0809348, 0.5289) (-0.511605, -0.570626) (0.740057, -0.246314) (0.0193887, -0.261657) 
(-2.1707, 1.69027) (1.25178, 1.09573) (0.0791476, 0.492525) (-0.484184, -0.603756) (0.726105, -0.267021) (0.00820868, -0.249026) 
(-2.17503, 1.69602) (1.32442, 1.14698) (0.0801165, 0.462898) (-0.453134, -0.633052) (0.710473, -0.286035) (-0.0113087, -0.236193) 
(-2.17767, 1.71455) (1.39513, 1.19299) (0.0856415, 0.442236) (-0.424993, -0.656591) (0.696582, -0.305022) (-0.0271608, -0.228605) 
(-2.17894, 1.74614) (1.48207, 1.23879) (0.100823, 0.418169) (-0.388297, -0.684405) (0.680869, -0.326338) (-0.0425934, -0.223372) 
(-2.17626, 1.77494) (1.55987, 1.27344) (0.116331, 0.399522) (-0.360036, -0.704942) (0.669657, -0.343514) (-0.0608362, -0.214643) 
(-2.16888, 1.80181) (1.65153, 1.31599) (0.135361, 0.384579) (-0.31862, -0.729524) (0.658179, -0.361213) (-0.0888053, -0.203795) 
(-2.15854, 1.82142) (1.73192, 1.35392) (0.156757, 0.365233) (-0.273211, -0.755954) (0.6476, -0.3792) (-0.116018, -0.185489) 
(-2.14762, 1.83487) (1.79671, 1.39396) (0.178913, 0.340908) (-0.231353, -0.778508) (0.636332, -0.395952) (-0.136479, -0.168905) 
(-2.14222, 1.8399) (1.82465, 1.4152) (0.189994, 0.327015) (-0.209869, -0.789539) (0.630752, -0.4044) (-0.145767, -0.158601) 
(-2.12768, 1.85114) (1.89491, 1.47891) (0.214828, 0.286466) (-0.138549, -0.82565) (0.620096, -0.420783) (-0.178905, -0.122029) 
(-2.11948, 1.85449) (1.94153, 1.52656) (0.226117, 0.256367) (-0.0909058, -0.849489) (0.609742, -0.434706) (-0.198055, -0.0947719) 
(-2.1138, 1.85588) (1.98566, 1.58964) (0.23202, 0.222168) (-0.0404751, -0.872798) (0.596191, -0.441941) (-0.221563, -0.0633373) 
(-2.11025, 1.85579) (2.01519, 1.64545) (0.231065, 0.191184) (0.00292035, -0.892727) (0.579581, -0.451903) (-0.241014, -0.036752) 
(-2.10728, 1.85506) (2.04821, 1.7061) (0.222899, 0.148713) (0.0579476, -0.916144) (0.55901, -0.455282) (-0.267672, -0.00400717) 
(-2.10455, 1.85445) (2.07596, 1.75248) (0.211385, 0.110601) (0.103258, -0.93593) (0.532991, -0.458888) (-0.291856, 0.0288322) 
(-2.10238, 1.85253) (2.11613, 1.79705) (0.194431, 0.070383) (0.15064, -0.955805) (0.506807, -0.454985) (-0.31662, 0.0670404) 
(-2.10119, 1.85054) (2.15906, 1.83991) (0.17194, 0.0344624) (0.198419, -0.975626) (0.484575, -0.458873) (-0.332029, 0.100843) 
(-2.10102, 1.84841) (2.1942, 1.89112) (0.147583, -0.00181591) (0.249079, -0.995397) (0.460446, -0.457994) (-0.346145, 0.142828) 
(-2.10136, 1.84785) (2.20864, 1.91988) (0.138271, -0.0159147) (0.271718, -1.00304) (0.451387, -0.462078) (-0.349057, 0.160796) 
(-2.10317, 1.84657) (2.24245, 2.01359) (0.121007, -0.055269) (0.338722, -1.02294) (0.423727, -0.473167) (-0.353083, 0.212689) 
(-2.10493, 1.84521) (2.26168, 2.08227) (0.11158, -0.0825085) (0.388943, -1.03562) (0.409661, -0.481895) (-0.349843, 0.251518) 
(-2.10675, 1.84454) (2.27249, 2.13843) (0.103796, -0.103943) (0.441402, -1.04898) (0.395578, -0.496575) (-0.340746, 0.28722) 
(-2.10782, 1.84412) (2.28184, 2.1778) (0.0987678, -0.123512) (0.484096, -1.06161) (0.382097, -0.513298) (-0.330415, 0.323679) 
(-2.10776, 1.84398) (2.27872, 2.20704) (0.0947806, -0.143296) (0.536318, -1.0781) (0.372066, -0.533268) (-0.316981, 0.366645) 
(-2.10694, 1.84416) (2.26766, 2.21438) (0.0937583, -0.161898) (0.58116, -1.09333) (0.364775, -0.551539) (-0.30496, 0.398538) 
(-2.10579, 1.84471) (2.26174, 2.19555) (0.0964714, -0.186704) (0.632104, -1.11232) (0.364035, -0.572175) (-0.298436, 0.437541) 
(-2.10546, 1.84543) (2.2667, 2.16451) (0.101285, -0.208824) (0.678371, -1.12809) (0.362455, -0.58717) (-0.29249, 0.471132) 
(-2.10497, 1.84663) (2.28528, 2.11185) (0.111573, -0.245522) (0.740857, -1.14936) (0.363783, -0.617639) (-0.288956, 0.512692) 
(-2.1047, 1.84701) (2.29461, 2.09197) (0.116248, -0.259912) (0.763166, -1.15719) (0.364044, -0.627803) (-0.289637, 0.528648) 
(-2.10406, 1.84844) (2.34012, 2.02325) (0.133559, -0.31756) (0.846583, -1.18441) (0.355757, -0.661833) (-0.290562, 0.59637) 
(-2.10378, 1.84965) (2.36437, 1.98922) (0.1457, -0.357674) (0.898993, -1.20074) (0.354517, -0.683893) (-0.289647, 0.635513) 
(-2.103, 1.85133) (2.37553, 1.95747) (0.155512, -0.405695) (0.957949, -1.21936) (0.351992, -0.705435) (-0.286171, 0.681992) 
(-2.10261, 1.85332) (2.37887, 1.94979) (0.159018, -0.453489) (1.01647, -1.23731) (0.356285, -0.731334) (-0.275729, 0.72894) 
(-2.10241, 1.85526) (2.37958, 1.94415) (0.15724, -0.489892) (1.06534, -1.25432) (0.363247, -0.749699) (-0.265097, 0.770038) 
(-2.10213, 1.85687) (2.37221, 1.94548) (0.152063, -0.53106) (1.12573, -1.27459) (0.374623, -0.770871) (-0.253824, 0.821598) 
(-2.10171, 1.858) (2.36028, 1.95568) (0.147303, -0.569067) (1.18265, -1.29324) (0.389942, -0.789733) (-0.243672, 0.867382) 
(-2.10111, 1.85956) (2.3497, 1.96553) (0.142736, -0.607962) (1.23789, -1.31101) (0.406703, -0.807633) (-0.236146, 0.914678) 
(-2.09937, 1.86151) (2.34108, 1.97602) (0.136988, -0.646066) (1.29281, -1.32899) (0.426213, -0.827718) (-0.229596, 0.961904) 
(-2.09867, 1.86132) (2.33824, 1.98181) (0.133036, -0.663829) (1.32029, -1.33755) (0.440411, -0.838381) (-0.226709, 0.987346) 
(-2.09867, 1.86132) (2.33824, 1.98181) (0.133036, -0.663828) (1.32029, -1.33755) (0.440412, -0.838381) (-0.226709, 0.987346) 
(-2.09899, 1.85576) (2.32594, 1.99675) (0.0943222, -0.769685) (1.46029, -1.38432) (0.509401, -0.8828) (-0.209128, 1.13478) 
(-2.09949, 1.8549) (2.32132, 1.99807) (0.0729512, -0.812172) (1.51502, -1.4027) (0.543753, -0.897475) (-0.20031, 1.19123) 
(-2.10051, 1.85482) (2.31958, 2.00026) (0.0609187, -0.849673) (1.56524, -1.42024) (0.575002, -0.906045) (-0.191235, 1.23987) 
(-2.10225, 1.8548) (2.31761, 2.00109) (0.0599803, -0.900928) (1.62432, -1.44034) (0.604416, -0.908653) (-0.180969, 1.29678) 
(-2.10365, 1.85487) (2.31644, 2.00269) (0.066217, -0.947245) (1.67534, -1.4581) (0.63054, -0.914575) (-0.172031, 1.34763) 
(-2.10473, 1.85471) (2.31564, 2.00571) (0.075856, -0.996984) (1.72119, -1.47363) (0.650405, -0.915469) (-0.160479, 1.397) 
(-2.10528, 1.85446) (2.31524, 2.00883) (0.0907898, -1.04976) (1.76761, -1.49028) (0.667446, -0.922877) (-0.152293, 1.44893) 
(-2.10549, 1.85539) (2.31586, 2.01065) (0.11781, -1.11761) (1.82285, -1.50956) (0.687586, -0.936598) (-0.140767, 1.51432) 
(-2.10539, 1.85592) (2.31718, 2.01112) (0.131446, -1.14616) (1.84596, -1.51772) (0.697761, -0.943463) (-0.136081, 1.54127) 
(-2.10084, 1.84938) (2.32396, 2.01152) (0.173673, -1.24509) (1.8927, -1.53327) (0.722674, -0.965616) (-0.120694, 1.62846) 
(-2.09523, 1.84227) (2.32872, 2.01252) (0.188243, -1.30153) (1.88846, -1.53273) (0.740683, -0.975509) (-0.111459, 1.67859) 
(-2.09089, 1.83771) (2.33263, 2.01294) (0.199106, -1.36273) (1.88244, -1.52979) (0.761628, -0.983984) (-0.101489, 1.73671) 
(-2.09039, 1.83803) (2.33479, 2.0122) (0.20626, -1.4169) (1.88969, -1.53264) (0.784775, -0.98823) (-0.0914192, 1.79607) 
(-2.09184, 1.84102) (2.33576, 2.01304) (0.20831, -1.47804) (1.8909, -1.53329) (0.805264, -0.986778) (-0.0796638, 1.8611) 
(-2.09372, 1.84456) (2.33476, 2.01346) (0.205337, -1.52816) (1.89046, -1.53306) (0.82336, -0.986506) (-0.0684112, 1.91574) 
(-2.09572, 1.84762) (2.33336, 2.01312) (0.198958, -1.57829) (1.89109, -1.5332) (0.84169, -0.989879) (-0.0579892, 1.96904) 
(-2.09884, 1.85043) (2.33102, 2.01227) (0.186838, -1.64902) (1.89079, -1.53315) (0.868527, -0.984537) (-0.0460933, 2.03437) 
(-2.10085, 1.85168) (2.32904, 2.01126) (0.175523, -1.71057) (1.8907, -1.53318) (0.887254, -0.979932) (-0.0365072, 2.08701) 
(-2.10215, 1.85209) (2.32792, 2.01054) (0.16678, -1.74785) (1.89075, -1.53311) (0.899658, -0.973173) (-0.0304174, 2.12018) 
(-2.1055, 1.85206) (2.32509, 2.00519) (0.161107, -1.82992) (1.89078, -1.53313) (0.928472, -0.954273) (-0.0131187, 2.20067) 
(-2.10727, 1.85198) (2.32357, 2.00173) (0.167918, -1.87475) (1.89079, -1.53314) (0.945447, -0.936563) (-0.00141834, 2.25301) 
(-2.1089, 1.8509) (2.32263, 1.99913) (0.174038, -1.91356) (1.89078, -1.53317) (0.957669, -0.917141) (0.00575083, 2.28072) 
(-2.11042, 1.84963) (2.3217, 1.99809) (0.179297, -1.95137) (1.89076, -1.53315) (0.966486, -0.897531) (0.00593477, 2.27997) 
(-2.1118, 1.84769) (2.32037, 1.99744) (0.188131, -1.9921) (1.8908, -1.53314) (0.972786, -0.872142) (0.00375427, 2.27222) 
(-2.11211, 1.84576) (2.32036, 1.99729) (0.197589, -2.02478) (1.89079, -1.53317) (0.971856, -0.853463) (0.00444716, 2.27537) 
(-2.11239, 1.8437) (2.32096, 1.9972) (0.211994, -2.06181) (1.89077, -1.53316) (0.97186, -0.834062) (0.00503046, 2.27864) 
(-2.11278, 1.84257) (2.32248, 1.99675) (0.225849, -2.08783) (1.89079, -1.53316) (0.963434, -0.82393) (0.00483918, 2.27757) 
(-2.11318, 1.84191) (2.3245, 1.99568) (0.234687, -2.10212) (1.89077, -1.53314) (0.965036, -0.812789) (0.0049931, 2.27825) 
(-2.11345, 1.84185) (2.3259, 1.9946) (0.235608, -2.10903) (1.89075, -1.53317) (0.96269, -0.806756) (0.00513224, 2.27844) 
(-2.11485, 1.84257) (2.32921, 1.99161) (0.234758, -2.13068) (1.89078, -1.53317) (0.964663, -0.783552) (0.00497993, 2.27812) 
(-2.11503, 1.84293) (2.33063, 1.98983) (0.234287, -2.13893) (1.89076, -1.53315) (0.96916, -0.769037) (0.00500183, 2.27808) 
(-2.11531, 1.84326) (2.33132, 1.98858) (0.235274, -2.15376) (1.89077, -1.53315) (0.975589, -0.756686) (0.00504074, 2.27822) 
(-2.11526, 1.84356) (2.33168, 1.98803) (0.237255, -2.17008) (1.89079, -1.53315) (0.985321, -0.74432) (0.00496109, 2.27805) 
(-2.11503, 1.84394) (2.33285, 1.98755) (0.238198, -2.18779) (1.89077, -1.53316) (0.998638, -0.735379) (0.00499569, 2.27817) 
(-2.11465, 1.84404) (2.3355, 1.98735) (0.229591, -2.1993) (1.89077, -1.53315) (1.01157, -0.725877) (0.00497169, 2.27814) 
(-2.11392, 1.84409) (2.33895, 1.98808) (0.217017, -2.20735) (1.89078, -1.53315) (1.02997, -0.72001) (0.00499731, 2.27808) 
(-2.11276, 1.84401) (2.34224, 1.98983) (0.204026, -2.22463) (1.89077, -1.53316) (1.04779, -0.704207) (0.0050101, 2.27816) 
(-2.11137, 1.84374) (2.34396, 1.99095) (0.19187, -2.24334) (1.89079, -1.53315) (1.06183, -0.689222) (0.00501642, 2.27812) 
(-2.1109, 1.84355) (2.34473, 1.99162) (0.186015, -2.25331) (1.89075, -1.53314) (1.06747, -0.681165) (0.00503183, 2.27815) 
(-2.11045, 1.84331) (2.3468, 1.9937) (0.172635, -2.28076) (1.89076, -1.53315) (1.08277, -0.656482) (0.0050232, 2.27813) 
(-2.1102, 1.84255) (2.34914, 1.99554) (0.163839, -2.29799) (1.89076, -1.53314) (1.08929, -0.634191) (0.00502855, 2.27811) 
(-2.10992, 1.84195) (2.35123, 1.99604) (0.157133, -2.30845) (1.89075, -1.53315) (1.0922, -0.614836) (0.00500315, 2.2781) 
(-2.10989, 1.84141) (2.35289, 1.99609) (0.152163, -2.31003) (1.89077, -1.53315) (1.09203, -0.593314) (0.00502256, 2.27812) 
(-2.10992, 1.84095) (2.35318, 1.99626) (0.149313, -2.29699) (1.89075, -1.53315) (1.08712, -0.569996) (0.0050094, 2.27811) 
(-2.10988, 1.84044) (2.35275, 1.99648) (0.150845, -2.2808) (1.89073, -1.53314) (1.08006, -0.550907) (0.00498237, 2.27809) 
(-2.10979, 1.84003) (2.3514, 1.996) (0.159198, -2.25475) (1.89077, -1.53313) (1.07001, -0.530586) (0.00500506, 2.27811) 
(-2.11016, 1.83988) (2.35014, 1.99517) (0.164742, -2.22754) (1.89078, -1.53315) (1.05852, -0.516088) (0.00500441, 2.2781) 
(-2.11061, 1.83964) (2.34938, 1.99403) (0.17145, -2.18844) (1.89073, -1.53315) (1.04129, -0.499009) (0.00496752, 2.27809) 
(-2.11079, 1.83928) (2.34924, 1.99376) (0.174823, -2.1703) (1.89076, -1.53315) (1.03203, -0.492405) (0.0049926, 2.27808) 
(-2.11037, 1.8382) (2.34796, 1.99297) (0.173781, -2.11453) (1.89074, -1.53315) (1.00454, -0.477274) (0.00500861, 2.27808) 
(-2.11, 1.83743) (2.34726, 1.99351) (0.166824, -2.08982) (1.89075, -1.53316) (0.986346, -0.470457) (0.00497951, 2.2781) 
(-2.10957, 1.83649) (2.34845, 1.99368) (0.160121, -2.07374) (1.89078, -1.53313) (0.964793, -0.469305) (0.00500273, 2.2781) 
(-2.10977, 1.8363) (2.34942, 1.99241) (0.160236, -2.07025) (1.89074, -1.53315) (0.939988, -0.469459) (0.00502314, 2.27811) 
(-2.11097, 1.83779) (2.35045, 1.99109) (0.167344, -2.07907) (1.89078, -1.53314) (0.913165, -0.468566) (0.00499341, 2.27809) 
(-2.11213, 1.83908) (2.35029, 1.99015) (0.178498, -2.09425) (1.89077, -1.53314) (0.890656, -0.469737) (0.00502029, 2.27808) 
(-2.11323, 1.84088) (2.34945, 1.9895) (0.196496, -2.11038) (1.89076, -1.53315) (0.875271, -0.469887) (0.00498855, 2.27808) 
(-2.11427, 1.84179) (2.34796, 1.98912) (0.208985, -2.12448) (1.89076, -1.53316) (0.85933, -0.468846) (0.00500529, 2.27807) 
(-2.11456, 1.84233) (2.34656, 1.98887) (0.204165, -2.13209) (1.89076, -1.53316) (0.845519, -0.4623) (0.00500562, 2.27808) 
(-2.11455, 1.84241) (2.34569, 1.98855) (0.195146, -2.13552) (1.89075, -1.53316) (0.837079, -0.458857) (0.00499288, 2.27807) 
(-2.1148, 1.84235) (2.34356, 1.98655) (0.16281, -2.1398) (1.89075, -1.53314) (0.819387, -0.44752) (0.00501816, 2.27807) 
(-2.1154, 1.8431) (2.34275, 1.98473) (0.133313, -2.13592) (1.89075, -1.53315) (0.807168, -0.437345) (0.00500805, 2.27807) 
(-2.11565, 1.84396) (2.34025, 1.98386) (0.107405, -2.12741) (1.89075, -1.53316) (0.799379, -0.426482) (0.00500011, 2.27807) 
(-2.11683, 1.84512) (2.33634, 1.9836) (0.0808092, -2.11826) (1.89076, -1.53315) (0.790873, -0.412172) (0.00498992, 2.27808) 
(-2.11861, 1.84781) (2.33519, 1.9851) (0.0615224, -2.10668) (1.89075, -1.53314) (0.785901, -0.395594) (0.00499575, 2.27807) 
(-2.1192, 1.84986) (2.33522, 1.98589) (0.052619, -2.10151) (1.89075, -1.53315) (0.78666, -0.380546) (0.00500996, 2.27808) 
(-2.12045, 1.85216) (2.33537, 1.98309) (0.0472547, -2.09953) (1.89075, -1.53315) (0.787638, -0.363821) (0.00500887, 2.27806) 
(-2.12175, 1.85377) (2.33595, 1.97761) (0.0502605, -2.10092) (1.89075, -1.53314) (0.788453, -0.347466) (0.00500757, 2.27807) 
(-2.1227, 1.85681) (2.33434, 1.97457) (0.0547098, -2.09611) (1.89075, -1.53315) (0.786583, -0.323718) (0.00501723, 2.27807) 
(-2.12294, 1.85865) (2.33288, 1.97479) (0.0572262, -2.09275) (1.89075, -1.53315) (0.783027, -0.312031) (0.00498443, 2.27807) 
(-2.12387, 1.86223) (2.33234, 1.97625) (0.0652623, -2.08477) (1.89076, -1.53315) (0.771017, -0.285741) (0.00499547, 2.27807) 
(-2.12448, 1.86299) (2.33346, 1.97696) (0.0692131, -2.0774) (1.89075, -1.53315) (0.758381, -0.268134) (0.00497277, 2.27807) 
(-2.12429, 1.86154) (2.33534, 1.97753) (0.0719785, -2.07193) (1.89075, -1.53316) (0.746789, -0.258733) (0.00498802, 2.27807) 
(-2.1244, 1.85963) (2.33656, 1.97812) (0.0734854, -2.06816) (1.89075, -1.53313) (0.736723, -0.256199) (0.0050081, 2.27808) 
(-2.12477, 1.85804) (2.33691, 1.97811) (0.0749913, -2.0645) (1.89076, -1.53314) (0.726209, -0.244944) (0.00496036, 2.27807) 
(-2.12481, 1.85705) (2.33702, 1.97793) (0.076574, -2.06153) (1.89075, -1.53314) (0.715107, -0.237052) (0.00497719, 2.27807) 
(-2.1251, 1.85637) (2.33723, 1.97715) (0.0783238, -2.05832) (1.89074, -1.53314) (0.708106, -0.223481) (0.00500189, 2.27805) 
(-2.12638, 1.85672) (2.33768, 1.97632) (0.0805968, -2.05592) (1.89075, -1.53315) (0.701271, -0.209523) (0.00498567, 2.27806) 
(-2.12815, 1.85821) (2.33816, 1.97656) (0.0833036, -2.05436) (1.89077, -1.53315) (0.697156, -0.196598) (0.00500484, 2.27806) 
(-2.12955, 1.86025) (2.33875, 1.97681) (0.0849087, -2.05387) (1.89074, -1.53315) (0.694486, -0.187782) (0.00500123, 2.27806) 
(-2.13225, 1.86339) (2.34041, 1.9777) (0.0879445, -2.05385) (1.89074, -1.53314) (0.69377, -0.167888) (0.00496967, 2.27806) 
(-2.13401, 1.8653) (2.34273, 1.97858) (0.0896803, -2.05491) (1.89074, -1.53314) (0.695391, -0.154178) (0.00496415, 2.27806) 
(-2.1356, 1.8666) (2.34562, 1.9801) (0.0907916, -2.05661) (1.89073, -1.53314) (0.699964, -0.138747) (0.00497088, 2.27805) 
(-2.13703, 1.86766) (2.34808, 1.98179) (0.0917818, -2.0569) (1.89076, -1.53314) (0.706791, -0.125048) (0.00497239, 2.27806) 
(-2.1383, 1.86811) (2.3504, 1.98356) (0.0919677, -2.05633) (1.89074, -1.53315) (0.717673, -0.111191) (0.00496424, 2.27805) 
(-2.13973, 1.86837) (2.35219, 1.98491) (0.0912955, -2.0557) (1.89074, -1.53315) (0.726841, -0.101954) (0.00495905, 2.27805) 
(-2.14079, 1.86848) (2.35333, 1.98691) (0.0901612, -2.05461) (1.89078, -1.53315) (0.738707, -0.0936074) (0.00496206, 2.27804) 
(-2.14124, 1.86864) (2.3536, 1.98783) (0.0880422, -2.05206) (1.89073, -1.53313) (0.750129, -0.0876663) (0.00500808, 2.27805) 
(-2.14125, 1.8682) (2.35379, 1.98772) (0.0856957, -2.04976) (1.89074, -1.53313) (0.764228, -0.0830752) (0.00497886, 2.27806) 
(-2.14091, 1.86724) (2.35402, 1.98777) (0.0844159, -2.04897) (1.89078, -1.53314) (0.773716, -0.0848444) (0.00501719, 2.27806) 
(-2.13892, 1.86622) (2.35477, 1.98865) (0.0818337, -2.04768) (1.89074, -1.53314) (0.799342, -0.0829662) (0.00500176, 2.27806) 
(-2.13754, 1.86596) (2.3552, 1.98857) (0.0805542, -2.04673) (1.89077, -1.53315) (0.817471, -0.0881682) (0.00500151, 2.27804) 
(-2.13575, 1.86522) (2.35512, 1.98812) (0.0795955, -2.04499) (1.89072, -1.53313) (0.836792, -0.0861425) (0.00498521, 2.27804) 
(-2.13432, 1.86444) (2.3547, 1.98795) (0.0778381, -2.0435) (1.89073, -1.53314) (0.858222, -0.0848737) (0.00497351, 2.27805) 
(-2.1389, 1.87497) (2.35451, 1.9878) (0.0763739, -2.04254) (1.89076, -1.53314) (0.879424, -0.0776737) (0.00495637, 2.27804) 
(-2.13893, 1.88479) (2.35447, 1.98784) (0.0751191, -2.04177) (1.89075, -1.53315) (0.895821, -0.0711895) (0.00497602, 2.27803) 
(-2.13688, 1.88686) (2.3547, 1.98816) (0.0743198, -2.04124) (1.89072, -1.53314) (0.912977, -0.0610322) (0.00501316, 2.27805) 
(-2.1371, 1.88921) (2.35523, 1.98932) (0.0735721, -2.04125) (1.89075, -1.53314) (0.929429, -0.045131) (0.00498835, 2.27804) 
(-2.13893, 1.89186) (2.35619, 1.99015) (0.0732345, -2.0421) (1.89072, -1.53313) (0.943897, -0.0293948) (0.00501319, 2.27805) 
(-2.13864, 1.89184) (2.35665, 1.99018) (0.0734087, -2.04278) (1.89071, -1.53315) (0.947997, -0.0216519) (0.00496163, 2.27804) 
(-2.13517, 1.88674) (2.35739, 1.99006) (0.0740431, -2.04474) (1.89077, -1.53314) (0.961379, 0.00753575) (0.00494822, 2.27803) 
(-2.13415, 1.88303) (2.35757, 1.98936) (0.0745391, -2.04614) (1.89073, -1.53313) (0.965749, 0.0331799) (0.00499759, 2.27803) 
(-2.13382, 1.87916) (2.3577, 1.98843) (0.074577, -2.04819) (1.89075, -1.53314) (0.966872, 0.0548295) (0.00499535, 2.27803) 
(-2.13239, 1.87622) (2.35728, 1.98724) (0.0743959, -2.04958) (1.89076, -1.53314) (0.965183, 0.0735151) (0.00499734, 2.27804) 
(-2.13043, 1.87564) (2.35698, 1.98618) (0.0739605, -2.05025) (1.89074, -1.53314) (0.959133, 0.0948225) (0.00495954, 2.27803) 
(-2.12867, 1.8749) (2.3571, 1.98586) (0.0738149, -2.05051) (1.89072, -1.53315) (0.951962, 0.106072) (0.00497798, 2.27803) 
(-2.12624, 1.873) (2.35742, 1.98535) (0.0739161, -2.05064) (1.89074, -1.53315) (0.942144, 0.118651) (0.00495898, 2.27804) 
(-2.12757, 1.87074) (2.35776, 1.98489) (0.0735985, -2.05069) (1.89073, -1.53314) (0.9364, 0.127093) (0.00496513, 2.27804) 
(-2.13247, 1.86256) (2.35784, 1.98537) (0.0736504, -2.05068) (1.89076, -1.53315) (0.929248, 0.142124) (0.00495559, 2.27803) 
(-2.13507, 1.85314) (2.35773, 1.98568) (0.0736228, -2.05064) (1.8907, -1.53313) (0.926635, 0.15138) (0.00500512, 2.27804) 
(-2.12894, 1.8362) (2.35733, 1.98564) (0.0737808, -2.05072) (1.89075, -1.53314) (0.923482, 0.172259) (0.0049865, 2.27804) 
(-2.12179, 1.83241) (2.35604, 1.98442) (0.0743463, -2.05076) (1.89074, -1.53314) (0.924406, 0.188149) (0.00498174, 2.27804) 
(-2.11676, 1.83361) (2.35516, 1.98345) (0.0751536, -2.05179) (1.89073, -1.53314) (0.925432, 0.202952) (0.00495227, 2.27803) 
(-2.1143, 1.83644) (2.35476, 1.98314) (0.075899, -2.0537) (1.89076, -1.53314) (0.931052, 0.216725) (0.00495431, 2.27804) 
(-2.112, 1.83861) (2.35355, 1.98188) (0.0760358, -2.05602) (1.89072, -1.53313) (0.936556, 0.230248) (0.0049909, 2.27804) 
(-2.11097, 1.83991) (2.35198, 1.98071) (0.0759253, -2.05729) (1.89072, -1.53314) (0.946421, 0.242217) (0.00495869, 2.27803) 
(-2.11029, 1.84107) (2.35093, 1.97953) (0.0746697, -2.05788) (1.89075, -1.53314) (0.957301, 0.252763) (0.00497225, 2.27803) 
(-2.11036, 1.84271) (2.35025, 1.97879) (0.073498, -2.0594) (1.89074, -1.53313) (0.971004, 0.261264) (0.00500233, 2.27802) 
(-2.11086, 1.84368) (2.34955, 1.97799) (0.0725468, -2.06131) (1.89075, -1.53314) (0.982568, 0.267024) (0.00502018, 2.27803) 
(-2.11124, 1.84401) (2.34867, 1.97771) (0.0716997, -2.06283) (1.89073, -1.53314) (0.991061, 0.270128) (0.00498026, 2.27803) 
(-2.11258, 1.845) (2.34724, 1.97766) (0.0690699, -2.06458) (1.89073, -1.53313) (1.01432, 0.2751) (0.00497793, 2.27802) 
(-2.11341, 1.84546) (2.34718, 1.9784) (0.0675882, -2.06435) (1.89074, -1.53314) (1.03016, 0.27464) (0.00499984, 2.27803) 
(-2.11478, 1.84612) (2.34837, 1.97884) (0.0666174, -2.0634) (1.89076, -1.53314) (1.0448, 0.273033) (0.00496982, 2.27803) 
(-2.1169, 1.84808) (2.35006, 1.97878) (0.066187, -2.06182) (1.89071, -1.53315) (1.05921, 0.267942) (0.0049598, 2.27803) 
(-2.11883, 1.84963) (2.35222, 1.9783) (0.0659713, -2.05909) (1.89075, -1.53315) (1.07404, 0.2599) (0.00498231, 2.27801) 
(-2.12051, 1.85068) (2.35353, 1.97815) (0.06561, -2.05774) (1.89075, -1.53315) (1.08391, 0.251606) (0.0049535, 2.27802) 
(-2.12243, 1.8512) (2.35478, 1.97808) (0.0655787, -2.05647) (1.89074, -1.53314) (1.09372, 0.238901) (0.00497935, 2.27803) 
(-2.12329, 1.85155) (2.35556, 1.97786) (0.0661346, -2.05513) (1.89075, -1.53315) (1.10178, 0.225448) (0.00497348, 2.27801) 
(-2.1239, 1.8515) (2.35591, 1.97749) (0.0665357, -2.05387) (1.89072, -1.53313) (1.10844, 0.211985) (0.00498623, 2.27803) 
(-2.12462, 1.85114) (2.35585, 1.97755) (0.0665962, -2.05355) (1.89069, -1.53314) (1.11059, 0.204979) (0.00496747, 2.27804) 
(-2.13307, 1.85303) (2.35456, 1.97762) (0.0664706, -2.05068) (1.89073, -1.53314) (1.11406, 0.181599) (0.00498865, 2.27802) 
(-2.13741, 1.84788) (2.35373, 1.97743) (0.066827, -2.04873) (1.89073, -1.53314) (1.11403, 0.167904) (0.00495826, 2.27803) 
(-2.13854, 1.84673) (2.35266, 1.97723) (0.0670498, -2.04741) (1.89073, -1.53314) (1.10851, 0.151497) (0.00497003, 2.27802) 
(-2.13483, 1.84325) (2.3521, 1.97712) (0.0675907, -2.04636) (1.89075, -1.53314) (1.10287, 0.137703) (0.00499418, 2.27803) 
(-2.1264, 1.83284) (2.35084, 1.97693) (0.0682323, -2.04549) (1.89073, -1.53314) (1.09259, 0.123204) (0.00495838, 2.27802) 
(-2.1171, 1.82453) (2.35034, 1.97608) (0.0691499, -2.04503) (1.89074, -1.53314) (1.08157, 0.112473) (0.00496935, 2.27801) 
(-2.11115, 1.82352) (2.35049, 1.9752) (0.0705967, -2.0441) (1.89075, -1.53316) (1.06608, 0.104146) (0.00499049, 2.27802) 
(-2.10773, 1.82519) (2.35073, 1.97518) (0.0717253, -2.04246) (1.89073, -1.53313) (1.04545, 0.0932785) (0.00498036, 2.27802) 
(-2.1038, 1.8255) (2.3508, 1.97503) (0.0724705, -2.04067) (1.89076, -1.53315) (1.02025, 0.0869255) (0.00496403, 2.27802) 
(-2.10316, 1.82676) (2.35067, 1.97475) (0.0725909, -2.03991) (1.89072, -1.53314) (1.00394, 0.0817944) (0.00498099, 2.27802) 
(-2.10986, 1.8333) (2.35054, 1.97389) (0.0718804, -2.03895) (1.89074, -1.53315) (0.96808, 0.0702257) (0.00497704, 2.27802) 
(-2.11347, 1.83494) (2.35023, 1.97383) (0.0710498, -2.03805) (1.89074, -1.53314) (0.942276, 0.0611787) (0.00496416, 2.27801) 
(-2.11673, 1.83375) (2.34941, 1.9737) (0.0704223, -2.03727) (1.89074, -1.53315) (0.906043, 0.0465962) (0.00496312, 2.27803) 
(-2.12256, 1.83537) (2.34856, 1.9732) (0.0701303, -2.03661) (1.89073, -1.53314) (0.876447, 0.0335735) (0.00497284, 2.27802) 
(-2.13016, 1.83735) (2.34857, 1.97279) (0.069576, -2.03648) (1.89074, -1.53315) (0.837686, 0.0129869) (0.00496439, 2.27801) 
(-2.1346, 1.83466) (2.34892, 1.97351) (0.0694825, -2.03674) (1.89073, -1.53315) (0.801022, -0.00662145) (0.00497573, 2.27802) 
(-2.1381, 1.83243) (2.34899, 1.97406) (0.0695574, -2.03729) (1.89074, -1.53315) (0.762765, -0.0265521) (0.00501211, 2.27802) 
(-2.14132, 1.83107) (2.34853, 1.97385) (0.0695326, -2.03832) (1.89074, -1.53313) (0.722655, -0.0490556) (0.00499999, 2.27801) 
(-2.14356, 1.83206) (2.3477, 1.97361) (0.0691472, -2.04039) (1.89073, -1.53314) (0.680521, -0.0713532) (0.00496842, 2.27801) 
(-2.14468, 1.83394) (2.34704, 1.97345) (0.0689751, -2.04189) (1.89074, -1.53315) (0.647491, -0.0877135) (0.00497512, 2.27802) 
(-2.14656, 1.84205) (2.34663, 1.97326) (0.0685174, -2.04484) (1.89073, -1.53315) (0.583932, -0.119035) (0.00497145, 2.27802) 
(-2.14502, 1.84821) (2.34652, 1.97295) (0.0682428, -2.04606) (1.89074, -1.53315) (0.541313, -0.142391) (0.00498946, 2.27801) 
(-2.14069, 1.85198) (2.34663, 1.97252) (0.0680959, -2.04611) (1.89073, -1.53313) (0.49055, -0.171344) (0.00501493, 2.27802) 
(-2.13756, 1.85325) (2.34746, 1.97405) (0.0678389, -2.04536) (1.89075, -1.53315) (0.443762, -0.196412) (0.00500686, 2.27801) 
(-2.13228, 1.85296) (2.35383, 1.98216) (0.0682848, -2.04414) (1.89074, -1.53314) (0.394695, -0.223183) (0.00496439, 2.27802) 
(-2.12942, 1.85313) (2.35798, 1.98799) (0.068939, -2.04252) (1.89074, -1.53314) (0.347382, -0.248056) (0.00498388, 2.27801) 
(-2.12898, 1.85279) (2.36067, 1.99399) (0.0699603, -2.04118) (1.89073, -1.53314) (0.302594, -0.273495) (0.00498425, 2.27802) 
(-2.12915, 1.85393) (2.36359, 1.99588) (0.0710434, -2.0401) (1.89072, -1.53313) (0.256145, -0.297027) (0.00497759, 2.27802) 
(-2.13125, 1.85448) (2.36577, 1.9982) (0.0717909, -2.03977) (1.89075, -1.53315) (0.22409, -0.313839) (0.00496627, 2.27802) 
(-2.13828, 1.85489) (2.37032, 2.0018) (0.0730339, -2.03965) (1.89075, -1.53314) (0.183694, -0.334133) (0.00497228, 2.27803) 
(-2.14256, 1.85349) (2.37512, 2.00513) (0.0741401, -2.03971) (1.89074, -1.53314) (0.11632, -0.370537) (0.00496175, 2.27801) 
(-2.13644, 1.8553) (2.37505, 2.00933) (0.0747236, -2.03936) (1.89074, -1.53313) (0.0594264, -0.399632) (0.00496591, 2.278) 
(-2.13001, 1.85835) (2.37365, 2.01106) (0.0744918, -2.03952) (1.89074, -1.53314) (0.00945224, -0.42533) (0.00497106, 2.27801) 
(-2.1259, 1.86104) (2.36924, 2.01263) (0.0745263, -2.03996) (1.89071, -1.53315) (-0.0349046, -0.447967) (0.00498262, 2.278) 
(-2.12353, 1.863) (2.36446, 2.01254) (0.0745035, -2.04047) (1.89074, -1.53315) (-0.0834246, -0.474651) (0.00497373, 2.27802) 
(-2.12336, 1.86442) (2.35869, 2.00936) (0.0744711, -2.04138) (1.89074, -1.53314) (-0.128162, -0.498734) (0.00497819, 2.27799) 
(-2.12166, 1.86645) (2.34755, 2.00484) (0.0749773, -2.04282) (1.89075, -1.53314) (-0.184501, -0.53034) (0.00494067, 2.27799) 
(-2.12141, 1.86756) (2.3332, 2.0024) (0.075195, -2.04321) (1.89074, -1.53315) (-0.229289, -0.556222) (0.00493129, 2.278) 
(-2.12247, 1.86856) (2.32343, 2.00163) (0.0754607, -2.04286) (1.89071, -1.53314) (-0.276246, -0.582535) (0.00496189, 2.27803) 
(-2.12316, 1.86906) (2.32194, 2.0018) (0.0757124, -2.04267) (1.89075, -1.53313) (-0.304626, -0.598053) (0.00497743, 2.27799) 
(-2.12674, 1.87107) (2.30652, 2.00626) (0.0764209, -2.04099) (1.89071, -1.53315) (-0.379206, -0.639356) (0.00500533, 2.27802) 
(-2.12937, 1.87179) (2.2775, 2.01064) (0.0768042, -2.03973) (1.89073, -1.53314) (-0.424629, -0.663891) (0.00498635, 2.27801) 
(-2.13263, 1.87231) (2.23962, 2.02016) (0.077261, -2.03923) (1.89074, -1.53314) (-0.478791, -0.69376) (0.00497236, 2.27801) 
(-2.13531, 1.87235) (2.2106, 2.02788) (0.0777931, -2.03935) (1.89073, -1.53314) (-0.523741, -0.717513) (0.00496585, 2.27802) 
(-2.13845, 1.87258) (2.18702, 2.03363) (0.078313, -2.04046) (1.89074, -1.53314) (-0.578227, -0.746559) (0.00493934, 2.27801) 
(-2.14205, 1.87159) (2.18056, 2.02547) (0.0796115, -2.04312) (1.89075, -1.53314) (-0.625557, -0.77049) (0.00498029, 2.27801) 
(-2.14602, 1.86995) (2.18925, 2.00846) (0.0838085, -2.04871) (1.89072, -1.53314) (-0.67563, -0.798249) (0.00497068, 2.278) 
(-2.14768, 1.86834) (2.2092, 1.98479) (0.0877356, -2.05312) (1.89075, -1.53313) (-0.729769, -0.827241) (0.0049504, 2.278) 
(-2.14816, 1.86741) (2.22131, 1.9589) (0.0886027, -2.05498) (1.89073, -1.53313) (-0.774575, -0.850835) (0.00495945, 2.278) 
(-2.14845, 1.86682) (2.22718, 1.94264) (0.0884884, -2.05539) (1.89069, -1.53314) (-0.799228, -0.864428) (0.00497945, 2.27801) 
(-2.14914, 1.86525) (2.23878, 1.8949) (0.0855304, -2.05662) (1.89075, -1.53315) (-0.87122, -0.90575) (0.00498558, 2.278) 
(-2.14791, 1.86414) (2.2432, 1.87641) (0.0825102, -2.06009) (1.89071, -1.53314) (-0.925474, -0.935598) (0.00496935, 2.278) 
(-2.1458, 1.86121) (2.24257, 1.87671) (0.080556, -2.06367) (1.89074, -1.53315) (-0.974265, -0.962009) (0.00497794, 2.278) 
(-2.14372, 1.85761) (2.23987, 1.88982) (0.079248, -2.06528) (1.89076, -1.53313) (-1.02089, -0.98756) (0.00495781, 2.278) 
(-2.1421, 1.8535) (2.23865, 1.91051) (0.0794055, -2.06506) (1.89071, -1.53313) (-1.07189, -1.01464) (0.00495996, 2.27801) 
(-2.1416, 1.85064) (2.23724, 1.93209) (0.0805812, -2.06448) (1.89073, -1.53314) (-1.11913, -1.03967) (0.0049712, 2.278) 
(-2.14124, 1.84976) (2.23228, 1.95413) (0.0816823, -2.06458) (1.89074, -1.53313) (-1.17321, -1.06973) (0.00496575, 2.27801) 
(-2.14143, 1.85052) (2.22191, 1.96791) (0.0819697, -2.06424) (1.89072, -1.53315) (-1.22314, -1.09828) (0.00499083, 2.27801) 
(-2.1417, 1.85144) (2.20811, 1.9731) (0.0824956, -2.06311) (1.89072, -1.53313) (-1.27582, -1.12821) (0.00495652, 2.27801) 
(-2.14181, 1.85179) (2.20174, 1.97586) (0.0838968, -2.06181) (1.89074, -1.53314) (-1.3047, -1.14357) (0.00497324, 2.278) 
(-2.14227, 1.85284) (2.17769, 1.98406) (0.0914127, -2.05753) (1.8907, -1.53313) (-1.37354, -1.18308) (0.00496877, 2.27801) 
(-2.14276, 1.85309) (2.16697, 1.99055) (0.0932323, -2.05641) (1.89076, -1.53315) (-1.43003, -1.21563) (0.0049585, 2.27799) 
(-2.14265, 1.85282) (2.16607, 1.99568) (0.0938855, -2.056) (1.89071, -1.53315) (-1.48013, -1.24454) (0.00496535, 2.278) 
(-2.14183, 1.85255) (2.16671, 2.00287) (0.0937787, -2.05493) (1.89072, -1.53314) (-1.52284, -1.26925) (0.00495584, 2.27801) 
(-2.14078, 1.85214) (2.17109, 2.01117) (0.0924399, -2.05324) (1.89073, -1.53314) (-1.58244, -1.3045) (0.00495389, 2.278) 
(-2.13978, 1.85174) (2.17515, 2.01486) (0.0906624, -2.05297) (1.89069, -1.53314) (-1.62989, -1.33008) (0.00496872, 2.27801) 
(-2.13921, 1.85145) (2.17819, 2.01786) (0.0887731, -2.05417) (1.89073, -1.53314) (-1.6812, -1.3571) (0.00495239, 2.278) 
(-2.1387, 1.85143) (2.18258, 2.01941) (0.0878638, -2.05482) (1.89074, -1.53313) (-1.73789, -1.38808) (0.00496367, 2.278) 
(-2.13836, 1.85138) (2.18674, 2.01884) (0.0873249, -2.05512) (1.89075, -1.53313) (-1.77394, -1.40839) (0.00499912, 2.27801) 
(-2.13777, 1.85104) (2.19073, 2.01694) (0.0867661, -2.05655) (1.89073, -1.53314) (-1.81009, -1.42911) (0.00495571, 2.278) 
(-2.13608, 1.84936) (2.19584, 2.01235) (0.0865236, -2.06104) (1.89075, -1.53314) (-1.87222, -1.46466) (0.0049558, 2.27799) 
(-2.1344, 1.84772) (2.19768, 2.01005) (0.0861793, -2.06394) (1.89072, -1.53312) (-1.92054, -1.49156) (0.004976, 2.27799) 
