(2.20881, -1.80255) (-2.00092, -1.51317) (0.208913, 2.52541) (-2.13582, 1.82821) (2.00543, 1.75467) (0.103564, -2.18358) 
(2.20668, -1.81333) (-1.98587, -1.50096) (0.228601, 2.51936) (-2.13581, 1.82819) (2.00545, 1.75469) (0.103607, -2.18358) 
(2.20579, -1.81798) (-1.97558, -1.4965) (0.237545, 2.51877) (-2.13583, 1.82821) (2.00544, 1.75469) (0.10358, -2.18356) 
(2.20637, -1.82206) (-1.9559, -1.49655) (0.246416, 2.52641) (-2.13584, 1.82822) (2.00544, 1.75466) (0.103592, -2.18356) 
(2.20772, -1.82214) (-1.94627, -1.50042) (0.249062, 2.53462) (-2.13582, 1.82821) (2.00544, 1.75465) (0.103543, -2.18356) 
(2.20918, -1.82095) (-1.93694, -1.50857) (0.251322, 2.54512) (-2.13582, 1.8282) (2.00545, 1.75465) (0.103587, -2.1836) 
(2.21005, -1.8195) (-1.93356, -1.51697) (0.251447, 2.55056) (-2.13584, 1.82819) (2.00538, 1.75464) (0.10359, -2.18358) 
(2.21044, -1.81767) (-1.9278, -1.52199) (0.250995, 2.54892) (-2.13584, 1.8282) (2.00543, 1.75469) (0.103774, -2.18355) 
(2.21154, -1.81525) (-1.92448, -1.53029) (0.249948, 2.54621) (-2.13583, 1.82822) (2.00543, 1.7547) (0.103546, -2.18361) 
(2.21563, -1.81222) (-1.92555, -1.53907) (0.248223, 2.54619) (-2.13583, 1.8282) (2.00542, 1.75465) (0.103621, -2.18356) 
(2.22156, -1.80882) (-1.93097, -1.54115) (0.248235, 2.54602) (-2.13582, 1.82821) (2.00545, 1.75469) (0.103532, -2.1836) 
(2.22994, -1.80414) (-1.93374, -1.55123) (0.247942, 2.54492) (-2.13584, 1.82821) (2.00538, 1.75467) (0.103542, -2.18359) 
(2.24066, -1.79904) (-1.93407, -1.57188) (0.248552, 2.54475) (-2.13395, 1.82776) (2.00319, 1.75184) (0.104092, -2.18317) 
(2.24871, -1.79658) (-1.93651, -1.59233) (0.250518, 2.54512) (-2.10309, 1.80035) (1.97291, 1.71913) (0.106964, -2.14709) 
(2.25365, -1.79486) (-1.94059, -1.61726) (0.251549, 2.54587) (-2.0597, 1.75081) (1.9474, 1.68405) (0.0996843, -2.07264) 
(2.24965, -1.79459) (-1.94324, -1.62597) (0.251651, 2.54139) (-2.03073, 1.72798) (1.92344, 1.66523) (0.103649, -2.03138) 
(2.23271, -1.79478) (-1.94986, -1.63217) (0.250514, 2.53303) (-2.00358, 1.70475) (1.88755, 1.6344) (0.100168, -1.98182) 
(2.20303, -1.79452) (-1.95167, -1.63014) (0.248036, 2.528) (-1.97094, 1.67818) (1.85272, 1.6079) (0.0970801, -1.93704) 
(2.16647, -1.78497) (-1.95142, -1.62095) (0.247592, 2.52334) (-1.93163, 1.64961) (1.81736, 1.58241) (0.0944104, -1.89124) 
(2.11793, -1.75759) (-1.95414, -1.60519) (0.246934, 2.51153) (-1.8924, 1.62168) (1.77465, 1.55045) (0.0899803, -1.83413) 
(2.07082, -1.71776) (-1.95412, -1.58455) (0.241809, 2.49512) (-1.85184, 1.59099) (1.73393, 1.52021) (0.0877538, -1.77888) 
(2.01738, -1.65366) (-1.93891, -1.55409) (0.233348, 2.47071) (-1.80936, 1.5575) (1.69197, 1.48449) (0.0856097, -1.72336) 
(2.01725, -1.6534) (-1.93881, -1.55397) (0.233311, 2.47062) (-1.80929, 1.55743) (1.6919, 1.48442) (0.0856032, -1.72327) 
(1.93951, -1.5041) (-1.86897, -1.51323) (0.21369, 2.42665) (-1.7386, 1.49962) (1.61958, 1.42302) (0.0828107, -1.62546) 
(1.89424, -1.42208) (-1.80664, -1.49375) (0.199596, 2.39505) (-1.69575, 1.46456) (1.57768, 1.38661) (0.0816378, -1.56627) 
(1.8415, -1.35957) (-1.73946, -1.48099) (0.180428, 2.36481) (-1.65425, 1.42959) (1.53685, 1.35312) (0.080964, -1.51164) 
(1.78964, -1.3186) (-1.68097, -1.46946) (0.160457, 2.33725) (-1.62226, 1.40171) (1.50324, 1.32425) (0.0798214, -1.46818) 
(1.70449, -1.26165) (-1.60798, -1.45333) (0.130339, 2.29393) (-1.58004, 1.36479) (1.45583, 1.28385) (0.0762491, -1.40911) 
(1.62165, -1.21569) (-1.54877, -1.42533) (0.104183, 2.25671) (-1.53897, 1.3316) (1.4152, 1.24965) (0.0705447, -1.36215) 
(1.52953, -1.16869) (-1.50007, -1.37859) (0.0824358, 2.22125) (-1.4939, 1.2968) (1.37157, 1.21389) (0.0636424, -1.31921) 
(1.44856, -1.11829) (-1.4597, -1.32872) (0.0702609, 2.18696) (-1.45488, 1.26428) (1.3347, 1.18244) (0.0531884, -1.29425) 
(1.3769, -1.04794) (-1.41275, -1.26407) (0.0657877, 2.14524) (-1.4089, 1.22945) (1.28895, 1.14905) (0.0332825, -1.25055) 
(1.36747, -1.03583) (-1.40607, -1.25346) (0.0654307, 2.13871) (-1.40242, 1.22458) (1.2829, 1.14546) (0.0293829, -1.24422) 
(1.26913, -0.909619) (-1.3409, -1.12648) (0.0685491, 2.07019) (-1.32659, 1.16454) (1.21763, 1.08318) (-0.000246963, -1.17741) 
(1.21366, -0.835227) (-1.30622, -1.05521) (0.0757779, 2.03467) (-1.29302, 1.13706) (1.18924, 1.05237) (-0.0141083, -1.14594) 
(1.14376, -0.72636) (-1.25505, -0.977243) (0.0888171, 1.98584) (-1.24643, 1.10818) (1.16159, 1.00226) (-0.0188712, -1.10437) 
(1.08866, -0.634986) (-1.2054, -0.925213) (0.102937, 1.94775) (-1.19896, 1.07873) (1.13952, 0.958483) (-0.0183154, -1.07239) 
(1.0127, -0.537172) (-1.13898, -0.869614) (0.127376, 1.90375) (-1.14427, 1.04527) (1.11418, 0.908154) (-0.0142342, -1.02998) 
(0.944833, -0.475513) (-1.0848, -0.827687) (0.144648, 1.86929) (-1.10802, 1.0161) (1.09452, 0.869555) (-0.0139286, -1.00182) 
(0.871469, -0.414924) (-1.01603, -0.782262) (0.157402, 1.8321) (-1.06617, 0.983923) (1.07127, 0.829565) (-0.0144613, -0.977544) 
(0.791766, -0.357223) (-0.935969, -0.741698) (0.16074, 1.8001) (-1.02815, 0.955387) (1.0512, 0.793747) (-0.0222659, -0.963629) 
(0.708504, -0.305058) (-0.857453, -0.707131) (0.160565, 1.77163) (-0.99735, 0.93012) (1.02958, 0.759779) (-0.0299102, -0.941064) 
(0.619415, -0.24596) (-0.780764, -0.665185) (0.160712, 1.74373) (-0.973486, 0.905313) (1.01137, 0.726689) (-0.0426529, -0.917315) 
(0.525269, -0.160679) (-0.695207, -0.605318) (0.159163, 1.70708) (-0.942407, 0.8649) (0.988326, 0.683229) (-0.0541531, -0.893593) 
(0.460343, -0.0811508) (-0.628121, -0.539368) (0.15514, 1.67595) (-0.928554, 0.829517) (0.972179, 0.644283) (-0.059373, -0.875715) 
(0.396364, 0.00454104) (-0.569485, -0.471061) (0.146449, 1.64662) (-0.920612, 0.79953) (0.955688, 0.599335) (-0.0661933, -0.86105) 
(0.340972, 0.0845798) (-0.523977, -0.415653) (0.13557, 1.62311) (-0.917524, 0.771202) (0.942457, 0.560036) (-0.0707838, -0.846638) 
(0.276587, 0.186992) (-0.474474, -0.345437) (0.119601, 1.59349) (-0.91556, 0.742061) (0.931279, 0.517514) (-0.0765982, -0.827613) 
(0.20898, 0.296044) (-0.428052, -0.263135) (0.10123, 1.56001) (-0.90853, 0.712834) (0.913801, 0.472176) (-0.079952, -0.805762) 
(0.144929, 0.377548) (-0.385875, -0.183261) (0.0865847, 1.52949) (-0.898101, 0.696284) (0.896649, 0.427702) (-0.0806843, -0.78578) 
(0.07244, 0.449021) (-0.340347, -0.110091) (0.0737234, 1.50018) (-0.884779, 0.672173) (0.879584, 0.380734) (-0.0793575, -0.762768) 
(-0.00676442, 0.518285) (-0.285707, -0.0475094) (0.0636502, 1.47315) (-0.866827, 0.64971) (0.860338, 0.332631) (-0.0760021, -0.736828) 
(-0.0995982, 0.584785) (-0.222169, 0.00896071) (0.0562513, 1.44371) (-0.851774, 0.629435) (0.837557, 0.278735) (-0.0707562, -0.712537) 
(-0.184634, 0.636819) (-0.1669, 0.0529783) (0.0517905, 1.42089) (-0.840598, 0.608128) (0.815684, 0.226701) (-0.0670719, -0.69222) 
(-0.281592, 0.697239) (-0.0931097, 0.10229) (0.049515, 1.39201) (-0.828091, 0.587006) (0.790752, 0.168905) (-0.0641226, -0.665251) 
(-0.351843, 0.758506) (-0.0145151, 0.139576) (0.0504616, 1.3634) (-0.830197, 0.570043) (0.770439, 0.118786) (-0.0655996, -0.65009) 
(-0.41723, 0.822374) (0.0768633, 0.17591) (0.0537135, 1.33401) (-0.828527, 0.548952) (0.748695, 0.0692399) (-0.0654079, -0.630791) 
(-0.488554, 0.892779) (0.172374, 0.21475) (0.0614921, 1.30487) (-0.829231, 0.520085) (0.725925, 0.0176904) (-0.0644277, -0.605776) 
(-0.564056, 0.97045) (0.261924, 0.255281) (0.0732942, 1.27497) (-0.831791, 0.495782) (0.704351, -0.0342437) (-0.0630091, -0.580453) 
(-0.639853, 1.04836) (0.338478, 0.308007) (0.0859597, 1.24803) (-0.83225, 0.467991) (0.685605, -0.0828077) (-0.0629451, -0.556619) 
(-0.723743, 1.12944) (0.414127, 0.374443) (0.0988233, 1.21938) (-0.832171, 0.43616) (0.664873, -0.134418) (-0.0641323, -0.533484) 
(-0.808739, 1.18908) (0.484153, 0.442635) (0.109319, 1.18795) (-0.826614, 0.409634) (0.644149, -0.186156) (-0.0688917, -0.513336) 
(-0.90206, 1.23362) (0.557472, 0.521769) (0.114859, 1.14998) (-0.81919, 0.38027) (0.618945, -0.241501) (-0.0752116, -0.489633) 
(-0.991138, 1.2709) (0.628106, 0.607408) (0.114373, 1.11295) (-0.809537, 0.346066) (0.598013, -0.289151) (-0.0833736, -0.462604) 
(-1.0822, 1.30147) (0.698933, 0.699668) (0.110558, 1.07178) (-0.799647, 0.310393) (0.577289, -0.337266) (-0.0927718, -0.437154) 
(-1.18569, 1.32658) (0.773308, 0.773333) (0.103939, 1.02722) (-0.788921, 0.267941) (0.554976, -0.385441) (-0.097874, -0.415434) 
(-1.28142, 1.34896) (0.852186, 0.828848) (0.0940194, 0.988814) (-0.781625, 0.228847) (0.536736, -0.427602) (-0.105588, -0.393501) 
(-1.36241, 1.37432) (0.925746, 0.872533) (0.0811314, 0.956054) (-0.774974, 0.189968) (0.518112, -0.462893) (-0.111299, -0.375683) 
(-1.43901, 1.39958) (0.999574, 0.913291) (0.0656529, 0.923225) (-0.769108, 0.150979) (0.499137, -0.497056) (-0.118394, -0.363361) 
(-1.52422, 1.42062) (1.08272, 0.955827) (0.0488202, 0.884881) (-0.761505, 0.10958) (0.478297, -0.529001) (-0.127269, -0.36047) 
(-1.61296, 1.4416) (1.17044, 1.00403) (0.0341861, 0.852477) (-0.755832, 0.0646448) (0.453205, -0.561467) (-0.136101, -0.349709) 
(-1.71221, 1.47362) (1.25885, 1.05784) (0.0217009, 0.821139) (-0.749385, 0.0178862) (0.419492, -0.600551) (-0.141363, -0.345507) 
(-1.72822, 1.47769) (1.2711, 1.0662) (0.0202218, 0.816133) (-0.748311, 0.0104643) (0.414321, -0.606389) (-0.14208, -0.344374) 
(-1.88258, 1.52776) (1.39128, 1.16818) (0.0134201, 0.769812) (-0.741145, -0.0595275) (0.350831, -0.670679) (-0.146958, -0.324924) 
(-1.93734, 1.57021) (1.4599, 1.23687) (0.0150009, 0.7336) (-0.737654, -0.103459) (0.311618, -0.714995) (-0.147683, -0.307933) 
(-1.96069, 1.60869) (1.51121, 1.29068) (0.020649, 0.70106) (-0.735305, -0.140376) (0.28112, -0.747437) (-0.145848, -0.295927) 
(-1.9724, 1.65801) (1.56656, 1.35792) (0.0333268, 0.660629) (-0.73205, -0.180253) (0.247541, -0.782044) (-0.14247, -0.283457) 
(-1.9727, 1.7149) (1.61673, 1.43015) (0.0514277, 0.626686) (-0.729307, -0.218282) (0.214928, -0.813773) (-0.135931, -0.271889) 
(-1.96727, 1.76884) (1.65607, 1.49091) (0.0704659, 0.591135) (-0.726008, -0.253011) (0.18313, -0.842381) (-0.128889, -0.261567) 
(-1.9607, 1.82207) (1.70078, 1.54394) (0.0907092, 0.553032) (-0.719316, -0.288359) (0.146685, -0.872595) (-0.119763, -0.252761) 
(-1.96415, 1.86992) (1.75954, 1.59034) (0.106019, 0.512356) (-0.710947, -0.324956) (0.102956, -0.904149) (-0.113236, -0.245661) 
(-1.97503, 1.90805) (1.81399, 1.63263) (0.115964, 0.472106) (-0.695862, -0.353452) (0.0538122, -0.936348) (-0.104982, -0.234716) 
(-1.98482, 1.92468) (1.84219, 1.65575) (0.119164, 0.452998) (-0.687269, -0.371708) (0.0267615, -0.953451) (-0.102874, -0.228064) 
(-2.01693, 1.95338) (1.90706, 1.70307) (0.121825, 0.414347) (-0.664843, -0.405348) (-0.0242004, -0.98695) (-0.0985668, -0.211469) 
(-2.05301, 1.96685) (1.9676, 1.73771) (0.119874, 0.382032) (-0.644094, -0.431471) (-0.0729727, -1.01472) (-0.0971519, -0.192739) 
(-2.09373, 1.97263) (2.02241, 1.76346) (0.11301, 0.349184) (-0.618126, -0.460033) (-0.121346, -1.04035) (-0.100623, -0.178615) 
(-2.13233, 1.97045) (2.06598, 1.78606) (0.10616, 0.323509) (-0.592632, -0.484482) (-0.164531, -1.06232) (-0.106056, -0.166922) 
(-2.17159, 1.95709) (2.10173, 1.8167) (0.0962032, 0.296226) (-0.558177, -0.512814) (-0.213702, -1.08762) (-0.113009, -0.154731) 
(-2.19858, 1.94415) (2.12786, 1.84226) (0.084975, 0.273205) (-0.528712, -0.53405) (-0.258164, -1.10762) (-0.119136, -0.142031) 
(-2.22046, 1.93618) (2.15885, 1.86648) (0.0746899, 0.248422) (-0.490765, -0.561476) (-0.308803, -1.12916) (-0.124343, -0.126234) 
(-2.23797, 1.94305) (2.19309, 1.88884) (0.0670346, 0.227935) (-0.452346, -0.586397) (-0.358726, -1.14898) (-0.12862, -0.109657) 
(-2.24988, 1.95927) (2.22489, 1.91429) (0.0633444, 0.202148) (-0.413006, -0.607664) (-0.406844, -1.16843) (-0.127052, -0.0910177) 
(-2.25457, 1.98231) (2.2521, 1.9418) (0.0642797, 0.171009) (-0.373197, -0.628033) (-0.45808, -1.18853) (-0.123699, -0.0691548) 
(-2.25452, 2.00249) (2.27115, 1.96489) (0.0680958, 0.138254) (-0.343199, -0.638794) (-0.496819, -1.20115) (-0.117508, -0.0524227) 
(-2.24866, 2.03376) (2.30186, 1.99988) (0.0776858, 0.0793036) (-0.294168, -0.655239) (-0.55432, -1.21833) (-0.104961, -0.0291514) 
(-2.24184, 2.05635) (2.32267, 2.01977) (0.084898, 0.0362146) (-0.255563, -0.668604) (-0.598704, -1.22961) (-0.0925314, -0.0134319) 
(-2.23461, 2.0787) (2.33589, 2.03069) (0.0993158, -0.00283664) (-0.211015, -0.682606) (-0.647524, -1.23878) (-0.080962, 0.00276007) 
(-2.22573, 2.09902) (2.33393, 2.04404) (0.117014, -0.0343851) (-0.166187, -0.699895) (-0.705037, -1.25082) (-0.0697273, 0.0184177) 
(-2.21691, 2.11578) (2.32478, 2.06111) (0.135178, -0.0560374) (-0.12581, -0.716628) (-0.754104, -1.2587) (-0.0650027, 0.0305735) 
(-2.2091, 2.13049) (2.31089, 2.07917) (0.154219, -0.0756094) (-0.0789761, -0.736502) (-0.80405, -1.26742) (-0.0659984, 0.0389334) 
(-2.20186, 2.14446) (2.28925, 2.09607) (0.176587, -0.0965263) (-0.0222323, -0.760569) (-0.862981, -1.27987) (-0.0664824, 0.0504566) 
(-2.19663, 2.15324) (2.25943, 2.10842) (0.193894, -0.109786) (0.0297273, -0.782284) (-0.921136, -1.29482) (-0.0687442, 0.0649808) 
(-2.19324, 2.16015) (2.21942, 2.11549) (0.209489, -0.108401) (0.085481, -0.804737) (-0.98265, -1.31027) (-0.0730357, 0.0795488) 
(-2.1917, 2.16502) (2.18451, 2.10955) (0.205585, -0.0885447) (0.136385, -0.8238) (-1.03896, -1.32532) (-0.0797332, 0.0933756) 
(-2.1907, 2.16867) (2.15032, 2.10001) (0.179419, -0.0687837) (0.186711, -0.845053) (-1.09726, -1.33979) (-0.090359, 0.105281) 
(-2.19078, 2.16984) (2.11868, 2.09352) (0.137745, -0.0702388) (0.236374, -0.866324) (-1.15502, -1.35244) (-0.101388, 0.115883) 
(-2.19165, 2.17091) (2.0905, 2.08343) (0.0938253, -0.0843352) (0.290051, -0.887042) (-1.21337, -1.36714) (-0.114289, 0.124141) 
(-2.19256, 2.17164) (2.07399, 2.07493) (0.0670039, -0.0913196) (0.34407, -0.909558) (-1.27086, -1.3806) (-0.127421, 0.129802) 
(-2.19354, 2.17113) (2.06584, 2.07182) (0.0529406, -0.108533) (0.398942, -0.931439) (-1.32757, -1.39389) (-0.144306, 0.13901) 
(-2.19547, 2.16931) (2.06259, 2.06619) (0.0480433, -0.143167) (0.453333, -0.953256) (-1.38528, -1.4081) (-0.161908, 0.155207) 
(-2.19741, 2.16738) (2.06347, 2.06262) (0.0521948, -0.182567) (0.501526, -0.972291) (-1.43682, -1.4207) (-0.174076, 0.164985) 
(-2.20017, 2.1654) (2.06841, 2.05513) (0.0504553, -0.234806) (0.555498, -0.994493) (-1.49495, -1.43369) (-0.177876, 0.181314) 
(-2.20118, 2.1651) (2.0717, 2.0507) (0.0496491, -0.252166) (0.573467, -1.00155) (-1.51251, -1.43867) (-0.181037, 0.188274) 
(-2.2052, 2.16415) (2.08987, 2.02593) (0.04423, -0.351039) (0.663921, -1.03953) (-1.60717, -1.46248) (-0.195847, 0.227856) 
(-2.2074, 2.16443) (2.09728, 2.01263) (0.0444421, -0.410495) (0.713175, -1.05932) (-1.65953, -1.47473) (-0.197666, 0.251269) 
(-2.20942, 2.16565) (2.10577, 1.99609) (0.0421162, -0.510138) (0.776725, -1.08469) (-1.72472, -1.4896) (-0.192987, 0.275872) 
(-2.2111, 2.16772) (2.113, 1.98373) (0.0550296, -0.580018) (0.832087, -1.10813) (-1.77748, -1.50239) (-0.185359, 0.296954) 
(-2.21392, 2.17129) (2.11884, 1.97288) (0.05157, -0.660733) (0.888347, -1.1305) (-1.83031, -1.51408) (-0.179053, 0.315743) 
(-2.21864, 2.17684) (2.12272, 1.9625) (0.0435209, -0.739302) (0.943875, -1.1525) (-1.87981, -1.52388) (-0.174602, 0.333895) 
(-2.22354, 2.18282) (2.12423, 1.95516) (0.0399871, -0.825832) (1.00284, -1.17554) (-1.90014, -1.53171) (-0.170826, 0.360389) 
(-2.22671, 2.18497) (2.1245, 1.95253) (0.0342687, -0.897908) (1.04869, -1.19436) (-1.89746, -1.52903) (-0.169298, 0.382214) 
(-2.22888, 2.1832) (2.12522, 1.95014) (0.0232755, -0.989053) (1.10751, -1.21898) (-1.89653, -1.53018) (-0.168529, 0.416747) 
(-2.22906, 2.18259) (2.12546, 1.94979) (0.0212576, -1.00103) (1.11678, -1.22251) (-1.89688, -1.5303) (-0.168544, 0.422003) 
(-2.23032, 2.17183) (2.13055, 1.94773) (0.0161152, -1.12004) (1.22032, -1.2633) (-1.89576, -1.5294) (-0.168548, 0.485767) 
(-2.22864, 2.16668) (2.13456, 1.94875) (0.0143152, -1.18523) (1.27534, -1.28574) (-1.89644, -1.52889) (-0.164489, 0.524603) 
(-2.22573, 2.1634) (2.13857, 1.95065) (0.010117, -1.24815) (1.33052, -1.30629) (-1.89622, -1.52909) (-0.162198, 0.568981) 
(-2.22392, 2.16043) (2.14239, 1.95269) (0.00125893, -1.3178) (1.38986, -1.33031) (-1.89612, -1.52907) (-0.157133, 0.615558) 
(-2.22265, 2.1562) (2.14401, 1.95493) (-0.0120958, -1.38057) (1.43985, -1.35094) (-1.89617, -1.52886) (-0.15372, 0.653423) 
(-2.22203, 2.15066) (2.14552, 1.95807) (-0.02308, -1.45653) (1.49541, -1.37311) (-1.89608, -1.52902) (-0.148726, 0.70036) 
(-2.22219, 2.14488) (2.14774, 1.9621) (-0.0247264, -1.53825) (1.55449, -1.39655) (-1.89615, -1.52897) (-0.142387, 0.753085) 
(-2.22283, 2.14274) (2.14996, 1.96639) (-0.0188847, -1.59744) (1.59252, -1.41196) (-1.89608, -1.52896) (-0.140167, 0.792066) 
(-2.22441, 2.14241) (2.15368, 1.97092) (-0.00579623, -1.67321) (1.64099, -1.43247) (-1.89611, -1.52896) (-0.135361, 0.838543) 
(-2.22624, 2.14217) (2.1574, 1.97364) (0.0114573, -1.78732) (1.71375, -1.46117) (-1.89639, -1.52897) (-0.131208, 0.907123) 
(-2.22819, 2.1432) (2.15964, 1.97459) (0.0118593, -1.87737) (1.76769, -1.48258) (-1.89729, -1.52909) (-0.126169, 0.957217) 
(-2.23067, 2.147) (2.16198, 1.97485) (0.0153425, -1.96461) (1.82226, -1.50418) (-1.8974, -1.52908) (-0.121238, 1.01876) 
(-2.23214, 2.15078) (2.1629, 1.97449) (0.0160075, -2.01524) (1.85891, -1.51951) (-1.89739, -1.52908) (-0.117046, 1.06777) 
(-2.23431, 2.15758) (2.16307, 1.97455) (0.018415, -2.06312) (1.87506, -1.52442) (-1.89737, -1.52909) (-0.110746, 1.13674) 
(-2.23527, 2.16068) (2.16383, 1.97423) (0.027718, -2.08778) (1.86432, -1.52054) (-1.89741, -1.5291) (-0.104707, 1.19577) 
(-2.23497, 2.16144) (2.16555, 1.97414) (0.0456398, -2.09745) (1.86253, -1.52025) (-1.89739, -1.52908) (-0.100567, 1.24152) 
(-2.23434, 2.16307) (2.16662, 1.97534) (0.0850588, -2.10624) (1.87057, -1.52331) (-1.89738, -1.5291) (-0.0932007, 1.30645) 
(-2.23358, 2.16495) (2.16686, 1.97622) (0.119997, -2.1113) (1.87141, -1.52364) (-1.89742, -1.52909) (-0.0881412, 1.35609) 
(-2.23204, 2.16611) (2.16626, 1.97682) (0.152214, -2.11742) (1.87077, -1.52337) (-1.89739, -1.52909) (-0.0817867, 1.40817) 
(-2.22982, 2.16677) (2.16515, 1.9774) (0.176944, -2.13006) (1.87092, -1.52342) (-1.8974, -1.52909) (-0.0758003, 1.46655) 
(-2.2288, 2.16809) (2.16384, 1.97685) (0.192676, -2.141) (1.87114, -1.52337) (-1.89738, -1.52907) (-0.071201, 1.51717) 
(-2.22991, 2.17111) (2.16229, 1.97552) (0.198699, -2.15028) (1.87097, -1.52345) (-1.89661, -1.52899) (-0.0673243, 1.56798) 
(-2.23319, 2.1793) (2.16064, 1.97244) (0.193269, -2.16002) (1.87107, -1.52343) (-1.89662, -1.529) (-0.0592067, 1.62787) 
(-2.23666, 2.19159) (2.16059, 1.97038) (0.195548, -2.1703) (1.87104, -1.52341) (-1.89664, -1.52898) (-0.054545, 1.67944) 
(-2.24379, 2.21515) (2.16052, 1.96798) (0.19713, -2.18541) (1.87107, -1.52335) (-1.89662, -1.52898) (-0.0487548, 1.74072) 
(-2.25141, 2.23724) (2.16082, 1.96581) (0.188213, -2.19971) (1.87104, -1.5234) (-1.89609, -1.52897) (-0.0427608, 1.79313) 
(-2.25753, 2.25449) (2.16096, 1.96346) (0.188794, -2.2084) (1.87104, -1.52342) (-1.89615, -1.52902) (-0.0355183, 1.85573) 
(-2.25871, 2.25755) (2.16101, 1.96238) (0.191157, -2.21299) (1.87103, -1.52338) (-1.89612, -1.52902) (-0.0274136, 1.91429) 
(-2.25315, 2.24637) (2.16114, 1.96098) (0.178084, -2.23048) (1.87102, -1.52336) (-1.89612, -1.52901) (-0.0215915, 1.97255) 
(-2.25114, 2.24207) (2.16118, 1.96044) (0.172052, -2.23668) (1.87099, -1.52343) (-1.89617, -1.52904) (-0.0198986, 1.98681) 
(-2.2391, 2.21971) (2.16073, 1.95787) (0.151086, -2.25644) (1.87106, -1.52338) (-1.89616, -1.52903) (-0.0131013, 2.0578) 
(-2.22659, 2.19666) (2.1611, 1.95708) (0.142338, -2.26139) (1.87104, -1.52339) (-1.89607, -1.52895) (-0.00463197, 2.13393) 
(-2.22153, 2.18561) (2.16095, 1.95585) (0.120999, -2.27226) (1.87104, -1.52338) (-1.89613, -1.52903) (0.00173541, 2.1929) 
(-2.22104, 2.18102) (2.16063, 1.95385) (0.104964, -2.27862) (1.87101, -1.52337) (-1.89614, -1.52904) (0.00936669, 2.24597) 
