(2.31173, -1.56606) (-2.14174, -1.67416) (0.136069, 2.5348) (-2.14034, 1.87874) (2.0552, 1.89681) (0.0892619, -2.02296) 
(2.30376, -1.58145) (-2.14224, -1.67361) (0.136806, 2.52909) (-2.13836, 1.87974) (2.05397, 1.89547) (0.0888228, -2.02378) 
(2.28844, -1.60583) (-2.14239, -1.67261) (0.133434, 2.50329) (-2.13491, 1.87877) (2.05083, 1.8917) (0.0880023, -2.02334) 
(2.26932, -1.63226) (-2.14169, -1.67148) (0.13432, 2.50038) (-2.13491, 1.87877) (2.04432, 1.88592) (0.087713, -2.01887) 
(2.25415, -1.64964) (-2.14002, -1.66942) (0.13897, 2.50356) (-2.11077, 1.86639) (2.03924, 1.88158) (0.0876052, -2.00941) 
(2.23256, -1.66368) (-2.13071, -1.66146) (0.14343, 2.50709) (-2.09944, 1.85898) (2.0287, 1.87288) (0.0859055, -1.98894) 
(2.20681, -1.6742) (-2.11606, -1.64052) (0.146283, 2.51293) (-2.08739, 1.84931) (2.01924, 1.85936) (0.085179, -1.96922) 
(2.18322, -1.68044) (-2.09927, -1.61772) (0.151462, 2.51537) (-2.07702, 1.84089) (2.01184, 1.85026) (0.0847604, -1.95699) 
(2.14866, -1.68479) (-2.06649, -1.5878) (0.158493, 2.49929) (-2.06228, 1.82897) (2.00219, 1.83879) (0.0848326, -1.94126) 
(2.11606, -1.68353) (-2.02952, -1.55596) (0.169332, 2.46622) (-2.04446, 1.81491) (1.98706, 1.82418) (0.0842315, -1.92312) 
(2.08708, -1.67555) (-1.98325, -1.52491) (0.188052, 2.42597) (-2.02851, 1.8019) (1.97198, 1.81304) (0.0841326, -1.9028) 
(2.05527, -1.6537) (-1.91792, -1.49412) (0.213292, 2.37436) (-2.0069, 1.78496) (1.94949, 1.79578) (0.0821385, -1.87039) 
(2.02689, -1.61486) (-1.84447, -1.46466) (0.235569, 2.32948) (-1.98101, 1.76388) (1.92295, 1.77454) (0.0810531, -1.83801) 
(2.00577, -1.56964) (-1.7829, -1.43941) (0.246976, 2.27427) (-1.95981, 1.74633) (1.90327, 1.7574) (0.0822653, -1.8115) 
(1.98442, -1.50527) (-1.71518, -1.40577) (0.236129, 2.21515) (-1.93078, 1.72261) (1.88433, 1.74103) (0.0859285, -1.7885) 
(1.96701, -1.44499) (-1.66141, -1.37092) (0.206524, 2.16305) (-1.90636, 1.70095) (1.87104, 1.71947) (0.0944478, -1.76641) 
(1.94477, -1.37938) (-1.60701, -1.32837) (0.164865, 2.09126) (-1.87875, 1.67475) (1.85958, 1.69686) (0.107392, -1.73685) 
(1.91768, -1.32423) (-1.55612, -1.28336) (0.14091, 2.04765) (-1.86134, 1.65467) (1.85637, 1.6745) (0.120399, -1.71296) 
(1.88255, -1.26976) (-1.50548, -1.22774) (0.126757, 1.99497) (-1.84547, 1.62758) (1.8515, 1.64994) (0.135003, -1.68443) 
(1.83545, -1.21607) (-1.45163, -1.15632) (0.127725, 1.93955) (-1.83056, 1.59528) (1.84767, 1.63108) (0.155303, -1.64392) 
(1.79679, -1.18147) (-1.41421, -1.105) (0.132698, 1.89613) (-1.82074, 1.5696) (1.83751, 1.61275) (0.168194, -1.61559) 
(1.73945, -1.13925) (-1.36451, -1.04614) (0.152799, 1.82473) (-1.80472, 1.53402) (1.82113, 1.58536) (0.17855, -1.58269) 
(1.67273, -1.1016) (-1.307, -0.988304) (0.18836, 1.75166) (-1.7883, 1.49736) (1.80034, 1.5596) (0.183226, -1.5531) 
(1.60504, -1.06934) (-1.25209, -0.942921) (0.227516, 1.6899) (-1.77059, 1.46245) (1.78067, 1.53045) (0.179698, -1.52999) 
(1.54319, -1.03915) (-1.19717, -0.901019) (0.26087, 1.62236) (-1.75527, 1.4352) (1.77082, 1.5052) (0.175207, -1.50529) 
(1.49217, -1.00739) (-1.14533, -0.864571) (0.283429, 1.56771) (-1.73453, 1.41423) (1.7597, 1.48763) (0.167899, -1.48824) 
(1.43078, -0.960892) (-1.07145, -0.821608) (0.296025, 1.48164) (-1.70993, 1.38433) (1.74876, 1.46418) (0.156682, -1.4649) 
(1.37758, -0.910229) (-0.989795, -0.777888) (0.294702, 1.41129) (-1.68298, 1.35101) (1.73567, 1.45015) (0.146527, -1.4417) 
(1.33998, -0.86263) (-0.922289, -0.742268) (0.296314, 1.35697) (-1.65775, 1.31759) (1.71797, 1.43451) (0.137886, -1.41599) 
(1.30378, -0.805835) (-0.854185, -0.701763) (0.289332, 1.2859) (-1.63342, 1.28209) (1.69749, 1.42061) (0.134384, -1.38776) 
(1.27222, -0.743447) (-0.795088, -0.661294) (0.268291, 1.21433) (-1.61422, 1.25206) (1.67449, 1.41327) (0.130094, -1.36345) 
(1.24221, -0.672667) (-0.74072, -0.612339) (0.236429, 1.14166) (-1.58296, 1.21888) (1.64892, 1.40075) (0.124324, -1.33176) 
(1.21774, -0.613104) (-0.698676, -0.564736) (0.205949, 1.07052) (-1.56308, 1.20078) (1.63108, 1.39619) (0.116851, -1.30055) 
(1.19329, -0.557431) (-0.66221, -0.510626) (0.183239, 1.01653) (-1.53484, 1.18329) (1.61243, 1.38047) (0.104676, -1.26779) 
(1.16162, -0.499987) (-0.62094, -0.438132) (0.17259, 0.948899) (-1.4949, 1.15861) (1.59277, 1.36456) (0.0930207, -1.23587) 
(1.12476, -0.450904) (-0.581451, -0.366105) (0.170892, 0.896429) (-1.45668, 1.13567) (1.57907, 1.34561) (0.090365, -1.20222) 
(1.08979, -0.413826) (-0.548293, -0.305663) (0.176925, 0.850285) (-1.41721, 1.11378) (1.56817, 1.32123) (0.092005, -1.17069) 
(1.05672, -0.38555) (-0.516814, -0.255407) (0.194512, 0.805925) (-1.38273, 1.0932) (1.56018, 1.3017) (0.0997621, -1.14429) 
(1.01795, -0.359915) (-0.480977, -0.207504) (0.22436, 0.759719) (-1.33934, 1.06546) (1.55996, 1.27872) (0.106365, -1.12086) 
(0.972389, -0.337568) (-0.439484, -0.154546) (0.258285, 0.712108) (-1.29427, 1.03624) (1.55479, 1.24872) (0.108667, -1.0957) 
(0.933283, -0.318261) (-0.400756, -0.109152) (0.289119, 0.660801) (-1.25263, 1.00984) (1.55939, 1.23516) (0.108416, -1.08565) 
(0.891735, -0.292412) (-0.347567, -0.0535355) (0.337641, 0.562991) (-1.20095, 0.973497) (1.55462, 1.21622) (0.102151, -1.07437) 
(0.866832, -0.27039) (-0.307107, -0.0133029) (0.365873, 0.496615) (-1.16272, 0.946167) (1.55359, 1.20474) (0.0985205, -1.05928) 
(0.843844, -0.235819) (-0.261215, 0.0385764) (0.393469, 0.418984) (-1.11821, 0.911818) (1.54313, 1.19108) (0.0924174, -1.03105) 
(0.833607, -0.203009) (-0.224238, 0.0877287) (0.403653, 0.359556) (-1.08502, 0.882073) (1.53023, 1.17311) (0.0878423, -1.00398) 
(0.829356, -0.157171) (-0.185088, 0.150528) (0.411804, 0.291943) (-1.04873, 0.845737) (1.51477, 1.15813) (0.085971, -0.977594) 
(0.835954, -0.112862) (-0.154224, 0.204176) (0.410079, 0.227605) (-1.02116, 0.818979) (1.50572, 1.14265) (0.0900664, -0.957943) 
(0.855995, -0.0473435) (-0.120164, 0.276108) (0.397003, 0.145209) (-0.988446, 0.783995) (1.49319, 1.11881) (0.0920278, -0.933125) 
(0.874469, 0.00623473) (-0.100135, 0.331018) (0.382458, 0.0884787) (-0.959911, 0.766359) (1.48616, 1.10046) (0.0911657, -0.918414) 
(0.894977, 0.076949) (-0.0750083, 0.406461) (0.36319, -0.0011227) (-0.923067, 0.742879) (1.48385, 1.07473) (0.0887998, -0.904127) 
(0.905839, 0.127343) (-0.052719, 0.466559) (0.356088, -0.0724965) (-0.893834, 0.734462) (1.48146, 1.0537) (0.0824332, -0.898112) 
(0.914741, 0.180971) (-0.0238293, 0.541138) (0.35757, -0.156481) (-0.851172, 0.720297) (1.47899, 1.02158) (0.0740016, -0.887748) 
(0.916305, 0.221707) (0.0133981, 0.616143) (0.371685, -0.238494) (-0.807902, 0.707132) (1.47579, 0.988432) (0.0586917, -0.871571) 
(0.911358, 0.249883) (0.0472697, 0.677671) (0.389295, -0.299827) (-0.768962, 0.694751) (1.47172, 0.953896) (0.0453902, -0.863482) 
(0.896424, 0.27902) (0.0952478, 0.752638) (0.419211, -0.379174) (-0.726147, 0.677879) (1.47201, 0.914988) (0.0303954, -0.855806) 
(0.868937, 0.303342) (0.152122, 0.822941) (0.458808, -0.450142) (-0.689055, 0.656578) (1.47063, 0.873361) (0.0116527, -0.846432) 
(0.8354, 0.321655) (0.209207, 0.879643) (0.492614, -0.51134) (-0.657054, 0.63621) (1.47491, 0.844188) (-0.00748511, -0.83413) 
(0.793645, 0.336826) (0.268266, 0.93388) (0.524775, -0.579189) (-0.626192, 0.614594) (1.47329, 0.81459) (-0.0310221, -0.818379) 
(0.737919, 0.352151) (0.329435, 0.991265) (0.551414, -0.64274) (-0.592111, 0.587259) (1.47829, 0.788149) (-0.0545475, -0.797106) 
(0.66311, 0.367148) (0.395963, 1.05532) (0.565249, -0.721493) (-0.558428, 0.558745) (1.47278, 0.754389) (-0.0722659, -0.77317) 
(0.607352, 0.378813) (0.439152, 1.09781) (0.563765, -0.774797) (-0.527906, 0.529505) (1.46191, 0.72419) (-0.0887603, -0.749368) 
(0.547994, 0.395076) (0.492239, 1.1491) (0.551268, -0.841606) (-0.490505, 0.497176) (1.44988, 0.689485) (-0.108661, -0.723984) 
(0.492058, 0.420323) (0.551364, 1.20632) (0.526796, -0.924431) (-0.440677, 0.458333) (1.42915, 0.650782) (-0.127904, -0.697541) 
(0.445359, 0.45251) (0.606686, 1.26148) (0.493671, -1.00206) (-0.39899, 0.419642) (1.40992, 0.615861) (-0.148588, -0.672735) 
(0.399186, 0.494921) (0.660564, 1.31598) (0.456722, -1.08651) (-0.358567, 0.382922) (1.39656, 0.579771) (-0.171042, -0.6458) 
(0.357887, 0.541402) (0.71008, 1.36148) (0.427599, -1.15891) (-0.322917, 0.347133) (1.3893, 0.552289) (-0.192934, -0.620305) 
(0.312212, 0.605399) (0.775406, 1.40894) (0.397672, -1.23781) (-0.280278, 0.304219) (1.3785, 0.516566) (-0.219159, -0.588498) 
(0.272994, 0.664069) (0.833805, 1.44362) (0.380707, -1.2973) (-0.24723, 0.269937) (1.37915, 0.495319) (-0.241417, -0.561707) 
(0.230623, 0.726263) (0.901351, 1.47838) (0.363792, -1.35579) (-0.2072, 0.231523) (1.36774, 0.471617) (-0.268317, -0.530461) 
(0.177262, 0.790149) (0.987093, 1.51199) (0.345344, -1.43185) (-0.157634, 0.181242) (1.35814, 0.448) (-0.302346, -0.490258) 
(0.135379, 0.828548) (1.05262, 1.53123) (0.337675, -1.48715) (-0.121307, 0.146334) (1.3455, 0.434638) (-0.329115, -0.459576) 
(0.0814601, 0.865032) (1.14097, 1.55441) (0.334882, -1.5568) (-0.0829778, 0.106973) (1.33437, 0.420368) (-0.363861, -0.419885) 
(0.038395, 0.886483) (1.20514, 1.57098) (0.329906, -1.60601) (-0.0506307, 0.0777101) (1.31731, 0.414811) (-0.390888, -0.389213) 
(-0.0228711, 0.909046) (1.28717, 1.5933) (0.325578, -1.68514) (-0.011408, 0.0449926) (1.29459, 0.402631) (-0.428509, -0.347238) 
(-0.0904596, 0.924215) (1.3607, 1.61935) (0.312747, -1.73879) (0.0348961, 0.00941753) (1.26614, 0.392698) (-0.46298, -0.306819) 
(-0.158859, 0.93501) (1.4241, 1.643) (0.284067, -1.78366) (0.0788584, -0.0244444) (1.24072, 0.384111) (-0.490863, -0.266254) 
(-0.229935, 0.945543) (1.48582, 1.66945) (0.250278, -1.8122) (0.124186, -0.0583049) (1.2104, 0.372268) (-0.512976, -0.227057) 
(-0.290069, 0.958715) (1.5391, 1.69754) (0.213092, -1.83096) (0.166073, -0.089863) (1.18134, 0.36367) (-0.524947, -0.185729) 
(-0.351139, 0.978131) (1.59556, 1.73157) (0.168614, -1.83381) (0.210578, -0.126374) (1.14525, 0.352425) (-0.533165, -0.144567) 
(-0.411911, 1.00527) (1.65292, 1.76571) (0.107341, -1.81103) (0.261004, -0.166993) (1.10591, 0.340583) (-0.531374, -0.0993761) 
(-0.46766, 1.0394) (1.70719, 1.79335) (0.0665417, -1.78687) (0.312703, -0.208077) (1.06147, 0.328907) (-0.522573, -0.0611459) 
(-0.502043, 1.06435) (1.7408, 1.8086) (0.0487109, -1.77911) (0.341628, -0.233365) (1.0316, 0.320183) (-0.516154, -0.0384906) 
(-0.561611, 1.11577) (1.79609, 1.82902) (0.0240937, -1.77849) (0.396461, -0.277869) (0.97665, 0.304907) (-0.503115, 0.00700849) 
(-0.621028, 1.1772) (1.84853, 1.84541) (0.012559, -1.78351) (0.449573, -0.321743) (0.927902, 0.290956) (-0.489428, 0.0522893) 
(-0.671863, 1.23303) (1.89424, 1.8567) (0.00369828, -1.79897) (0.495102, -0.35688) (0.887231, 0.275235) (-0.478928, 0.0932172) 
(-0.717255, 1.27935) (1.9327, 1.86247) (-0.00105214, -1.81588) (0.533092, -0.386572) (0.85619, 0.265478) (-0.471351, 0.132486) 
(-0.776259, 1.33066) (1.98163, 1.86645) (-0.00266044, -1.83711) (0.58286, -0.427117) (0.817075, 0.246392) (-0.460377, 0.181156) 
(-0.824318, 1.36691) (2.0203, 1.86582) (-0.00961329, -1.85724) (0.625339, -0.460415) (0.781906, 0.226035) (-0.453798, 0.228075) 
(-0.878652, 1.39837) (2.06193, 1.86579) (-0.0216919, -1.87124) (0.676454, -0.501779) (0.739186, 0.198066) (-0.442087, 0.286623) 
(-0.935601, 1.42083) (2.0972, 1.86641) (-0.0237153, -1.87993) (0.729554, -0.544686) (0.695344, 0.169533) (-0.431329, 0.348818) 
(-0.987345, 1.43402) (2.12286, 1.86763) (-0.0110194, -1.88632) (0.773277, -0.580394) (0.652804, 0.142503) (-0.421974, 0.39939) 
(-1.04682, 1.44323) (2.14365, 1.86976) (0.00825547, -1.89607) (0.819648, -0.617246) (0.608551, 0.114346) (-0.411844, 0.455114) 
(-1.10592, 1.44872) (2.15884, 1.8734) (0.027277, -1.90733) (0.862285, -0.651416) (0.562445, 0.0855416) (-0.402479, 0.505307) 
(-1.18093, 1.45305) (2.17286, 1.87879) (0.0554666, -1.91976) (0.91215, -0.693097) (0.512705, 0.0556247) (-0.391798, 0.56607) 
(-1.248, 1.46348) (2.18237, 1.88531) (0.0804699, -1.93016) (0.959175, -0.729941) (0.46756, 0.0265395) (-0.37755, 0.621602) 
(-1.29917, 1.47819) (2.18908, 1.89005) (0.0966213, -1.93253) (0.99859, -0.761258) (0.429851, 0.00196034) (-0.368309, 0.667319) 
(-1.35549, 1.50196) (2.19771, 1.89471) (0.113267, -1.93672) (1.04573, -0.798837) (0.384173, -0.0249055) (-0.355976, 0.722741) 
(-1.41314, 1.53707) (2.20718, 1.89791) (0.128846, -1.93957) (1.09953, -0.842453) (0.329851, -0.0590869) (-0.342785, 0.788588) 
(-1.45852, 1.57421) (2.21397, 1.89707) (0.139433, -1.94966) (1.14594, -0.879049) (0.282235, -0.0887961) (-0.33085, 0.846874) 
(-1.49781, 1.61528) (2.22069, 1.89781) (0.141307, -1.95893) (1.18803, -0.914094) (0.238562, -0.116763) (-0.321041, 0.900447) 
(-1.54158, 1.6724) (2.23311, 1.90691) (0.134617, -1.96991) (1.23984, -0.955393) (0.1891, -0.14823) (-0.307254, 0.961795) 
(-1.57909, 1.72757) (2.23911, 1.92164) (0.119985, -1.97942) (1.2842, -0.991894) (0.146349, -0.174495) (-0.296322, 1.01588) 
(-1.627, 1.79234) (2.24566, 1.94434) (0.0979959, -1.99225) (1.3358, -1.03302) (0.0947132, -0.206002) (-0.283657, 1.07874) 
(-1.66816, 1.83905) (2.2534, 1.9705) (0.0886958, -1.9988) (1.37875, -1.06862) (0.0520401, -0.233007) (-0.272871, 1.1312) 
(-1.71587, 1.88228) (2.2678, 2.00582) (0.0816148, -2.00284) (1.42847, -1.11011) (0.000327799, -0.264987) (-0.259885, 1.19152) 
(-1.75558, 1.90739) (2.28277, 2.03411) (0.0809035, -2.00689) (1.47116, -1.1453) (-0.0442051, -0.291189) (-0.249239, 1.24393) 
(-1.79285, 1.92027) (2.29496, 2.05614) (0.0802545, -2.01189) (1.51344, -1.18011) (-0.0877674, -0.316908) (-0.238731, 1.29586) 
(-1.83516, 1.92184) (2.30341, 2.07539) (0.0755417, -2.01344) (1.56658, -1.22426) (-0.141349, -0.351588) (-0.224986, 1.36033) 
(-1.86659, 1.91046) (2.3069, 2.08844) (0.0722409, -2.01042) (1.61675, -1.26525) (-0.191619, -0.385118) (-0.211329, 1.41737) 
(-1.88872, 1.89838) (2.30582, 2.09845) (0.0698435, -2.00556) (1.65586, -1.29671) (-0.231727, -0.411665) (-0.201821, 1.46282) 
(-1.91604, 1.88183) (2.30007, 2.10931) (0.0670853, -1.99375) (1.70986, -1.34082) (-0.287995, -0.448009) (-0.187064, 1.52991) 
(-1.93451, 1.87275) (2.29335, 2.11493) (0.0649614, -1.98664) (1.75265, -1.37569) (-0.331086, -0.477161) (-0.175175, 1.58312) 
(-1.95026, 1.86806) (2.28498, 2.11952) (0.0626936, -1.98196) (1.79136, -1.40767) (-0.374314, -0.503187) (-0.162687, 1.6358) 
(-1.96846, 1.86753) (2.27506, 2.12398) (0.0595752, -1.97696) (1.83769, -1.44566) (-0.429209, -0.536654) (-0.148602, 1.69925) 
(-1.98592, 1.87141) (2.26879, 2.12711) (0.0568457, -1.97224) (1.8738, -1.47601) (-0.473838, -0.564094) (-0.137204, 1.75249) 
(-2.01023, 1.87865) (2.26693, 2.12793) (0.0598113, -1.97011) (1.91315, -1.50952) (-0.52129, -0.594839) (-0.123636, 1.80933) 
(-2.03993, 1.88957) (2.27532, 2.12584) (0.0602981, -1.9694) (1.93789, -1.52957) (-0.575239, -0.629234) (-0.108893, 1.87114) 
(-2.06097, 1.8992) (2.28579, 2.12246) (0.0592261, -1.97153) (1.9398, -1.53105) (-0.611342, -0.651894) (-0.0979153, 1.91532) 
(-2.09612, 1.91642) (2.30458, 2.11171) (0.0618239, -1.97562) (1.93473, -1.52617) (-0.667978, -0.688967) (-0.0809586, 1.98283) 
(-2.12564, 1.92742) (2.32441, 2.10304) (0.0619957, -1.9753) (1.9383, -1.53008) (-0.717626, -0.720502) (-0.0669468, 2.03893) 
(-2.1573, 1.93493) (2.34257, 2.09144) (0.0624223, -1.97468) (1.93785, -1.5295) (-0.770851, -0.754371) (-0.0524135, 2.10069) 
(-2.18298, 1.93838) (2.35712, 2.08197) (0.0686032, -1.97581) (1.93789, -1.52968) (-0.818601, -0.784815) (-0.0391382, 2.15335) 
(-2.20044, 1.94032) (2.36489, 2.07432) (0.0751996, -1.96413) (1.93803, -1.52969) (-0.862187, -0.812955) (-0.0259688, 2.20086) 
(-2.21026, 1.9433) (2.36913, 2.06791) (0.0753926, -1.95337) (1.93801, -1.52971) (-0.911207, -0.843844) (-0.0120774, 2.24711) 
(-2.20964, 1.94689) (2.37003, 2.06493) (0.078125, -1.95323) (1.93794, -1.52975) (-0.959632, -0.874489) (-0.000180001, 2.29064) 
(-2.2, 1.95264) (2.36986, 2.06546) (0.0826095, -1.9499) (1.93817, -1.52986) (-1.0091, -0.905495) (0.0139856, 2.33465) 
(-2.18058, 1.96001) (2.36627, 2.06845) (0.0814186, -1.94428) (1.93797, -1.5298) (-1.06219, -0.938597) (0.0216855, 2.36083) 
(-2.15853, 1.96451) (2.36266, 2.07102) (0.084748, -1.94841) (1.93803, -1.52972) (-1.1154, -0.971457) (0.0209761, 2.35682) 
(-2.14383, 1.96836) (2.35972, 2.07239) (0.0943273, -1.94859) (1.93805, -1.52978) (-1.15042, -0.992459) (0.0195908, 2.35314) 
(-2.11778, 1.97594) (2.35399, 2.07398) (0.105819, -1.95092) (1.93808, -1.52978) (-1.21544, -1.03398) (0.020839, 2.35721) 
(-2.10942, 1.97848) (2.35071, 2.07615) (0.106068, -1.95616) (1.93803, -1.52974) (-1.2569, -1.06066) (0.021612, 2.35887) 
(-2.10885, 1.97727) (2.34743, 2.07895) (0.107299, -1.95722) (1.93801, -1.52982) (-1.31718, -1.09916) (0.0214334, 2.35848) 
(-2.1154, 1.97451) (2.34403, 2.08064) (0.108291, -1.95675) (1.93803, -1.52982) (-1.35615, -1.12399) (0.0214487, 2.35857) 
(-2.12681, 1.96684) (2.34141, 2.08202) (0.10854, -1.95755) (1.93806, -1.52975) (-1.40551, -1.15658) (0.0215572, 2.35852) 
(-2.13841, 1.96028) (2.34001, 2.08287) (0.1096, -1.9588) (1.93805, -1.52975) (-1.44916, -1.18447) (0.021436, 2.35843) 
(-2.15217, 1.95034) (2.33904, 2.08388) (0.109358, -1.95784) (1.93805, -1.52974) (-1.5058, -1.22269) (0.0215316, 2.35857) 
(-2.16061, 1.94148) (2.33871, 2.08402) (0.109606, -1.95761) (1.93806, -1.52975) (-1.55599, -1.25511) (0.0214956, 2.3585) 
(-2.16634, 1.93204) (2.33891, 2.08373) (0.108303, -1.95607) (1.93803, -1.52975) (-1.60889, -1.29122) (0.0215172, 2.35848) 
(-2.16802, 1.92437) (2.33947, 2.08354) (0.10787, -1.95365) (1.93804, -1.52975) (-1.65162, -1.31758) (0.0215286, 2.35853) 
(-2.16869, 1.91835) (2.34007, 2.08356) (0.107959, -1.95187) (1.93803, -1.52974) (-1.69374, -1.34404) (0.0214848, 2.35843) 
(-2.16937, 1.91137) (2.34078, 2.08293) (0.107288, -1.95044) (1.93801, -1.52975) (-1.7541, -1.38287) (0.0214941, 2.35851) 
(-2.17011, 1.90773) (2.34153, 2.08169) (0.10268, -1.9461) (1.93805, -1.52976) (-1.80933, -1.41933) (0.0215536, 2.35851) 
(-2.16956, 1.90527) (2.34213, 2.08076) (0.100721, -1.94464) (1.93805, -1.52976) (-1.85244, -1.44718) (0.0213922, 2.35837) 
(-2.16942, 1.90406) (2.34294, 2.08011) (0.0978661, -1.94471) (1.93802, -1.52974) (-1.89681, -1.47631) (0.0214948, 2.35847) 
