(2.21256, 2.08017) (0, 0) (2.2707, -1.76237) (-2.38716, 2.16498) (0, 0) (-2.32784, -1.4831) 
(2.21193, 2.08036) (0, 0) (2.27193, -1.76358) (-2.38719, 2.165) (0, 0) (-2.32782, -1.4831) 
(2.21212, 2.08102) (0, 0) (2.27014, -1.76661) (-2.38723, 2.165) (0, 0) (-2.32786, -1.48309) 
(2.21182, 2.0812) (0, 0) (2.26711, -1.76943) (-2.38398, 2.16491) (0, 0) (-2.32939, -1.48358) 
(2.21154, 2.08118) (0, 0) (2.26591, -1.77142) (-2.37674, 2.16483) (0, 0) (-2.32708, -1.48463) 
(2.21095, 2.08152) (0, 0) (2.2675, -1.77319) (-2.37085, 2.16339) (0, 0) (-2.31889, -1.48411) 
(2.21017, 2.08196) (0, 0) (2.26839, -1.77452) (-2.35743, 2.16347) (0, 0) (-2.30387, -1.48613) 
(2.2094, 2.0822) (0, 0) (2.26556, -1.77549) (-2.34229, 2.16188) (0, 0) (-2.29042, -1.48661) 
(2.2078, 2.08347) (0, 0) (2.26071, -1.77478) (-2.32622, 2.15994) (0, 0) (-2.27559, -1.48725) 
(2.20567, 2.09216) (0, 0) (2.25481, -1.77054) (-2.30545, 2.15766) (0, 0) (-2.2542, -1.48884) 
(2.19787, 2.1118) (0, 0) (2.24591, -1.76115) (-2.28215, 2.15557) (0, 0) (-2.22817, -1.48984) 
(2.18807, 2.1353) (0, 0) (2.23584, -1.74719) (-2.25849, 2.15423) (0, 0) (-2.20765, -1.49045) 
(2.17526, 2.1596) (0, 0) (2.22094, -1.72852) (-2.23269, 2.15256) (0, 0) (-2.18286, -1.4917) 
(2.15312, 2.1729) (0, 0) (2.20299, -1.70567) (-2.20612, 2.14937) (0, 0) (-2.16121, -1.49291) 
(2.12166, 2.17657) (0, 0) (2.17903, -1.67979) (-2.17403, 2.14777) (0, 0) (-2.13049, -1.49439) 
(2.09749, 2.17442) (0, 0) (2.16393, -1.67069) (-2.1532, 2.14543) (0, 0) (-2.1094, -1.49571) 
(2.03129, 2.15883) (0, 0) (2.11845, -1.65712) (-2.10786, 2.14171) (0, 0) (-2.06173, -1.49816) 
(1.96933, 2.14015) (0, 0) (2.0656, -1.65097) (-2.0701, 2.13826) (0, 0) (-2.02844, -1.50035) 
(1.86636, 2.11139) (0, 0) (1.97224, -1.66583) (-2.01224, 2.13434) (0, 0) (-1.9746, -1.5032) 
(1.83422, 2.10573) (0, 0) (1.94018, -1.67654) (-1.98918, 2.13212) (0, 0) (-1.95196, -1.5044) 
(1.77148, 2.09832) (0, 0) (1.87378, -1.7019) (-1.94845, 2.13013) (0, 0) (-1.90758, -1.50681) 
(1.71086, 2.09499) (0, 0) (1.8059, -1.72279) (-1.90691, 2.12622) (0, 0) (-1.86944, -1.50868) 
(1.62999, 2.09547) (0, 0) (1.72836, -1.73224) (-1.85885, 2.12207) (0, 0) (-1.81965, -1.51216) 
(1.55335, 2.10287) (0, 0) (1.66204, -1.72748) (-1.81411, 2.11703) (0, 0) (-1.77348, -1.51476) 
(1.47017, 2.119) (0, 0) (1.5978, -1.72072) (-1.7682, 2.11263) (0, 0) (-1.72411, -1.51756) 
(1.37738, 2.14221) (0, 0) (1.51646, -1.70853) (-1.71024, 2.10772) (0, 0) (-1.66734, -1.52036) 
(1.29828, 2.154) (0, 0) (1.43991, -1.68271) (-1.65582, 2.10349) (0, 0) (-1.61422, -1.52364) 
(1.22348, 2.1581) (0, 0) (1.36803, -1.65102) (-1.60533, 2.09968) (0, 0) (-1.5627, -1.52609) 
(1.12995, 2.15886) (0, 0) (1.29412, -1.61737) (-1.54564, 2.09557) (0, 0) (-1.50136, -1.53013) 
(1.04747, 2.1565) (0, 0) (1.22902, -1.59969) (-1.49561, 2.09261) (0, 0) (-1.44951, -1.53308) 
(0.941895, 2.14914) (0, 0) (1.13913, -1.59346) (-1.431, 2.08806) (0, 0) (-1.38463, -1.5364) 
(0.860763, 2.14544) (0, 0) (1.06604, -1.59761) (-1.38169, 2.08428) (0, 0) (-1.33494, -1.53808) 
(0.781787, 2.14557) (0, 0) (0.982736, -1.5968) (-1.33235, 2.08201) (0, 0) (-1.27621, -1.54205) 
(0.722033, 2.14907) (0, 0) (0.908095, -1.59858) (-1.29016, 2.06918) (0, 0) (-1.22545, -1.54527) 
(0.658923, 2.15573) (0, 0) (0.83194, -1.60995) (-1.25048, 2.05284) (0, 0) (-1.17816, -1.54846) 
(0.570945, 2.16752) (0, 0) (0.744186, -1.6372) (-1.2064, 2.02721) (0, 0) (-1.13024, -1.56071) 
(0.487477, 2.18383) (0, 0) (0.668428, -1.65494) (-1.17098, 2.00412) (0, 0) (-1.08797, -1.57755) 
(0.401265, 2.2018) (0, 0) (0.595005, -1.66094) (-1.13293, 1.97881) (0, 0) (-1.0516, -1.59731) 
(0.323288, 2.2182) (0, 0) (0.518016, -1.65135) (-1.09189, 1.95554) (0, 0) (-1.01013, -1.61651) 
(0.24754, 2.23391) (0, 0) (0.44521, -1.64228) (-1.05695, 1.93424) (0, 0) (-0.97578, -1.63126) 
(0.175446, 2.24456) (0, 0) (0.370294, -1.63561) (-1.01775, 1.91846) (0, 0) (-0.945814, -1.63493) 
(0.108079, 2.24875) (0, 0) (0.302504, -1.6191) (-0.977367, 1.9034) (0, 0) (-0.906019, -1.64192) 
(0.0247191, 2.24685) (0, 0) (0.226421, -1.58556) (-0.931037, 1.88618) (0, 0) (-0.86586, -1.65254) 
(-0.0457085, 2.23813) (0, 0) (0.154772, -1.55356) (-0.886143, 1.87081) (0, 0) (-0.842625, -1.66023) 
(-0.133837, 2.22722) (0, 0) (0.0845328, -1.52518) (-0.83411, 1.85348) (0, 0) (-0.818578, -1.67905) 
(-0.20776, 2.22386) (0, 0) (0.0202715, -1.5109) (-0.791891, 1.83848) (0, 0) (-0.79688, -1.69895) 
(-0.290241, 2.22603) (0, 0) (-0.0494294, -1.48602) (-0.7495, 1.82088) (0, 0) (-0.774168, -1.72281) 
(-0.354728, 2.2325) (0, 0) (-0.104739, -1.45841) (-0.716015, 1.80293) (0, 0) (-0.753233, -1.74256) 
(-0.450616, 2.24635) (0, 0) (-0.173281, -1.41669) (-0.68006, 1.78154) (0, 0) (-0.725705, -1.76895) 
(-0.530816, 2.2566) (0, 0) (-0.213357, -1.38409) (-0.656568, 1.75298) (0, 0) (-0.701019, -1.78979) 
(-0.620935, 2.27127) (0, 0) (-0.242735, -1.35663) (-0.63016, 1.72033) (0, 0) (-0.673603, -1.80692) 
(-0.708396, 2.28353) (0, 0) (-0.252576, -1.3202) (-0.600388, 1.68756) (0, 0) (-0.648296, -1.81719) 
(-0.799104, 2.29001) (0, 0) (-0.264581, -1.27548) (-0.572797, 1.65148) (0, 0) (-0.621296, -1.82372) 
(-0.876228, 2.29011) (0, 0) (-0.282972, -1.22875) (-0.5444, 1.62728) (0, 0) (-0.601721, -1.8232) 
(-0.964466, 2.29004) (0, 0) (-0.298007, -1.15938) (-0.514686, 1.60662) (0, 0) (-0.581427, -1.82091) 
(-1.05077, 2.28787) (0, 0) (-0.305501, -1.09893) (-0.480703, 1.59494) (0, 0) (-0.568075, -1.81282) 
(-1.13152, 2.28004) (0, 0) (-0.314238, -1.05868) (-0.454438, 1.58591) (0, 0) (-0.550836, -1.80715) 
(-1.22987, 2.26636) (0, 0) (-0.3311, -1.0369) (-0.421798, 1.58483) (0, 0) (-0.524141, -1.79916) 
(-1.30771, 2.25859) (0, 0) (-0.355844, -1.02712) (-0.398791, 1.58481) (0, 0) (-0.494503, -1.79328) 
(-1.39333, 2.25707) (0, 0) (-0.402865, -1.02854) (-0.370193, 1.59413) (0, 0) (-0.463862, -1.79402) 
(-1.47187, 2.26018) (0, 0) (-0.45787, -1.04513) (-0.33969, 1.60329) (0, 0) (-0.438869, -1.79546) 
(-1.54773, 2.26238) (0, 0) (-0.511585, -1.07301) (-0.31134, 1.60962) (0, 0) (-0.410626, -1.79697) 
(-1.64241, 2.26825) (0, 0) (-0.569381, -1.12102) (-0.274014, 1.61761) (0, 0) (-0.374755, -1.80037) 
(-1.72419, 2.27755) (0, 0) (-0.620691, -1.16737) (-0.241855, 1.62176) (0, 0) (-0.343218, -1.80017) 
(-1.81553, 2.29018) (0, 0) (-0.673807, -1.20202) (-0.199502, 1.62604) (0, 0) (-0.300692, -1.79774) 
(-1.89475, 2.29679) (0, 0) (-0.733128, -1.21672) (-0.160947, 1.62637) (0, 0) (-0.261391, -1.79117) 
(-1.96525, 2.29804) (0, 0) (-0.793488, -1.22365) (-0.114508, 1.6281) (0, 0) (-0.220021, -1.78422) 
(-2.03537, 2.29706) (0, 0) (-0.860363, -1.2293) (-0.0670864, 1.63091) (0, 0) (-0.174562, -1.77947) 
(-2.14039, 2.29025) (0, 0) (-0.958919, -1.21663) (0.00473421, 1.63806) (0, 0) (-0.114512, -1.77661) 
(-2.16451, 2.28599) (0, 0) (-0.984383, -1.20982) (0.0215289, 1.63914) (0, 0) (-0.0997934, -1.77626) 
(-2.24989, 2.26817) (0, 0) (-1.07854, -1.1788) (0.0864036, 1.64563) (0, 0) (-0.0464466, -1.77745) 
(-2.30478, 2.25428) (0, 0) (-1.1489, -1.16899) (0.138051, 1.65292) (0, 0) (-0.00696545, -1.77848) 
(-2.36499, 2.24476) (0, 0) (-1.2275, -1.17707) (0.200019, 1.66174) (0, 0) (0.045881, -1.77763) 
(-2.41267, 2.24334) (0, 0) (-1.28727, -1.19526) (0.254776, 1.66828) (0, 0) (0.0951894, -1.77654) 
(-2.46625, 2.24461) (0, 0) (-1.35611, -1.21257) (0.318745, 1.67498) (0, 0) (0.152652, -1.77316) 
(-2.51504, 2.25156) (0, 0) (-1.42542, -1.23949) (0.374774, 1.68191) (0, 0) (0.206971, -1.7693) 
(-2.55374, 2.26449) (0, 0) (-1.48875, -1.27647) (0.427348, 1.68931) (0, 0) (0.259962, -1.76471) 
(-2.5887, 2.27869) (0, 0) (-1.56281, -1.3262) (0.491028, 1.69661) (0, 0) (0.315789, -1.76071) 
(-2.61557, 2.28648) (0, 0) (-1.63109, -1.37056) (0.549965, 1.70366) (0, 0) (0.363692, -1.75892) 
(-2.63754, 2.2926) (0, 0) (-1.69525, -1.40808) (0.602797, 1.71179) (0, 0) (0.408331, -1.75667) 
(-2.65918, 2.29836) (0, 0) (-1.76297, -1.43169) (0.660461, 1.72033) (0, 0) (0.454346, -1.75619) 
(-2.68085, 2.30113) (0, 0) (-1.84336, -1.43926) (0.723843, 1.72847) (0, 0) (0.513653, -1.7557) 
(-2.69378, 2.29799) (0, 0) (-1.89998, -1.4412) (0.777142, 1.73472) (0, 0) (0.566744, -1.75489) 
(-2.70031, 2.29139) (0, 0) (-1.94157, -1.42973) (0.830232, 1.74229) (0, 0) (0.622109, -1.75371) 
(-2.7038, 2.28219) (0, 0) (-1.96834, -1.39817) (0.88983, 1.75029) (0, 0) (0.682957, -1.75209) 
(-2.70715, 2.27009) (0, 0) (-1.99202, -1.37127) (0.950933, 1.75821) (0, 0) (0.741913, -1.75005) 
(-2.71127, 2.26166) (0, 0) (-2.02301, -1.3659) (1.0201, 1.76901) (0, 0) (0.807531, -1.74861) 
(-2.71502, 2.25855) (0, 0) (-2.04689, -1.35766) (1.0745, 1.77692) (0, 0) (0.859773, -1.74629) 
(-2.71916, 2.25557) (0, 0) (-2.06936, -1.352) (1.13323, 1.78612) (0, 0) (0.915336, -1.74402) 
(-2.72279, 2.25355) (0, 0) (-2.10252, -1.35635) (1.19348, 1.79508) (0, 0) (0.968841, -1.74183) 
(-2.72503, 2.2525) (0, 0) (-2.14232, -1.35907) (1.24854, 1.80268) (0, 0) (1.01794, -1.74091) 
(-2.72521, 2.25374) (0, 0) (-2.18203, -1.36859) (1.30717, 1.81189) (0, 0) (1.07203, -1.73928) 
(-2.72528, 2.25566) (0, 0) (-2.22198, -1.37076) (1.36797, 1.82118) (0, 0) (1.13296, -1.73882) 
(-2.72577, 2.25584) (0, 0) (-2.23896, -1.38148) (1.41846, 1.82854) (0, 0) (1.18446, -1.73799) 
(-2.72609, 2.25502) (0, 0) (-2.24608, -1.4153) (1.48309, 1.8404) (0, 0) (1.24468, -1.7378) 
(-2.72506, 2.25514) (0, 0) (-2.24722, -1.44327) (1.54211, 1.85058) (0, 0) (1.30111, -1.73651) 
(-2.72316, 2.25556) (0, 0) (-2.24031, -1.47204) (1.59987, 1.8605) (0, 0) (1.35841, -1.73523) 
(-2.72272, 2.25698) (0, 0) (-2.23372, -1.50922) (1.66226, 1.87333) (0, 0) (1.42288, -1.73399) 
(-2.72396, 2.2583) (0, 0) (-2.22704, -1.53794) (1.71078, 1.88284) (0, 0) (1.47068, -1.7332) 
(-2.72574, 2.25951) (0, 0) (-2.21014, -1.57572) (1.77244, 1.89556) (0, 0) (1.53043, -1.73214) 
(-2.72683, 2.26068) (0, 0) (-2.19379, -1.6052) (1.83144, 1.90682) (0, 0) (1.58529, -1.73148) 
(-2.72775, 2.26193) (0, 0) (-2.18719, -1.62702) (1.88593, 1.91799) (0, 0) (1.63705, -1.73004) 
(-2.72956, 2.26327) (0, 0) (-2.19564, -1.6384) (1.9426, 1.92852) (0, 0) (1.69939, -1.72972) 
(-2.73234, 2.26482) (0, 0) (-2.22028, -1.63401) (1.99697, 1.94244) (0, 0) (1.75597, -1.72942) 
(-2.73456, 2.26632) (0, 0) (-2.24438, -1.62611) (2.04806, 1.95303) (0, 0) (1.80701, -1.72902) 
(-2.736, 2.2686) (0, 0) (-2.26469, -1.61118) (2.105, 1.96601) (0, 0) (1.86388, -1.72849) 
(-2.73668, 2.27152) (0, 0) (-2.27813, -1.59474) (2.16284, 1.98104) (0, 0) (1.93115, -1.72854) 
(-2.73761, 2.27296) (0, 0) (-2.28161, -1.58309) (2.20584, 1.9906) (0, 0) (1.98441, -1.72839) 
(-2.73941, 2.27359) (0, 0) (-2.28315, -1.57269) (2.25262, 2.00504) (0, 0) (2.04339, -1.72912) 
(-2.74142, 2.27263) (0, 0) (-2.28644, -1.56664) (2.28644, 2.01525) (0, 0) (2.10462, -1.72801) 
(-2.742, 2.27166) (0, 0) (-2.29028, -1.56433) (2.28857, 2.01658) (0, 0) (2.15328, -1.72804) 
(-2.74134, 2.27064) (0, 0) (-2.29292, -1.56228) (2.28405, 2.0147) (0, 0) (2.19915, -1.72887) 
(-2.74097, 2.27017) (0, 0) (-2.29528, -1.56138) (2.28729, 2.01578) (0, 0) (2.25151, -1.72821) 
