(1.38422, -0.408459) (2.50833, -0.300361) (-2.58026, 0.645422) (-1.61506, 0.574754) (-0.0597616, 2.52467) (-0.191789, -1.8739) 
(1.38578, -0.40894) (2.5076, -0.301459) (-2.57954, 0.644284) (-1.61509, 0.574766) (-0.0598126, 2.52467) (-0.191833, -1.8739) 
(1.38694, -0.410258) (2.50748, -0.301519) (-2.57955, 0.643084) (-1.61508, 0.574783) (-0.0597095, 2.52462) (-0.191814, -1.87386) 
(1.38921, -0.412525) (2.50778, -0.301347) (-2.57944, 0.642105) (-1.61256, 0.572436) (-0.0647166, 2.51897) (-0.195384, -1.87951) 
(1.3939, -0.416905) (2.50801, -0.301021) (-2.57853, 0.641494) (-1.60288, 0.570011) (-0.0659248, 2.5032) (-0.199572, -1.87946) 
(1.39567, -0.423257) (2.50777, -0.301081) (-2.57563, 0.642001) (-1.59719, 0.567581) (-0.0659146, 2.49264) (-0.202621, -1.87237) 
(1.39176, -0.434771) (2.5065, -0.30155) (-2.56355, 0.643252) (-1.58468, 0.565833) (-0.0616541, 2.48198) (-0.209448, -1.85749) 
(1.38499, -0.449758) (2.50481, -0.302869) (-2.54707, 0.640744) (-1.57288, 0.563664) (-0.0574222, 2.47257) (-0.212523, -1.8463) 
(1.37676, -0.469908) (2.49827, -0.305852) (-2.52465, 0.635713) (-1.55701, 0.563126) (-0.0493448, 2.46579) (-0.214368, -1.83061) 
(1.36642, -0.493354) (2.48683, -0.31369) (-2.48908, 0.63005) (-1.54241, 0.562102) (-0.0453355, 2.45302) (-0.212985, -1.81272) 
(1.35461, -0.517715) (2.47414, -0.325417) (-2.44338, 0.629706) (-1.52444, 0.561342) (-0.0405464, 2.43675) (-0.212456, -1.79459) 
(1.34321, -0.537936) (2.45946, -0.340088) (-2.39392, 0.635365) (-1.50581, 0.560543) (-0.038573, 2.42166) (-0.210735, -1.77299) 
(1.33053, -0.553856) (2.44402, -0.35888) (-2.33957, 0.64502) (-1.48551, 0.559214) (-0.0419972, 2.40085) (-0.208843, -1.75474) 
(1.30435, -0.56521) (2.42324, -0.38296) (-2.27375, 0.666364) (-1.45825, 0.558467) (-0.0438771, 2.37559) (-0.206579, -1.72756) 
(1.27082, -0.567948) (2.39806, -0.404322) (-2.21792, 0.683003) (-1.4341, 0.556828) (-0.0461234, 2.34802) (-0.204131, -1.70208) 
(1.21884, -0.559401) (2.35865, -0.425768) (-2.15989, 0.699788) (-1.40264, 0.555378) (-0.0481408, 2.31775) (-0.201153, -1.66801) 
(1.16769, -0.543636) (2.31875, -0.433626) (-2.11946, 0.70341) (-1.36998, 0.553844) (-0.0464377, 2.28498) (-0.20166, -1.6389) 
(1.11758, -0.52306) (2.27276, -0.435638) (-2.07974, 0.701835) (-1.33887, 0.552174) (-0.0434302, 2.25363) (-0.203734, -1.60822) 
(1.05715, -0.491282) (2.20671, -0.431627) (-2.02354, 0.689626) (-1.29671, 0.549751) (-0.0343149, 2.20998) (-0.210631, -1.5851) 
(1.00354, -0.45904) (2.1444, -0.416692) (-1.96515, 0.669369) (-1.25514, 0.547151) (-0.0194256, 2.16536) (-0.223179, -1.56543) 
(0.959359, -0.437249) (2.09031, -0.400612) (-1.92368, 0.653103) (-1.21802, 0.544128) (-0.00957356, 2.13151) (-0.23311, -1.55124) 
(0.907382, -0.421456) (2.03329, -0.382663) (-1.87384, 0.638026) (-1.18351, 0.542538) (0.00549618, 2.0965) (-0.247881, -1.53378) 
(0.816233, -0.408161) (1.94228, -0.366856) (-1.77783, 0.630616) (-1.12783, 0.533621) (0.0256811, 2.03927) (-0.265954, -1.50046) 
(0.745379, -0.406224) (1.87837, -0.372494) (-1.71137, 0.639624) (-1.08867, 0.527451) (0.0411076, 1.99811) (-0.273251, -1.48455) 
(0.652602, -0.413759) (1.79808, -0.389568) (-1.63871, 0.659396) (-1.04206, 0.520924) (0.0631454, 1.94889) (-0.275295, -1.46017) 
(0.584718, -0.425081) (1.73679, -0.406047) (-1.58271, 0.687767) (-1.01055, 0.516149) (0.0768677, 1.91459) (-0.275042, -1.44324) 
(0.483518, -0.438921) (1.62825, -0.443091) (-1.48151, 0.744286) (-0.963211, 0.508453) (0.104283, 1.85765) (-0.273671, -1.41754) 
(0.425131, -0.438708) (1.5508, -0.47279) (-1.40435, 0.779297) (-0.932247, 0.497791) (0.122427, 1.81853) (-0.274686, -1.3973) 
(0.360331, -0.431092) (1.46243, -0.504835) (-1.3072, 0.812269) (-0.899971, 0.487192) (0.146659, 1.77136) (-0.277906, -1.37567) 
(0.277783, -0.421147) (1.35755, -0.525829) (-1.19922, 0.836147) (-0.868963, 0.468822) (0.171666, 1.71755) (-0.286188, -1.36514) 
(0.176904, -0.409529) (1.25062, -0.533538) (-1.10722, 0.851807) (-0.83416, 0.442166) (0.197342, 1.66607) (-0.294909, -1.35274) 
(0.0741722, -0.391441) (1.14673, -0.540641) (-1.01814, 0.859835) (-0.799619, 0.414444) (0.220442, 1.61829) (-0.30746, -1.34284) 
(-0.0349418, -0.369804) (1.03781, -0.542823) (-0.927254, 0.863789) (-0.765704, 0.385304) (0.241867, 1.57246) (-0.320821, -1.32789) 
(-0.125816, -0.354736) (0.936028, -0.540124) (-0.828544, 0.862877) (-0.732434, 0.361748) (0.261218, 1.53053) (-0.329317, -1.31504) 
(-0.220362, -0.353706) (0.820232, -0.54213) (-0.709453, 0.856697) (-0.689596, 0.335487) (0.28401, 1.48294) (-0.336897, -1.30016) 
(-0.292071, -0.368343) (0.723383, -0.559381) (-0.610643, 0.837591) (-0.65294, 0.315779) (0.299255, 1.44319) (-0.336619, -1.28754) 
(-0.377567, -0.394373) (0.623648, -0.586803) (-0.503644, 0.811334) (-0.60879, 0.290857) (0.314233, 1.40276) (-0.338309, -1.27299) 
(-0.458704, -0.424774) (0.532194, -0.614298) (-0.403765, 0.785254) (-0.569612, 0.26963) (0.331728, 1.36377) (-0.336661, -1.258) 
(-0.551841, -0.465057) (0.428978, -0.647886) (-0.28997, 0.759294) (-0.522686, 0.244287) (0.355134, 1.33313) (-0.332563, -1.24049) 
(-0.66577, -0.513309) (0.307534, -0.686571) (-0.160732, 0.718486) (-0.46584, 0.209475) (0.376292, 1.3004) (-0.323268, -1.21912) 
(-0.752539, -0.537569) (0.212767, -0.711479) (-0.0737969, 0.671676) (-0.42164, 0.185621) (0.388911, 1.27267) (-0.312001, -1.20412) 
(-0.845379, -0.552326) (0.106873, -0.725416) (0.0134363, 0.623058) (-0.380205, 0.160486) (0.398287, 1.24658) (-0.300355, -1.19446) 
(-0.94678, -0.565416) (-0.00709817, -0.733128) (0.117751, 0.562003) (-0.334526, 0.134713) (0.401575, 1.21471) (-0.285007, -1.18565) 
(-1.03966, -0.574058) (-0.109713, -0.735656) (0.210258, 0.505255) (-0.297761, 0.118866) (0.400599, 1.18262) (-0.271165, -1.17912) 
(-1.14995, -0.579634) (-0.222178, -0.729598) (0.316073, 0.454078) (-0.260178, 0.103197) (0.396849, 1.14827) (-0.252286, -1.17265) 
(-1.26078, -0.587952) (-0.327344, -0.720404) (0.42433, 0.417693) (-0.222039, 0.0935853) (0.390543, 1.11214) (-0.228408, -1.1678) 
(-1.3661, -0.613323) (-0.442997, -0.721416) (0.539871, 0.390412) (-0.181031, 0.084599) (0.382943, 1.07526) (-0.199683, -1.1679) 
(-1.44958, -0.643649) (-0.531141, -0.729574) (0.640227, 0.37459) (-0.145982, 0.0807423) (0.372587, 1.04576) (-0.18048, -1.17138) 
(-1.55041, -0.68379) (-0.635386, -0.745153) (0.769309, 0.36141) (-0.106918, 0.077773) (0.356022, 1.0082) (-0.163428, -1.17491) 
(-1.64735, -0.727714) (-0.734347, -0.763028) (0.889126, 0.343182) (-0.070302, 0.081189) (0.340718, 0.973864) (-0.147311, -1.17573) 
(-1.73619, -0.772299) (-0.831803, -0.778661) (0.997158, 0.321213) (-0.0358298, 0.0855543) (0.323825, 0.943104) (-0.135206, -1.17404) 
(-1.83504, -0.817692) (-0.939868, -0.789643) (1.11685, 0.287463) (0.00986174, 0.0919594) (0.298731, 0.901729) (-0.120733, -1.16766) 
(-1.90767, -0.84012) (-1.03249, -0.78427) (1.21392, 0.25533) (0.0482073, 0.0994938) (0.275981, 0.866671) (-0.107306, -1.16077) 
(-1.98341, -0.853968) (-1.12505, -0.765341) (1.31546, 0.216476) (0.0932875, 0.108191) (0.248437, 0.826732) (-0.095294, -1.14955) 
(-2.06494, -0.858556) (-1.21613, -0.732853) (1.43241, 0.164307) (0.144622, 0.116295) (0.215379, 0.785426) (-0.0850667, -1.13708) 
(-2.13454, -0.852961) (-1.28884, -0.698261) (1.53046, 0.116019) (0.19098, 0.122102) (0.18455, 0.748835) (-0.0789526, -1.126) 
(-2.21612, -0.836362) (-1.37612, -0.643112) (1.64498, 0.0681956) (0.245342, 0.129957) (0.150384, 0.707213) (-0.0710009, -1.11148) 
(-2.28819, -0.822257) (-1.45376, -0.595853) (1.74346, 0.0333892) (0.29817, 0.137048) (0.12226, 0.671146) (-0.0631316, -1.09511) 
(-2.34616, -0.82173) (-1.53781, -0.563043) (1.84226, -0.000865818) (0.353971, 0.144474) (0.0913265, 0.637214) (-0.0519104, -1.07054) 
(-2.38943, -0.830025) (-1.60325, -0.546277) (1.92614, -0.0335248) (0.402876, 0.15215) (0.0646625, 0.607435) (-0.0412729, -1.04797) 
(-2.44255, -0.842525) (-1.6907, -0.527388) (2.02907, -0.0879901) (0.464765, 0.159868) (0.0309599, 0.571392) (-0.0340558, -1.02345) 
(-2.48888, -0.852538) (-1.76569, -0.512809) (2.10035, -0.135651) (0.516366, 0.16701) (0.00577022, 0.539591) (-0.0287183, -1.00086) 
(-2.55244, -0.869424) (-1.86351, -0.497024) (2.1598, -0.199425) (0.584088, 0.176159) (-0.0265611, 0.502555) (-0.021344, -0.961948) 
(-2.60494, -0.882176) (-1.93299, -0.488484) (2.18302, -0.243671) (0.635298, 0.182313) (-0.0465255, 0.468864) (-0.0138946, -0.927003) 
(-2.66362, -0.892058) (-2.02106, -0.463807) (2.19461, -0.282588) (0.695031, 0.192931) (-0.06853, 0.424811) (-0.00601192, -0.883546) 
(-2.70636, -0.899348) (-2.08437, -0.429355) (2.1929, -0.308618) (0.748231, 0.202471) (-0.0878176, 0.387804) (0.00128154, -0.849244) 
(-2.74592, -0.913147) (-2.14737, -0.38858) (2.19208, -0.334433) (0.814095, 0.214092) (-0.10615, 0.340056) (0.0111574, -0.807918) 
(-2.77065, -0.935107) (-2.20956, -0.350791) (2.19826, -0.360752) (0.874391, 0.224404) (-0.127075, 0.294558) (0.0236173, -0.767298) 
(-2.78519, -0.964016) (-2.26906, -0.307044) (2.21074, -0.386027) (0.92745, 0.233721) (-0.149242, 0.251795) (0.0372428, -0.725929) 
(-2.79497, -1.00318) (-2.3267, -0.250734) (2.22797, -0.42187) (0.984276, 0.242364) (-0.173519, 0.20236) (0.0536818, -0.676416) 
(-2.80412, -1.05517) (-2.39605, -0.201512) (2.24739, -0.464338) (1.04349, 0.252817) (-0.20348, 0.150272) (0.0705679, -0.629341) 
(-2.81439, -1.10618) (-2.45546, -0.176384) (2.26122, -0.489676) (1.09623, 0.261447) (-0.226853, 0.105827) (0.086344, -0.585362) 
(-2.82924, -1.17119) (-2.51255, -0.158123) (2.28107, -0.498248) (1.15972, 0.273207) (-0.254541, 0.0549816) (0.106702, -0.532113) 
(-2.84061, -1.22439) (-2.5609, -0.143312) (2.30494, -0.488551) (1.21368, 0.282014) (-0.279796, 0.0107327) (0.122974, -0.484362) 
(-2.8492, -1.27398) (-2.61207, -0.131993) (2.33061, -0.462237) (1.27756, 0.292996) (-0.306727, -0.0411011) (0.14056, -0.428416) 
(-2.85425, -1.30167) (-2.65319, -0.126134) (2.34885, -0.432656) (1.32893, 0.302332) (-0.329291, -0.0833972) (0.153476, -0.383294) 
(-2.86062, -1.31932) (-2.69181, -0.130437) (2.36817, -0.403073) (1.38508, 0.312108) (-0.353173, -0.129427) (0.166378, -0.337513) 
(-2.86685, -1.3248) (-2.72001, -0.139086) (2.37802, -0.384036) (1.43225, 0.320753) (-0.370816, -0.168321) (0.176552, -0.298811) 
(-2.87693, -1.31946) (-2.7522, -0.153453) (2.39135, -0.373003) (1.49845, 0.333924) (-0.392665, -0.217885) (0.186593, -0.25178) 
(-2.88697, -1.30103) (-2.77416, -0.167404) (2.40242, -0.373918) (1.56372, 0.347539) (-0.41307, -0.268069) (0.193135, -0.207046) 
(-2.89528, -1.27723) (-2.78392, -0.188149) (2.41156, -0.384415) (1.62258, 0.358676) (-0.426527, -0.30674) (0.190166, -0.168571) 
(-2.90235, -1.25147) (-2.78726, -0.21448) (2.41833, -0.399125) (1.67973, 0.369845) (-0.436038, -0.352002) (0.183266, -0.127352) 
(-2.90629, -1.22795) (-2.7852, -0.24523) (2.42102, -0.418515) (1.73739, 0.381323) (-0.436218, -0.39377) (0.173987, -0.088166) 
(-2.90755, -1.20771) (-2.78362, -0.271713) (2.41975, -0.437909) (1.79223, 0.392419) (-0.433709, -0.429811) (0.166056, -0.0506469) 
(-2.90866, -1.18999) (-2.78526, -0.294656) (2.41695, -0.45515) (1.85549, 0.40575) (-0.423141, -0.470164) (0.160231, -0.00285601) 
(-2.91115, -1.18175) (-2.78925, -0.307491) (2.41796, -0.458434) (1.90831, 0.417572) (-0.405963, -0.499974) (0.155829, 0.036417) 
(-2.91474, -1.17712) (-2.80494, -0.314411) (2.42285, -0.457223) (1.96989, 0.432493) (-0.385435, -0.53963) (0.156529, 0.0791146) 
(-2.91644, -1.17673) (-2.82259, -0.306384) (2.42663, -0.456231) (2.02707, 0.447526) (-0.363399, -0.568188) (0.158694, 0.119581) 
(-2.91688, -1.17877) (-2.83909, -0.289174) (2.42887, -0.455493) (2.07477, 0.460689) (-0.348589, -0.597224) (0.160428, 0.162019) 
(-2.91818, -1.18332) (-2.85396, -0.260594) (2.43006, -0.455019) (2.13343, 0.474318) (-0.330599, -0.635025) (0.161087, 0.210392) 
(-2.91862, -1.18983) (-2.86121, -0.231287) (2.42865, -0.453601) (2.19145, 0.488632) (-0.317061, -0.671667) (0.157882, 0.256194) 
(-2.91898, -1.19747) (-2.87056, -0.209149) (2.42675, -0.452) (2.24994, 0.503468) (-0.30755, -0.71326) (0.154625, 0.303089) 
(-2.92001, -1.20529) (-2.88153, -0.196589) (2.42609, -0.449991) (2.30183, 0.519008) (-0.296218, -0.754265) (0.151726, 0.349342) 
(-2.92207, -1.21422) (-2.89932, -0.19277) (2.42467, -0.446618) (2.35344, 0.533679) (-0.282979, -0.803674) (0.146703, 0.405296) 
(-2.92249, -1.22609) (-2.92054, -0.196617) (2.42183, -0.439486) (2.40629, 0.549644) (-0.265701, -0.858739) (0.143723, 0.4707) 
(-2.92248, -1.23925) (-2.93611, -0.205819) (2.42049, -0.433706) (2.44932, 0.564065) (-0.249213, -0.906198) (0.141656, 0.515068) 
(-2.9249, -1.25816) (-2.94799, -0.216315) (2.41485, -0.428838) (2.48985, 0.574848) (-0.22946, -0.965123) (0.141019, 0.568857) 
(-2.92857, -1.27212) (-2.95628, -0.222749) (2.40971, -0.427058) (2.49644, 0.579392) (-0.215369, -1.00662) (0.139122, 0.609054) 
(-2.93206, -1.29423) (-2.96736, -0.231261) (2.40292, -0.42554) (2.48794, 0.575148) (-0.192524, -1.06923) (0.138235, 0.672706) 
(-2.93065, -1.31606) (-2.97362, -0.238208) (2.40227, -0.42375) (2.48721, 0.575098) (-0.172304, -1.12753) (0.136384, 0.735621) 
(-2.92619, -1.33664) (-2.9759, -0.244116) (2.40476, -0.423205) (2.49488, 0.578002) (-0.151274, -1.18204) (0.133049, 0.795934) 
(-2.91975, -1.35634) (-2.97693, -0.249628) (2.40661, -0.422843) (2.49424, 0.577856) (-0.1318, -1.23635) (0.130722, 0.853134) 
(-2.91203, -1.37265) (-2.97774, -0.253803) (2.40576, -0.42455) (2.49422, 0.577644) (-0.113594, -1.29177) (0.129074, 0.908572) 
(-2.90444, -1.38296) (-2.97739, -0.256489) (2.40421, -0.426926) (2.49436, 0.577696) (-0.0963603, -1.34215) (0.126755, 0.960458) 
(-2.89992, -1.38944) (-2.97408, -0.257801) (2.40287, -0.42992) (2.49425, 0.577753) (-0.0757754, -1.40345) (0.121662, 1.02351) 
(-2.90114, -1.38919) (-2.97122, -0.25825) (2.40161, -0.43153) (2.49436, 0.577776) (-0.0593387, -1.45441) (0.120217, 1.07466) 
(-2.90175, -1.38569) (-2.96955, -0.258376) (2.40018, -0.431692) (2.49418, 0.577916) (-0.0401569, -1.5096) (0.118319, 1.12992) 
(-2.90315, -1.37965) (-2.96862, -0.259042) (2.40055, -0.429856) (2.49422, 0.577878) (-0.0204574, -1.57096) (0.114598, 1.19167) 
(-2.90586, -1.37303) (-2.96596, -0.260559) (2.40091, -0.42696) (2.49416, 0.577876) (-0.00276817, -1.62232) (0.112443, 1.2446) 
(-2.90655, -1.36512) (-2.96227, -0.262287) (2.40106, -0.423585) (2.4942, 0.577906) (0.0150948, -1.67889) (0.109827, 1.30319) 
(-2.90513, -1.35711) (-2.95932, -0.263148) (2.40195, -0.42079) (2.49413, 0.577926) (0.034135, -1.73361) (0.106108, 1.36302) 
(-2.90226, -1.34966) (-2.95782, -0.262696) (2.40283, -0.418477) (2.49417, 0.577921) (0.0531424, -1.79302) (0.103269, 1.42806) 
(-2.89899, -1.34509) (-2.95662, -0.260928) (2.4035, -0.41756) (2.49412, 0.577913) (0.0703276, -1.84335) (0.101274, 1.48058) 
(-2.89578, -1.34101) (-2.95468, -0.258254) (2.40449, -0.418027) (2.49418, 0.577879) (0.0868998, -1.89442) (0.0988125, 1.53468) 
(-2.89746, -1.33728) (-2.95349, -0.255671) (2.40575, -0.419146) (2.49413, 0.577898) (0.103294, -1.94529) (0.094946, 1.59288) 
(-2.89918, -1.3326) (-2.95295, -0.253167) (2.40728, -0.421539) (2.49417, 0.577899) (0.118583, -1.99542) (0.0922458, 1.65634) 
(-2.89911, -1.32829) (-2.95373, -0.252187) (2.40837, -0.424317) (2.49417, 0.577903) (0.124157, -2.01309) (0.0890023, 1.71516) 
(-2.89884, -1.32506) (-2.95457, -0.252224) (2.4077, -0.425554) (2.49417, 0.577915) (0.122517, -2.01016) (0.0887477, 1.75966) 
(-2.89594, -1.32088) (-2.9544, -0.253443) (2.406, -0.42731) (2.49416, 0.577893) (0.122059, -2.0075) (0.0855983, 1.82954) 
(-2.89061, -1.3173) (-2.95358, -0.255171) (2.4058, -0.42914) (2.49416, 0.577901) (0.122575, -2.01077) (0.0827764, 1.89654) 
(-2.88623, -1.31542) (-2.94977, -0.258795) (2.40612, -0.429972) (2.49417, 0.577893) (0.122483, -2.00949) (0.0812271, 1.95235) 
(-2.8821, -1.31458) (-2.9401, -0.265959) (2.40553, -0.431463) (2.49415, 0.577886) (0.122465, -2.01006) (0.0779401, 2.01552) 
(-2.87843, -1.31522) (-2.93219, -0.270718) (2.40417, -0.432693) (2.49416, 0.577901) (0.122537, -2.00971) (0.074736, 2.0744) 
(-2.87861, -1.31582) (-2.9264, -0.272631) (2.40398, -0.432585) (2.49409, 0.577905) (0.122372, -2.0099) (0.0731431, 2.12763) 
(-2.88053, -1.31758) (-2.92155, -0.272177) (2.40499, -0.432577) (2.4941, 0.577914) (0.122471, -2.0098) (0.0701728, 2.18245) 
(-2.88265, -1.31994) (-2.91919, -0.270074) (2.40608, -0.432783) (2.49415, 0.577905) (0.12246, -2.00982) (0.0667963, 2.23619) 
