(-0.0966924, 2.60477) (-2.39674, -1.50998) (2.06504, -1.6741) (-2.19127, 2.00341) (1.8087, 1.89262) (-0.210124, -1.87955) 
(-0.0948474, 2.60558) (-2.39865, -1.5095) (2.06414, -1.67778) (-2.19125, 2.00343) (1.8087, 1.89264) (-0.210165, -1.87955) 
(-0.0916577, 2.60462) (-2.39942, -1.50726) (2.06287, -1.68082) (-2.1912, 2.00346) (1.80869, 1.89264) (-0.21016, -1.87956) 
(-0.0895108, 2.60265) (-2.39995, -1.50559) (2.06023, -1.68375) (-2.1802, 1.99575) (1.80787, 1.8883) (-0.208787, -1.87685) 
(-0.0909757, 2.59971) (-2.40212, -1.50686) (2.05706, -1.68408) (-2.14711, 1.95561) (1.80549, 1.88408) (-0.198626, -1.8307) 
(-0.0913534, 2.59479) (-2.40162, -1.5051) (2.05138, -1.68297) (-2.12193, 1.91949) (1.80121, 1.87886) (-0.202108, -1.76692) 
(-0.0914727, 2.57718) (-2.39175, -1.49047) (2.0388, -1.67997) (-2.0875, 1.89051) (1.79216, 1.86924) (-0.191661, -1.71556) 
(-0.0855738, 2.54602) (-2.3747, -1.46394) (2.02349, -1.67347) (-2.05366, 1.8611) (1.77825, 1.85982) (-0.190269, -1.66727) 
(-0.0740597, 2.51117) (-2.35601, -1.43326) (2.00838, -1.66376) (-2.02281, 1.83209) (1.76664, 1.84899) (-0.189087, -1.62456) 
(-0.0612305, 2.47053) (-2.33277, -1.39874) (1.98744, -1.65038) (-1.98711, 1.80173) (1.75193, 1.8376) (-0.186704, -1.57315) 
(-0.0467657, 2.41026) (-2.29687, -1.36627) (1.95594, -1.6312) (-1.94731, 1.76536) (1.73467, 1.82433) (-0.183911, -1.51148) 
(-0.0361562, 2.34881) (-2.25595, -1.33543) (1.91998, -1.61099) (-1.91113, 1.73134) (1.71387, 1.80762) (-0.181273, -1.45932) 
(-0.0300476, 2.28298) (-2.20887, -1.30712) (1.87968, -1.59243) (-1.87938, 1.70057) (1.69672, 1.79597) (-0.180138, -1.41266) 
(-0.0318978, 2.20004) (-2.1405, -1.27611) (1.82636, -1.57019) (-1.8386, 1.6627) (1.68522, 1.77545) (-0.176113, -1.35857) 
(-0.0404732, 2.1152) (-2.07191, -1.24453) (1.77575, -1.54839) (-1.79971, 1.62398) (1.67293, 1.75191) (-0.172642, -1.30893) 
(-0.0469925, 2.04118) (-2.01218, -1.20956) (1.73019, -1.52309) (-1.7658, 1.5891) (1.66424, 1.72983) (-0.169569, -1.26197) 
(-0.0487134, 1.95282) (-1.95209, -1.15885) (1.68693, -1.48681) (-1.73238, 1.55577) (1.66349, 1.70871) (-0.164898, -1.20002) 
(-0.041324, 1.87954) (-1.90902, -1.11181) (1.65727, -1.44754) (-1.70971, 1.52212) (1.6601, 1.69312) (-0.161117, -1.14562) 
(-0.0255976, 1.79361) (-1.865, -1.05561) (1.62214, -1.38458) (-1.67836, 1.47489) (1.66184, 1.67633) (-0.156934, -1.08759) 
(-0.00469068, 1.71875) (-1.82712, -1.00072) (1.59418, -1.31917) (-1.65014, 1.43746) (1.65538, 1.66316) (-0.154564, -1.0363) 
(0.0263206, 1.63499) (-1.78852, -0.932766) (1.56279, -1.23108) (-1.62239, 1.40082) (1.65207, 1.64835) (-0.151263, -0.98042) 
(0.0578485, 1.55731) (-1.75385, -0.867099) (1.53366, -1.12586) (-1.59745, 1.37589) (1.64286, 1.63685) (-0.148227, -0.929543) 
(0.0854824, 1.47639) (-1.70987, -0.795005) (1.49365, -0.986974) (-1.56533, 1.3416) (1.63345, 1.62353) (-0.144865, -0.869435) 
(0.102452, 1.39492) (-1.65784, -0.725703) (1.4288, -0.858587) (-1.54158, 1.30978) (1.62027, 1.61265) (-0.141464, -0.809417) 
(0.110456, 1.32849) (-1.60731, -0.673148) (1.35292, -0.760052) (-1.52592, 1.28166) (1.60449, 1.60538) (-0.139363, -0.761089) 
(0.117013, 1.24247) (-1.546, -0.612195) (1.24607, -0.650976) (-1.5163, 1.24296) (1.58717, 1.59611) (-0.135792, -0.706624) 
(0.116821, 1.15992) (-1.4879, -0.55954) (1.13801, -0.551117) (-1.5113, 1.20657) (1.56984, 1.59535) (-0.13227, -0.658184) 
(0.110064, 1.08318) (-1.42675, -0.51363) (1.04545, -0.461178) (-1.50761, 1.17687) (1.55406, 1.59057) (-0.130129, -0.615931) 
(0.0998326, 0.983762) (-1.35236, -0.462088) (0.953601, -0.355435) (-1.50573, 1.13851) (1.53276, 1.58943) (-0.126853, -0.568714) 
(0.0919478, 0.895184) (-1.28634, -0.410645) (0.885023, -0.262723) (-1.49711, 1.09818) (1.51313, 1.57924) (-0.126326, -0.52627) 
(0.0900619, 0.821301) (-1.22479, -0.353049) (0.817417, -0.162771) (-1.48625, 1.05923) (1.49505, 1.56995) (-0.127046, -0.489942) 
(0.0941804, 0.766493) (-1.16891, -0.294612) (0.74511, -0.0523812) (-1.47023, 1.02641) (1.47721, 1.55712) (-0.135434, -0.457007) 
(0.0988357, 0.72921) (-1.11937, -0.236267) (0.675823, 0.0384564) (-1.45202, 0.991534) (1.45959, 1.53682) (-0.144671, -0.434956) 
(0.10862, 0.688437) (-1.06702, -0.161825) (0.609226, 0.108492) (-1.42908, 0.948002) (1.44126, 1.51428) (-0.162457, -0.406853) 
(0.127503, 0.659324) (-1.03147, -0.0885576) (0.561611, 0.166911) (-1.40891, 0.907859) (1.42339, 1.49536) (-0.179461, -0.386482) 
(0.156106, 0.639928) (-1.0033, -0.0228893) (0.52468, 0.207652) (-1.38907, 0.866413) (1.41195, 1.47913) (-0.198651, -0.364447) 
(0.199518, 0.621956) (-0.959319, 0.0540386) (0.478782, 0.236909) (-1.3659, 0.818227) (1.39325, 1.46579) (-0.219406, -0.33385) 
(0.251102, 0.603457) (-0.902679, 0.137006) (0.432302, 0.243602) (-1.34892, 0.774724) (1.36567, 1.45172) (-0.237638, -0.300962) 
(0.284971, 0.589031) (-0.860483, 0.193938) (0.401928, 0.242517) (-1.33958, 0.740786) (1.34557, 1.44154) (-0.241285, -0.278248) 
(0.331143, 0.564511) (-0.800025, 0.263473) (0.334548, 0.24426) (-1.32538, 0.691723) (1.31524, 1.42988) (-0.244166, -0.242278) 
(0.361139, 0.537213) (-0.747246, 0.314703) (0.282203, 0.260856) (-1.31127, 0.650454) (1.29233, 1.41265) (-0.241086, -0.21656) 
(0.387919, 0.493035) (-0.671454, 0.37829) (0.241604, 0.285067) (-1.29277, 0.596839) (1.26176, 1.39037) (-0.232233, -0.194844) 
(0.398829, 0.446862) (-0.609179, 0.432328) (0.215554, 0.309196) (-1.27544, 0.553886) (1.24204, 1.37016) (-0.222966, -0.177436) 
(0.412927, 0.378202) (-0.546967, 0.501696) (0.164286, 0.343506) (-1.25634, 0.510765) (1.21803, 1.3402) (-0.212381, -0.157596) 
(0.424277, 0.332691) (-0.500929, 0.564306) (0.112983, 0.36887) (-1.2383, 0.473885) (1.19919, 1.31371) (-0.20555, -0.138279) 
(0.446369, 0.285052) (-0.460932, 0.636016) (0.0737947, 0.3826) (-1.21306, 0.432105) (1.17544, 1.28007) (-0.206442, -0.130386) 
(0.483486, 0.234349) (-0.435166, 0.707093) (0.0432893, 0.396012) (-1.18857, 0.392846) (1.15453, 1.24454) (-0.208498, -0.11675) 
(0.529251, 0.174423) (-0.414187, 0.790553) (0.0312464, 0.412565) (-1.15833, 0.349107) (1.13419, 1.20849) (-0.213917, -0.100682) 
(0.561684, 0.127871) (-0.395423, 0.862126) (0.0330838, 0.432823) (-1.13002, 0.310405) (1.11795, 1.17253) (-0.220207, -0.0879038) 
(0.592487, 0.0888448) (-0.367916, 0.93425) (0.0395424, 0.464468) (-1.10145, 0.267562) (1.0985, 1.1312) (-0.229139, -0.0809221) 
(0.611416, 0.0679273) (-0.333196, 0.989289) (0.0379482, 0.501361) (-1.07724, 0.230665) (1.08577, 1.09515) (-0.234726, -0.0714858) 
(0.632546, 0.0386645) (-0.274592, 1.05378) (0.0261483, 0.555345) (-1.04342, 0.176655) (1.06511, 1.04361) (-0.239176, -0.0555996) 
(0.642005, 0.00385339) (-0.217707, 1.10146) (0.0179195, 0.591286) (-1.01872, 0.134108) (1.05265, 1.00735) (-0.242219, -0.0384223) 
(0.650104, -0.052531) (-0.142559, 1.15136) (0.0048136, 0.633184) (-0.992643, 0.0846574) (1.03488, 0.964366) (-0.240355, -0.0162795) 
(0.657291, -0.108286) (-0.0748893, 1.19206) (-0.0213732, 0.668734) (-0.966006, 0.0406528) (1.02122, 0.934593) (-0.236173, 0.00333077) 
(0.659399, -0.179511) (-0.00898997, 1.23053) (-0.0630045, 0.70121) (-0.941872, -3.68315e-05) (1.00149, 0.899894) (-0.228789, 0.0205882) 
(0.66593, -0.272919) (0.0762253, 1.27144) (-0.142027, 0.757483) (-0.910307, -0.0499383) (0.975722, 0.854958) (-0.216716, 0.0402993) 
(0.676514, -0.362243) (0.152349, 1.30633) (-0.242856, 0.823269) (-0.883327, -0.0908616) (0.947195, 0.812339) (-0.201137, 0.0592391) 
(0.693306, -0.439508) (0.218227, 1.33247) (-0.353285, 0.890319) (-0.855907, -0.123466) (0.922547, 0.776479) (-0.184476, 0.0729921) 
(0.719769, -0.51484) (0.286762, 1.35844) (-0.463371, 0.956103) (-0.829579, -0.153009) (0.896035, 0.739934) (-0.17374, 0.0827277) 
(0.76355, -0.597758) (0.363542, 1.39047) (-0.549034, 1.00959) (-0.796888, -0.18141) (0.868726, 0.698443) (-0.166217, 0.0945461) 
(0.818054, -0.679532) (0.439418, 1.42345) (-0.620804, 1.05591) (-0.759216, -0.211364) (0.843268, 0.661609) (-0.16262, 0.106144) 
(0.882454, -0.769248) (0.532444, 1.46861) (-0.705696, 1.11446) (-0.70661, -0.248105) (0.813555, 0.618175) (-0.158862, 0.124531) 
(0.92703, -0.831436) (0.602283, 1.49483) (-0.775164, 1.16731) (-0.663937, -0.277032) (0.792312, 0.582738) (-0.158779, 0.139308) 
(0.96758, -0.890295) (0.670717, 1.5103) (-0.845749, 1.22836) (-0.623683, -0.303873) (0.769356, 0.549624) (-0.161603, 0.151622) 
(1.01065, -0.958712) (0.751667, 1.51918) (-0.927186, 1.2975) (-0.579827, -0.330613) (0.743305, 0.508271) (-0.162919, 0.167792) 
(1.0461, -1.02795) (0.829173, 1.52558) (-1.02128, 1.34296) (-0.538176, -0.354572) (0.71845, 0.468601) (-0.164402, 0.193928) 
(1.0755, -1.11401) (0.920281, 1.52896) (-1.11744, 1.37919) (-0.492213, -0.378296) (0.692449, 0.4266) (-0.163591, 0.227502) 
(1.08667, -1.19295) (1.00144, 1.52836) (-1.20272, 1.40698) (-0.447102, -0.401364) (0.668708, 0.393003) (-0.16076, 0.256564) 
(1.08396, -1.2803) (1.09701, 1.52936) (-1.32025, 1.42919) (-0.395726, -0.42742) (0.640273, 0.353162) (-0.155241, 0.285829) 
(1.07241, -1.34157) (1.17515, 1.54054) (-1.42205, 1.44252) (-0.352419, -0.449988) (0.61543, 0.321318) (-0.148246, 0.317995) 
(1.05493, -1.39306) (1.25786, 1.56547) (-1.51344, 1.47029) (-0.304318, -0.475119) (0.58576, 0.286056) (-0.143971, 0.353286) 
(1.03408, -1.4404) (1.32419, 1.59278) (-1.58127, 1.50586) (-0.259373, -0.500682) (0.5561, 0.255137) (-0.139959, 0.389574) 
(1.00259, -1.50017) (1.40032, 1.6264) (-1.65218, 1.55218) (-0.204368, -0.531382) (0.522486, 0.220851) (-0.136073, 0.433433) 
(0.973031, -1.55359) (1.46066, 1.65692) (-1.71478, 1.6006) (-0.155814, -0.559409) (0.490746, 0.193847) (-0.135054, 0.476308) 
(0.938264, -1.60887) (1.51851, 1.69081) (-1.7832, 1.65177) (-0.110374, -0.584734) (0.459509, 0.167549) (-0.13288, 0.518927) 
(0.892614, -1.67236) (1.59243, 1.73664) (-1.87753, 1.72039) (-0.0525805, -0.616824) (0.417194, 0.134571) (-0.129369, 0.577358) 
(0.842396, -1.71376) (1.66114, 1.77585) (-1.95207, 1.79893) (0.000856835, -0.647145) (0.37194, 0.107199) (-0.125536, 0.630842) 
(0.794904, -1.73683) (1.71987, 1.80434) (-1.9988, 1.86282) (0.046074, -0.6722) (0.333251, 0.0825545) (-0.119997, 0.675285) 
(0.742845, -1.75276) (1.78592, 1.82842) (-2.03649, 1.93329) (0.0991375, -0.701173) (0.290152, 0.0557426) (-0.11416, 0.723206) 
(0.708598, -1.75911) (1.82226, 1.84028) (-2.05676, 1.97563) (0.130339, -0.718086) (0.264217, 0.038652) (-0.111063, 0.75467) 
(0.619886, -1.76047) (1.91205, 1.8667) (-2.10583, 2.07988) (0.205547, -0.757102) (0.202552, -0.00318334) (-0.102066, 0.831362) 
(0.555808, -1.7442) (1.9751, 1.88521) (-2.13129, 2.13403) (0.25354, -0.782245) (0.162216, -0.0307676) (-0.0960352, 0.883163) 
(0.498707, -1.73486) (2.04357, 1.91318) (-2.15743, 2.17238) (0.305425, -0.810702) (0.116627, -0.0639164) (-0.0919437, 0.936314) 
(0.445652, -1.73076) (2.10714, 1.9458) (-2.20031, 2.20725) (0.357683, -0.837695) (0.0706952, -0.0968976) (-0.0868755, 0.988148) 
(0.401498, -1.73272) (2.15906, 1.98332) (-2.24574, 2.22419) (0.411526, -0.865863) (0.0254455, -0.130329) (-0.0822476, 1.03962) 
(0.355514, -1.7412) (2.19087, 2.03679) (-2.30567, 2.22987) (0.468175, -0.896466) (-0.0246236, -0.165714) (-0.0770846, 1.09743) 
(0.311948, -1.75341) (2.1931, 2.07893) (-2.35729, 2.2251) (0.515881, -0.922479) (-0.0673607, -0.196128) (-0.0736917, 1.14797) 
(0.255914, -1.77359) (2.1766, 2.12818) (-2.41864, 2.21206) (0.57389, -0.952169) (-0.117451, -0.231222) (-0.0670819, 1.20904) 
(0.205333, -1.79259) (2.1551, 2.16311) (-2.46231, 2.20004) (0.624544, -0.979102) (-0.161906, -0.262043) (-0.0617268, 1.26287) 
(0.143674, -1.81069) (2.12494, 2.19695) (-2.49668, 2.18949) (0.684377, -1.00975) (-0.214534, -0.297896) (-0.0557825, 1.32501) 
(0.0942012, -1.82573) (2.10775, 2.21958) (-2.52171, 2.18404) (0.737579, -1.03734) (-0.262381, -0.32995) (-0.0519891, 1.38041) 
(0.056048, -1.83181) (2.09788, 2.23638) (-2.53586, 2.18393) (0.784974, -1.06153) (-0.306827, -0.361808) (-0.0478807, 1.42845) 
(0.0314823, -1.83335) (2.09046, 2.25536) (-2.541, 2.19463) (0.832681, -1.08762) (-0.351353, -0.391486) (-0.0443914, 1.47807) 
(0.0156215, -1.83309) (2.09261, 2.28018) (-2.53879, 2.22032) (0.895238, -1.12003) (-0.407104, -0.432136) (-0.0384174, 1.54255) 
(0.010712, -1.83307) (2.09924, 2.30588) (-2.52892, 2.25343) (0.95017, -1.14688) (-0.454216, -0.466605) (-0.0343486, 1.59788) 
(0.0116788, -1.83564) (2.11078, 2.33728) (-2.51229, 2.2896) (1.0041, -1.17376) (-0.500716, -0.501175) (-0.0288694, 1.65458) 
(0.0114939, -1.84156) (2.12528, 2.37539) (-2.48815, 2.32282) (1.06163, -1.2011) (-0.553756, -0.537941) (-0.023652, 1.71664) 
(0.00818964, -1.84901) (2.13617, 2.40668) (-2.46522, 2.34583) (1.10951, -1.22527) (-0.597989, -0.569095) (-0.0186098, 1.76869) 
(-0.000319403, -1.85875) (2.13899, 2.43463) (-2.43889, 2.36363) (1.16219, -1.25024) (-0.64664, -0.604648) (-0.012147, 1.82603) 
(-0.0127661, -1.87206) (2.13746, 2.45781) (-2.41651, 2.37242) (1.21418, -1.2756) (-0.694763, -0.637068) (-0.00597222, 1.88324) 
(-0.0310892, -1.88564) (2.1393, 2.48312) (-2.40007, 2.37639) (1.26729, -1.30039) (-0.74274, -0.668432) (-5.06659e-05, 1.94053) 
(-0.0522213, -1.90058) (2.1408, 2.50082) (-2.39453, 2.37552) (1.32439, -1.32787) (-0.796343, -0.704197) (0.00568644, 2.00113) 
(-0.0691355, -1.90995) (2.14152, 2.49916) (-2.40021, 2.37038) (1.36802, -1.34831) (-0.835967, -0.73165) (0.0104273, 2.04883) 
(-0.088903, -1.9212) (2.14363, 2.48086) (-2.41702, 2.36006) (1.42149, -1.37301) (-0.885237, -0.765185) (0.0148359, 2.10606) 
(-0.109073, -1.92553) (2.14425, 2.44602) (-2.44214, 2.34169) (1.47828, -1.39908) (-0.938913, -0.801571) (0.0206801, 2.16742) 
(-0.125623, -1.92829) (2.15158, 2.40371) (-2.46439, 2.32097) (1.53123, -1.42206) (-0.988231, -0.835143) (0.0238455, 2.2199) 
(-0.138895, -1.92712) (2.16931, 2.36251) (-2.4809, 2.29938) (1.57979, -1.44227) (-1.03277, -0.867275) (0.0283732, 2.26534) 
(-0.14981, -1.92451) (2.19831, 2.31144) (-2.49578, 2.27357) (1.63663, -1.46605) (-1.08512, -0.902838) (0.0329242, 2.31842) 
(-0.156043, -1.92469) (2.22257, 2.2702) (-2.5063, 2.25336) (1.68485, -1.48644) (-1.12843, -0.93348) (0.0364093, 2.35733) 
(-0.155815, -1.92784) (2.24126, 2.2243) (-2.51478, 2.23077) (1.73802, -1.50731) (-1.17539, -0.966863) (0.0348441, 2.36564) 
(-0.148122, -1.93223) (2.25422, 2.17677) (-2.52211, 2.20759) (1.79212, -1.52782) (-1.22827, -1.00457) (0.0351114, 2.35219) 
(-0.14171, -1.93403) (2.26406, 2.14561) (-2.52982, 2.19259) (1.83673, -1.54398) (-1.2753, -1.03787) (0.0349691, 2.35309) 
(-0.132628, -1.93345) (2.27953, 2.11737) (-2.53885, 2.18153) (1.87885, -1.55927) (-1.32874, -1.07707) (0.0355668, 2.36035) 
(-0.124477, -1.93158) (2.29259, 2.09858) (-2.54372, 2.17425) (1.88908, -1.56408) (-1.37692, -1.11269) (0.0355656, 2.36088) 
(-0.117423, -1.92811) (2.29789, 2.09049) (-2.5464, 2.17113) (1.88082, -1.56059) (-1.42623, -1.14703) (0.0356624, 2.36054) 
(-0.112799, -1.92559) (2.28852, 2.08723) (-2.54873, 2.17239) (1.88072, -1.56044) (-1.47252, -1.1781) (0.0355703, 2.36097) 
(-0.109732, -1.92534) (2.26213, 2.08861) (-2.55167, 2.17687) (1.88587, -1.56287) (-1.52948, -1.21599) (0.0355737, 2.36088) 
(-0.108682, -1.92431) (2.23843, 2.09965) (-2.55391, 2.18021) (1.8846, -1.56185) (-1.57394, -1.24694) (0.0356591, 2.36095) 
(-0.108528, -1.92231) (2.20924, 2.11999) (-2.55463, 2.18277) (1.88496, -1.56203) (-1.62222, -1.27892) (0.0356154, 2.36093) 
(-0.10849, -1.92238) (2.18346, 2.14356) (-2.55549, 2.18444) (1.88471, -1.56211) (-1.67217, -1.31246) (0.035601, 2.36097) 
(-0.109288, -1.92255) (2.16117, 2.16703) (-2.55731, 2.18526) (1.88477, -1.56204) (-1.71993, -1.34569) (0.035619, 2.36094) 
(-0.11028, -1.92199) (2.13995, 2.18717) (-2.55819, 2.18485) (1.8847, -1.56196) (-1.76958, -1.38053) (0.0356412, 2.36095) 
(-0.111127, -1.92444) (2.11986, 2.20189) (-2.55581, 2.18933) (1.8847, -1.56202) (-1.81339, -1.40901) (0.0356035, 2.36094) 
(-0.112818, -1.92916) (2.10278, 2.21879) (-2.55236, 2.19971) (1.88475, -1.56204) (-1.85922, -1.44089) (0.0356191, 2.361) 
(-0.113084, -1.93355) (2.09571, 2.2348) (-2.55228, 2.21162) (1.88472, -1.56198) (-1.90002, -1.46788) (0.0356442, 2.36095) 
