(2.48189, 2.09392) (-3.03544, 2.02917) (2.40648, -1.93087) (-2.25931, 2.0732) (-3.15445, 2.39852) (-2.01786, -1.63281) 
(2.47892, 2.09615) (-3.03544, 2.02917) (2.40314, -1.92815) (-2.25861, 2.07343) (-3.15445, 2.39852) (-2.01911, -1.63235) 
(2.47541, 2.09939) (-3.03544, 2.02917) (2.40187, -1.92527) (-2.2521, 2.07379) (-3.15445, 2.39852) (-2.02067, -1.63218) 
(2.47365, 2.10192) (-3.03544, 2.02917) (2.3988, -1.92213) (-2.24212, 2.07433) (-3.15445, 2.39852) (-2.01499, -1.63203) 
(2.47309, 2.10318) (-3.03544, 2.02917) (2.39852, -1.91885) (-2.22967, 2.07435) (-3.15445, 2.39852) (-1.99494, -1.63168) 
(2.47164, 2.10204) (-3.03544, 2.02917) (2.39644, -1.915) (-2.21885, 2.07367) (-3.15445, 2.39852) (-1.97499, -1.63158) 
(2.47015, 2.10203) (-3.03544, 2.02917) (2.39739, -1.91309) (-2.20445, 2.07395) (-3.15445, 2.39852) (-1.96166, -1.6308) 
(2.47096, 2.10626) (-3.03544, 2.02917) (2.39963, -1.91205) (-2.18525, 2.07408) (-3.15445, 2.39852) (-1.94482, -1.63072) 
(2.47292, 2.11275) (-3.03544, 2.02917) (2.39898, -1.90899) (-2.16192, 2.07446) (-3.15445, 2.39852) (-1.92894, -1.62945) 
(2.47396, 2.11575) (-3.03544, 2.02917) (2.39789, -1.90784) (-2.14354, 2.0742) (-3.15445, 2.39852) (-1.91442, -1.6301) 
(2.47236, 2.11216) (-3.03544, 2.02917) (2.39635, -1.9105) (-2.1156, 2.07456) (-3.15445, 2.39852) (-1.8854, -1.62974) 
(2.4685, 2.10496) (-3.03544, 2.02917) (2.39438, -1.91382) (-2.09676, 2.0762) (-3.15445, 2.39852) (-1.86597, -1.63045) 
(2.45161, 2.08006) (-3.03544, 2.02917) (2.37967, -1.92117) (-2.05914, 2.07498) (-3.15445, 2.39852) (-1.83079, -1.63001) 
(2.4319, 2.05603) (-3.03544, 2.02917) (2.35877, -1.92261) (-2.03173, 2.07498) (-3.15445, 2.39852) (-1.80172, -1.63043) 
(2.40079, 2.03024) (-3.03544, 2.02917) (2.31545, -1.91636) (-1.99401, 2.07452) (-3.15445, 2.39852) (-1.76732, -1.63069) 
(2.35958, 2.01059) (-3.03544, 2.02917) (2.26443, -1.89857) (-1.95708, 2.07397) (-3.15445, 2.39852) (-1.72946, -1.63026) 
(2.31609, 1.99817) (-3.03544, 2.02917) (2.21992, -1.87851) (-1.91912, 2.07365) (-3.15445, 2.39852) (-1.69655, -1.63058) 
(2.27488, 1.99348) (-3.03544, 2.02917) (2.18022, -1.85964) (-1.88941, 2.07336) (-3.15445, 2.39852) (-1.66964, -1.62943) 
(2.21323, 1.99823) (-3.03544, 2.02917) (2.12185, -1.82854) (-1.84732, 2.07353) (-3.15445, 2.39852) (-1.63218, -1.63054) 
(2.12832, 2.02282) (-3.03544, 2.02917) (2.05277, -1.79498) (-1.7944, 2.07309) (-3.15445, 2.39852) (-1.57659, -1.62973) 
(2.05741, 2.04803) (-3.03544, 2.02917) (2.00748, -1.78243) (-1.74919, 2.07274) (-3.15445, 2.39852) (-1.5253, -1.6308) 
(1.9941, 2.06713) (-3.03544, 2.02917) (1.96585, -1.77948) (-1.70657, 2.07229) (-3.15445, 2.39852) (-1.47847, -1.63062) 
(1.92716, 2.08023) (-3.03544, 2.02917) (1.91704, -1.78047) (-1.65654, 2.07197) (-3.15445, 2.39852) (-1.42747, -1.63138) 
(1.85781, 2.08433) (-3.03544, 2.02917) (1.85733, -1.78379) (-1.60048, 2.07167) (-3.15445, 2.39852) (-1.37827, -1.62958) 
(1.77483, 2.07678) (-3.03544, 2.02917) (1.77715, -1.79589) (-1.53484, 2.07141) (-3.15445, 2.39852) (-1.31749, -1.62996) 
(1.70072, 2.06166) (-3.03544, 2.02917) (1.70745, -1.81812) (-1.48076, 2.07258) (-3.15445, 2.39852) (-1.26337, -1.62869) 
(1.63602, 2.04226) (-3.03544, 2.02917) (1.65092, -1.84037) (-1.43507, 2.0727) (-3.15445, 2.39852) (-1.21752, -1.62846) 
(1.55355, 2.01276) (-3.03544, 2.02917) (1.57744, -1.86852) (-1.37965, 2.07244) (-3.15445, 2.39852) (-1.15986, -1.62668) 
(1.45479, 1.98065) (-3.03544, 2.02917) (1.50275, -1.88932) (-1.31526, 2.07227) (-3.15445, 2.39852) (-1.09223, -1.62672) 
(1.38907, 1.96543) (-3.03544, 2.02917) (1.44327, -1.89283) (-1.26979, 2.07313) (-3.15445, 2.39852) (-1.04637, -1.62622) 
(1.30373, 1.95338) (-3.03544, 2.02917) (1.36639, -1.88784) (-1.20816, 2.07329) (-3.15445, 2.39852) (-0.981019, -1.62679) 
(1.2329, 1.95083) (-3.03544, 2.02917) (1.30529, -1.87908) (-1.15047, 2.07276) (-3.15445, 2.39852) (-0.926032, -1.62645) 
(1.16772, 1.95435) (-3.03544, 2.02917) (1.24216, -1.86287) (-1.09819, 2.07198) (-3.15445, 2.39852) (-0.874412, -1.62621) 
(1.09359, 1.96192) (-3.03544, 2.02917) (1.1741, -1.83141) (-1.04743, 2.0751) (-3.15445, 2.39852) (-0.829282, -1.62437) 
(1.01625, 1.97346) (-3.03544, 2.02917) (1.11133, -1.79929) (-0.996028, 2.08085) (-3.15445, 2.39852) (-0.785213, -1.61638) 
(0.930222, 1.98948) (-3.03544, 2.02917) (1.043, -1.77919) (-0.94731, 2.09059) (-3.15445, 2.39852) (-0.732608, -1.60224) 
(0.865537, 1.99884) (-3.03544, 2.02917) (0.997374, -1.77372) (-0.909186, 2.10004) (-3.15445, 2.39852) (-0.694783, -1.58999) 
(0.784313, 2.00373) (-3.03544, 2.02917) (0.929142, -1.7769) (-0.866852, 2.11503) (-3.15445, 2.39852) (-0.656598, -1.57208) 
(0.717249, 2.00356) (-3.03544, 2.02917) (0.869803, -1.78309) (-0.828382, 2.13235) (-3.15445, 2.39852) (-0.624346, -1.55131) 
(0.650631, 1.997) (-3.03544, 2.02917) (0.79679, -1.796) (-0.794758, 2.15395) (-3.15445, 2.39852) (-0.58548, -1.52283) 
(0.59497, 1.98589) (-3.03544, 2.02917) (0.730201, -1.81765) (-0.765877, 2.17383) (-3.15445, 2.39852) (-0.547513, -1.49702) 
(0.529677, 1.96329) (-3.03544, 2.02917) (0.656627, -1.85233) (-0.725847, 2.20198) (-3.15445, 2.39852) (-0.498345, -1.4669) 
(0.478239, 1.93746) (-3.03544, 2.02917) (0.596779, -1.88441) (-0.692012, 2.22317) (-3.15445, 2.39852) (-0.46262, -1.45256) 
(0.402795, 1.89497) (-3.03544, 2.02917) (0.515854, -1.9183) (-0.653494, 2.24425) (-3.15445, 2.39852) (-0.418529, -1.43856) 
(0.341592, 1.8659) (-3.03544, 2.02917) (0.455303, -1.93225) (-0.616985, 2.25987) (-3.15445, 2.39852) (-0.381426, -1.43123) 
(0.275148, 1.84199) (-3.03544, 2.02917) (0.37782, -1.94154) (-0.581163, 2.27089) (-3.15445, 2.39852) (-0.339553, -1.42703) 
(0.224655, 1.83027) (-3.03544, 2.02917) (0.321903, -1.94059) (-0.553389, 2.27796) (-3.15445, 2.39852) (-0.307743, -1.42904) 
(0.159268, 1.82326) (-3.03544, 2.02917) (0.240238, -1.93008) (-0.508197, 2.28157) (-3.15445, 2.39852) (-0.271619, -1.43189) 
(0.0925843, 1.8251) (-3.03544, 2.02917) (0.146286, -1.90611) (-0.463953, 2.28675) (-3.15445, 2.39852) (-0.226051, -1.43383) 
(0.0382994, 1.83222) (-3.03544, 2.02917) (0.0710669, -1.88037) (-0.428296, 2.28895) (-3.15445, 2.39852) (-0.19477, -1.43348) 
(-0.0364917, 1.84937) (-3.03544, 2.02917) (-0.0308425, -1.85422) (-0.381315, 2.29336) (-3.15445, 2.39852) (-0.15938, -1.42624) 
(-0.0970233, 1.86444) (-3.03544, 2.02917) (-0.102394, -1.83944) (-0.351338, 2.29625) (-3.15445, 2.39852) (-0.13859, -1.41971) 
(-0.174882, 1.88147) (-3.03544, 2.02917) (-0.18453, -1.82534) (-0.308248, 2.30954) (-3.15445, 2.39852) (-0.116418, -1.40348) 
(-0.250982, 1.89084) (-3.03544, 2.02917) (-0.257403, -1.8193) (-0.275191, 2.32637) (-3.15445, 2.39852) (-0.0940449, -1.38262) 
(-0.323766, 1.89198) (-3.03544, 2.02917) (-0.333497, -1.80973) (-0.244315, 2.34782) (-3.15445, 2.39852) (-0.0784122, -1.36137) 
(-0.380065, 1.88789) (-3.03544, 2.02917) (-0.397705, -1.80299) (-0.22814, 2.3675) (-3.15445, 2.39852) (-0.0678812, -1.34691) 
(-0.461792, 1.87619) (-3.03544, 2.02917) (-0.489893, -1.80386) (-0.206015, 2.39656) (-3.15445, 2.39852) (-0.0483822, -1.32563) 
(-0.526821, 1.86275) (-3.03544, 2.02917) (-0.565703, -1.81211) (-0.195748, 2.41479) (-3.15445, 2.39852) (-0.0328001, -1.3106) 
(-0.600775, 1.84321) (-3.03544, 2.02917) (-0.662069, -1.82239) (-0.17615, 2.43798) (-3.15445, 2.39852) (-0.0135633, -1.30722) 
(-0.671682, 1.82613) (-3.03544, 2.02917) (-0.740217, -1.82235) (-0.163649, 2.45033) (-3.15445, 2.39852) (0.00402991, -1.30068) 
(-0.754888, 1.81435) (-3.03544, 2.02917) (-0.831576, -1.81343) (-0.138482, 2.46294) (-3.15445, 2.39852) (0.0309021, -1.2986) 
(-0.810757, 1.81328) (-3.03544, 2.02917) (-0.889392, -1.8095) (-0.125887, 2.46663) (-3.15445, 2.39852) (0.0510216, -1.29923) 
(-0.895939, 1.82136) (-3.03544, 2.02917) (-0.97955, -1.80299) (-0.101314, 2.46842) (-3.15445, 2.39852) (0.0841056, -1.30713) 
(-0.972178, 1.8361) (-3.03544, 2.02917) (-1.07063, -1.7891) (-0.0795542, 2.46589) (-3.15445, 2.39852) (0.109663, -1.31761) 
(-1.03959, 1.85757) (-3.03544, 2.02917) (-1.15925, -1.76608) (-0.058955, 2.45956) (-3.15445, 2.39852) (0.133011, -1.3297) 
(-1.09366, 1.88133) (-3.03544, 2.02917) (-1.2319, -1.74019) (-0.0391712, 2.45355) (-3.15445, 2.39852) (0.148002, -1.3368) 
(-1.1659, 1.92048) (-3.03544, 2.02917) (-1.32711, -1.70422) (-0.0187289, 2.44479) (-3.15445, 2.39852) (0.173597, -1.34374) 
(-1.24216, 1.96658) (-3.03544, 2.02917) (-1.39581, -1.67751) (0.0112697, 2.43501) (-3.15445, 2.39852) (0.204447, -1.35069) 
(-1.29985, 1.99656) (-3.03544, 2.02917) (-1.44142, -1.65728) (0.037514, 2.42765) (-3.15445, 2.39852) (0.231308, -1.35341) 
(-1.35612, 2.01878) (-3.03544, 2.02917) (-1.47808, -1.6341) (0.0672182, 2.42079) (-3.15445, 2.39852) (0.26142, -1.35472) 
(-1.41831, 2.03457) (-3.03544, 2.02917) (-1.53232, -1.60319) (0.101304, 2.41498) (-3.15445, 2.39852) (0.298107, -1.35858) 
(-1.47633, 2.04191) (-3.03544, 2.02917) (-1.59857, -1.57198) (0.139701, 2.40869) (-3.15445, 2.39852) (0.336467, -1.36452) 
(-1.52154, 2.0421) (-3.03544, 2.02917) (-1.64674, -1.55113) (0.168592, 2.40247) (-3.15445, 2.39852) (0.36777, -1.37087) 
(-1.58088, 2.03474) (-3.03544, 2.02917) (-1.70692, -1.52009) (0.213445, 2.39451) (-3.15445, 2.39852) (0.412161, -1.37995) 
(-1.63334, 2.02278) (-3.03544, 2.02917) (-1.75122, -1.51913) (0.249455, 2.38719) (-3.15445, 2.39852) (0.450912, -1.38812) 
(-1.6978, 2.00236) (-3.03544, 2.02917) (-1.8062, -1.5438) (0.30032, 2.37765) (-3.15445, 2.39852) (0.504222, -1.39839) 
(-1.76307, 1.98082) (-3.03544, 2.02917) (-1.8593, -1.57679) (0.353177, 2.36781) (-3.15445, 2.39852) (0.551696, -1.40779) 
(-1.81532, 1.96755) (-3.03544, 2.02917) (-1.8999, -1.6097) (0.399596, 2.35875) (-3.15445, 2.39852) (0.596115, -1.4156) 
(-1.86462, 1.95906) (-3.03544, 2.02917) (-1.9344, -1.64513) (0.449742, 2.34892) (-3.15445, 2.39852) (0.644511, -1.4236) 
(-1.90952, 1.95295) (-3.03544, 2.02917) (-1.95498, -1.68211) (0.496994, 2.3412) (-3.15445, 2.39852) (0.69434, -1.43303) 
(-1.95577, 1.94957) (-3.03544, 2.02917) (-1.96358, -1.72647) (0.550818, 2.33147) (-3.15445, 2.39852) (0.754431, -1.4439) 
(-1.99957, 1.94932) (-3.03544, 2.02917) (-1.99154, -1.76163) (0.606094, 2.32247) (-3.15445, 2.39852) (0.812974, -1.45385) 
(-2.04505, 1.95457) (-3.03544, 2.02917) (-2.01278, -1.78221) (0.661648, 2.3119) (-3.15445, 2.39852) (0.872578, -1.46417) 
(-2.08134, 1.96163) (-3.03544, 2.02917) (-2.02, -1.78506) (0.704764, 2.30348) (-3.15445, 2.39852) (0.917261, -1.47271) 
(-2.12685, 1.97321) (-3.03544, 2.02917) (-2.03477, -1.77823) (0.756733, 2.29361) (-3.15445, 2.39852) (0.968828, -1.48242) 
(-2.18042, 1.98633) (-3.03544, 2.02917) (-2.04695, -1.76589) (0.813026, 2.28399) (-3.15445, 2.39852) (1.02459, -1.49226) 
(-2.225, 1.99321) (-3.03544, 2.02917) (-2.05445, -1.76077) (0.857647, 2.27546) (-3.15445, 2.39852) (1.07023, -1.49999) 
(-2.29404, 1.99956) (-3.03544, 2.02917) (-2.06468, -1.75664) (0.925033, 2.26337) (-3.15445, 2.39852) (1.13825, -1.51202) 
(-2.34555, 2.00099) (-3.03544, 2.02917) (-2.06943, -1.75481) (0.977266, 2.25449) (-3.15445, 2.39852) (1.19396, -1.52199) 
(-2.38649, 1.99888) (-3.03544, 2.02917) (-2.07348, -1.75446) (1.02214, 2.24588) (-3.15445, 2.39852) (1.23913, -1.52939) 
(-2.43135, 1.99281) (-3.03544, 2.02917) (-2.06794, -1.74935) (1.08074, 2.2342) (-3.15445, 2.39852) (1.29693, -1.53987) 
(-2.46118, 1.98646) (-3.03544, 2.02917) (-2.06509, -1.73945) (1.13978, 2.22339) (-3.15445, 2.39852) (1.3545, -1.54994) 
(-2.4739, 1.98195) (-3.03544, 2.02917) (-2.06606, -1.73266) (1.18543, 2.2157) (-3.15445, 2.39852) (1.39898, -1.55783) 
(-2.47957, 1.97985) (-3.03544, 2.02917) (-2.06505, -1.72064) (1.2462, 2.2043) (-3.15445, 2.39852) (1.45732, -1.5677) 
(-2.4713, 1.98705) (-3.03544, 2.02917) (-2.06673, -1.71203) (1.30296, 2.19415) (-3.15445, 2.39852) (1.51627, -1.57767) 
(-2.45879, 1.99847) (-3.03544, 2.02917) (-2.06725, -1.71017) (1.34712, 2.18692) (-3.15445, 2.39852) (1.56084, -1.58583) 
(-2.43615, 2.01974) (-3.03544, 2.02917) (-2.06767, -1.71355) (1.40764, 2.17871) (-3.15445, 2.39852) (1.62544, -1.59727) 
(-2.4146, 2.04351) (-3.03544, 2.02917) (-2.06888, -1.7189) (1.4606, 2.17132) (-3.15445, 2.39852) (1.68154, -1.60634) 
(-2.39859, 2.06257) (-3.03544, 2.02917) (-2.0726, -1.72294) (1.50489, 2.16396) (-3.15445, 2.39852) (1.72825, -1.61468) 
(-2.38329, 2.07806) (-3.03544, 2.02917) (-2.07901, -1.73079) (1.56533, 2.15319) (-3.15445, 2.39852) (1.7873, -1.62589) 
(-2.37844, 2.08178) (-3.03544, 2.02917) (-2.08193, -1.73596) (1.60754, 2.14632) (-3.15445, 2.39852) (1.82779, -1.63365) 
(-2.38026, 2.07971) (-3.03544, 2.02917) (-2.08882, -1.74435) (1.67183, 2.13513) (-3.15445, 2.39852) (1.89171, -1.64541) 
(-2.38877, 2.06413) (-3.03544, 2.02917) (-2.0972, -1.75365) (1.73646, 2.12459) (-3.15445, 2.39852) (1.95714, -1.65685) 
(-2.39878, 2.04268) (-3.03544, 2.02917) (-2.10411, -1.75755) (1.78767, 2.11634) (-3.15445, 2.39852) (2.00854, -1.66517) 
(-2.4112, 2.01809) (-3.03544, 2.02917) (-2.10916, -1.75839) (1.83991, 2.1081) (-3.15445, 2.39852) (2.05836, -1.67476) 
(-2.42231, 1.98735) (-3.03544, 2.02917) (-2.11193, -1.7554) (1.89483, 2.10008) (-3.15445, 2.39852) (2.11017, -1.68313) 
(-2.43251, 1.95114) (-3.03544, 2.02917) (-2.11142, -1.75497) (1.96081, 2.0908) (-3.15445, 2.39852) (2.17012, -1.69336) 
(-2.43715, 1.92864) (-3.03544, 2.02917) (-2.11062, -1.75582) (2.00805, 2.08501) (-3.15445, 2.39852) (2.21121, -1.70108) 
(-2.44144, 1.90581) (-3.03544, 2.02917) (-2.11019, -1.75803) (2.06602, 2.07898) (-3.15445, 2.39852) (2.26327, -1.71096) 
(-2.44606, 1.89296) (-3.03544, 2.02917) (-2.1093, -1.75959) (2.11917, 2.07122) (-3.15445, 2.39852) (2.29105, -1.71531) 
(-2.44995, 1.8884) (-3.03544, 2.02917) (-2.10646, -1.76025) (2.16141, 2.06597) (-3.15445, 2.39852) (2.29118, -1.71558) 
(-2.455, 1.88444) (-3.03544, 2.02917) (-2.1027, -1.76009) (2.20888, 2.06149) (-3.15445, 2.39852) (2.27789, -1.71274) 
(-2.46018, 1.88292) (-3.03544, 2.02917) (-2.09807, -1.7611) (2.26105, 2.05448) (-3.15445, 2.39852) (2.28031, -1.71328) 
(-2.46364, 1.88314) (-3.03544, 2.02917) (-2.09354, -1.76459) (2.28266, 2.05186) (-3.15445, 2.39852) (2.28751, -1.71474) 
(-2.46504, 1.88221) (-3.03544, 2.02917) (-2.08819, -1.7652) (2.27847, 2.05321) (-3.15445, 2.39852) (2.28881, -1.71479) 
(-2.46372, 1.88032) (-3.03544, 2.02917) (-2.08557, -1.7636) (2.27313, 2.05365) (-3.15445, 2.39852) (2.28744, -1.7146) 
(-2.46176, 1.87712) (-3.03544, 2.02917) (-2.08415, -1.76152) (2.28123, 2.05266) (-3.15445, 2.39852) (2.28794, -1.71462) 
(-2.46209, 1.87299) (-3.03544, 2.02917) (-2.08374, -1.75947) (2.28124, 2.05378) (-3.15445, 2.39852) (2.28772, -1.71458) 
(-2.46276, 1.86845) (-3.03544, 2.02917) (-2.08306, -1.75715) (2.28114, 2.0537) (-3.15445, 2.39852) (2.28786, -1.7146) 
(-2.46305, 1.86591) (-3.03544, 2.02917) (-2.08219, -1.75622) (2.28115, 2.05396) (-3.15445, 2.39852) (2.28765, -1.71461) 
(-2.46341, 1.86322) (-3.03544, 2.02917) (-2.08335, -1.7565) (2.281, 2.05397) (-3.15445, 2.39852) (2.28777, -1.71463) 
(-2.46537, 1.86105) (-3.03544, 2.02917) (-2.08719, -1.75655) (2.28104, 2.05387) (-3.15445, 2.39852) (2.28764, -1.71461) 
(-2.46898, 1.86124) (-3.03544, 2.02917) (-2.09016, -1.75574) (2.28103, 2.05383) (-3.15445, 2.39852) (2.28771, -1.71461) 
(-2.47141, 1.86035) (-3.03544, 2.02917) (-2.092, -1.7555) (2.28104, 2.05388) (-3.15445, 2.39852) (2.28769, -1.71461) 
(-2.47102, 1.85849) (-3.03544, 2.02917) (-2.09189, -1.75519) (2.28102, 2.05392) (-3.15445, 2.39852) (2.28767, -1.71461) 
(-2.4702, 1.85618) (-3.03544, 2.02917) (-2.09075, -1.75486) (2.28107, 2.0539) (-3.15445, 2.39852) (2.28768, -1.71462) 
(-2.47227, 1.85451) (-3.03544, 2.02917) (-2.08881, -1.75457) (2.28101, 2.05389) (-3.15445, 2.39852) (2.28766, -1.71463) 
(-2.47445, 1.8547) (-3.03544, 2.02917) (-2.08799, -1.75493) (2.28103, 2.05386) (-3.15445, 2.39852) (2.28766, -1.71461) 
(-2.47382, 1.85471) (-3.03544, 2.02917) (-2.08917, -1.75608) (2.28103, 2.05385) (-3.15445, 2.39852) (2.28766, -1.7146) 
(-2.47176, 1.85514) (-3.03544, 2.02917) (-2.09079, -1.75678) (2.28103, 2.0539) (-3.15445, 2.39852) (2.28764, -1.71461) 
(-2.47103, 1.85584) (-3.03544, 2.02917) (-2.09203, -1.75555) (2.28103, 2.05388) (-3.15445, 2.39852) (2.28765, -1.71462) 
(-2.4729, 1.85616) (-3.03544, 2.02917) (-2.09357, -1.7545) (2.28103, 2.05391) (-3.15445, 2.39852) (2.28767, -1.71462) 
(-2.47465, 1.85555) (-3.03544, 2.02917) (-2.09792, -1.75335) (2.28102, 2.0539) (-3.15445, 2.39852) (2.28766, -1.71461) 
(-2.47363, 1.8537) (-3.03544, 2.02917) (-2.10274, -1.76448) (2.281, 2.05389) (-3.15445, 2.39852) (2.28765, -1.71461) 
(-2.4721, 1.85026) (-3.03544, 2.02917) (-2.09974, -1.78344) (2.281, 2.05389) (-3.15445, 2.39852) (2.28765, -1.71462) 
(-2.47235, 1.84708) (-3.03544, 2.02917) (-2.09312, -1.78571) (2.28102, 2.05388) (-3.15445, 2.39852) (2.28765, -1.71461) 
(-2.47379, 1.84463) (-3.03544, 2.02917) (-2.09191, -1.78127) (2.281, 2.0539) (-3.15445, 2.39852) (2.28763, -1.71463) 
(-2.47368, 1.84146) (-3.03544, 2.02917) (-2.08854, -1.78096) (2.28104, 2.05388) (-3.15445, 2.39852) (2.28764, -1.7146) 
(-2.47156, 1.83856) (-3.03544, 2.02917) (-2.0846, -1.78017) (2.28103, 2.05387) (-3.15445, 2.39852) (2.28764, -1.71461) 
(-2.47116, 1.83504) (-3.03544, 2.02917) (-2.08482, -1.7813) (2.28103, 2.0539) (-3.15445, 2.39852) (2.28764, -1.7146) 
(-2.47378, 1.83144) (-3.03544, 2.02917) (-2.08852, -1.78296) (2.28102, 2.0539) (-3.15445, 2.39852) (2.28763, -1.71461) 
(-2.47516, 1.82805) (-3.03544, 2.02917) (-2.09688, -1.77726) (2.28101, 2.0539) (-3.15445, 2.39852) (2.28763, -1.71461) 
(-2.47225, 1.82619) (-3.03544, 2.02917) (-2.10598, -1.76362) (2.28101, 2.05389) (-3.15445, 2.39852) (2.28763, -1.71461) 
(-2.46896, 1.8265) (-3.03544, 2.02917) (-2.10705, -1.74883) (2.28101, 2.05388) (-3.15445, 2.39852) (2.28763, -1.71461) 
(-2.46698, 1.83309) (-3.03544, 2.02917) (-2.10191, -1.74049) (2.281, 2.05389) (-3.15445, 2.39852) (2.28765, -1.7146) 
(-2.46316, 1.84259) (-3.03544, 2.02917) (-2.09835, -1.74333) (2.28097, 2.05387) (-3.15445, 2.39852) (2.28764, -1.7146) 
(-2.45702, 1.85172) (-3.03544, 2.02917) (-2.09569, -1.74974) (2.281, 2.0539) (-3.15445, 2.39852) (2.28763, -1.71461) 
(-2.43935, 1.87507) (-3.03544, 2.02917) (-2.09269, -1.76065) (2.28099, 2.0539) (-3.15445, 2.39852) (2.28764, -1.71461) 
(-2.42065, 1.89826) (-3.03544, 2.02917) (-2.09265, -1.76676) (2.281, 2.05389) (-3.15445, 2.39852) (2.28762, -1.71461) 
(-2.40542, 1.91761) (-3.03544, 2.02917) (-2.09187, -1.77317) (2.28097, 2.05389) (-3.15445, 2.39852) (2.28763, -1.71461) 
(-2.38858, 1.93983) (-3.03544, 2.02917) (-2.08687, -1.782) (2.28101, 2.05392) (-3.15445, 2.39852) (2.28762, -1.71462) 
(-2.3725, 1.96071) (-3.03544, 2.02917) (-2.08014, -1.7897) (2.281, 2.05386) (-3.15445, 2.39852) (2.28761, -1.7146) 
(-2.35639, 1.98215) (-3.03544, 2.02917) (-2.07981, -1.8105) (2.281, 2.0539) (-3.15445, 2.39852) (2.28762, -1.71462) 
(-2.34375, 1.99815) (-3.03544, 2.02917) (-2.06996, -1.83849) (2.281, 2.05389) (-3.15445, 2.39852) (2.28762, -1.71462) 
(-2.33112, 2.01396) (-3.03544, 2.02917) (-2.04163, -1.85691) (2.28102, 2.05388) (-3.15445, 2.39852) (2.2876, -1.71462) 
(-2.31973, 2.02518) (-3.03544, 2.02917) (-2.02864, -1.85527) (2.28101, 2.05391) (-3.15445, 2.39852) (2.28763, -1.7146) 
(-2.31312, 2.03035) (-3.03544, 2.02917) (-2.01832, -1.85499) (2.28099, 2.05393) (-3.15445, 2.39852) (2.28765, -1.7146) 
(-2.30848, 2.03469) (-3.03544, 2.02917) (-2.00205, -1.85412) (2.28099, 2.05389) (-3.15445, 2.39852) (2.28761, -1.71462) 
(-2.30586, 2.03869) (-3.03544, 2.02917) (-1.98262, -1.85343) (2.28099, 2.05392) (-3.15445, 2.39852) (2.28762, -1.71462) 
(-2.30707, 2.03946) (-3.03544, 2.02917) (-1.94728, -1.84554) (2.281, 2.05389) (-3.15445, 2.39852) (2.2876, -1.71462) 
(-2.31161, 2.03671) (-3.03544, 2.02917) (-1.91879, -1.82927) (2.28098, 2.05389) (-3.15445, 2.39852) (2.28759, -1.71462) 
(-2.32188, 2.03168) (-3.03544, 2.02917) (-1.87645, -1.79485) (2.28099, 2.0539) (-3.15445, 2.39852) (2.28763, -1.7146) 
(-2.33454, 2.02562) (-3.03544, 2.02917) (-1.84682, -1.75839) (2.28098, 2.05392) (-3.15445, 2.39852) (2.28761, -1.71461) 
(-2.35005, 2.01944) (-3.03544, 2.02917) (-1.82202, -1.71519) (2.28099, 2.05388) (-3.15445, 2.39852) (2.28762, -1.71462) 
(-2.36585, 2.01166) (-3.03544, 2.02917) (-1.78274, -1.66533) (2.28101, 2.05388) (-3.15445, 2.39852) (2.28761, -1.71461) 
(-2.37723, 2.0056) (-3.03544, 2.02917) (-1.75481, -1.63574) (2.28101, 2.05387) (-3.15445, 2.39852) (2.28761, -1.71461) 
(-2.38807, 1.99798) (-3.03544, 2.02917) (-1.70063, -1.60802) (2.28097, 2.05391) (-3.15445, 2.39852) (2.28764, -1.71463) 
(-2.38987, 1.99261) (-3.03544, 2.02917) (-1.6391, -1.59088) (2.28101, 2.05389) (-3.15445, 2.39852) (2.28756, -1.71462) 
(-2.38153, 1.98776) (-3.03544, 2.02917) (-1.58297, -1.57624) (2.28099, 2.0539) (-3.15445, 2.39852) (2.28759, -1.71464) 
(-2.36691, 1.98665) (-3.03544, 2.02917) (-1.516, -1.56129) (2.28096, 2.05392) (-3.15445, 2.39852) (2.2876, -1.71463) 
(-2.34153, 1.99055) (-3.03544, 2.02917) (-1.42958, -1.56779) (2.281, 2.0539) (-3.15445, 2.39852) (2.28759, -1.71463) 
(-2.31632, 1.99545) (-3.03544, 2.02917) (-1.36882, -1.58306) (2.28099, 2.0539) (-3.15445, 2.39852) (2.28761, -1.71463) 
(-2.29553, 1.99854) (-3.03544, 2.02917) (-1.32684, -1.59023) (2.28098, 2.05391) (-3.15445, 2.39852) (2.28761, -1.71462) 
(-2.26988, 2.0033) (-3.03544, 2.02917) (-1.27638, -1.59685) (2.28101, 2.05389) (-3.15445, 2.39852) (2.28761, -1.71463) 
(-2.25295, 2.00808) (-3.03544, 2.02917) (-1.23887, -1.59787) (2.281, 2.05392) (-3.15445, 2.39852) (2.28763, -1.71459) 
(-2.2419, 2.01302) (-3.03544, 2.02917) (-1.21306, -1.60542) (2.28103, 2.05387) (-3.15445, 2.39852) (2.28761, -1.71459) 
(-2.23338, 2.01879) (-3.03544, 2.02917) (-1.18433, -1.60592) (2.281, 2.0539) (-3.15445, 2.39852) (2.28759, -1.71461) 
(-2.22742, 2.02574) (-3.03544, 2.02917) (-1.14704, -1.59025) (2.28098, 2.05389) (-3.15445, 2.39852) (2.28762, -1.71462) 
(-2.22374, 2.03065) (-3.03544, 2.02917) (-1.12491, -1.57444) (2.28097, 2.05388) (-3.15445, 2.39852) (2.28762, -1.7146) 
(-2.21995, 2.0346) (-3.03544, 2.02917) (-1.1116, -1.55805) (2.28098, 2.05389) (-3.15445, 2.39852) (2.28759, -1.71464) 
(-2.21751, 2.03734) (-3.03544, 2.02917) (-1.10559, -1.54424) (2.28098, 2.0539) (-3.15445, 2.39852) (2.2876, -1.71461) 
(-2.21446, 2.04115) (-3.03544, 2.02917) (-1.10038, -1.52873) (2.281, 2.05391) (-3.15445, 2.39852) (2.28758, -1.71463) 
(-2.20885, 2.04502) (-3.03544, 2.02917) (-1.10636, -1.51099) (2.28098, 2.05387) (-3.15445, 2.39852) (2.2876, -1.71464) 
(-2.20106, 2.04793) (-3.03544, 2.02917) (-1.11498, -1.47969) (2.281, 2.05389) (-3.15445, 2.39852) (2.28761, -1.71461) 
(-2.19425, 2.0492) (-3.03544, 2.02917) (-1.12275, -1.44641) (2.28101, 2.05387) (-3.15445, 2.39852) (2.28759, -1.71461) 
(-2.18743, 2.04933) (-3.03544, 2.02917) (-1.14042, -1.40345) (2.28095, 2.05391) (-3.15445, 2.39852) (2.2876, -1.71463) 
(-2.18313, 2.0494) (-3.03544, 2.02917) (-1.16147, -1.3678) (2.28098, 2.05389) (-3.15445, 2.39852) (2.28758, -1.71462) 
(-2.18158, 2.05008) (-3.03544, 2.02917) (-1.1791, -1.34081) (2.28098, 2.0539) (-3.15445, 2.39852) (2.28759, -1.71462) 
(-2.18043, 2.0499) (-3.03544, 2.02917) (-1.21258, -1.29069) (2.28099, 2.0539) (-3.15445, 2.39852) (2.28761, -1.71461) 
(-2.17958, 2.04842) (-3.03544, 2.02917) (-1.24079, -1.23688) (2.28096, 2.0539) (-3.15445, 2.39852) (2.2876, -1.71461) 
(-2.17977, 2.04642) (-3.03544, 2.02917) (-1.2712, -1.1789) (2.28097, 2.05391) (-3.15445, 2.39852) (2.28761, -1.71462) 
(-2.18056, 2.0452) (-3.03544, 2.02917) (-1.29346, -1.14398) (2.28097, 2.05393) (-3.15445, 2.39852) (2.2876, -1.71461) 
(-2.18342, 2.04355) (-3.03544, 2.02917) (-1.30399, -1.11095) (2.28098, 2.0539) (-3.15445, 2.39852) (2.28759, -1.71461) 
(-2.18912, 2.04115) (-3.03544, 2.02917) (-1.30399, -1.07286) (2.28098, 2.05388) (-3.15445, 2.39852) (2.28757, -1.71463) 
(-2.19892, 2.03761) (-3.03544, 2.02917) (-1.29914, -1.02278) (2.28098, 2.0539) (-3.15445, 2.39852) (2.28761, -1.7146) 
(-2.21007, 2.03475) (-3.03544, 2.02917) (-1.28979, -0.971623) (2.281, 2.0539) (-3.15445, 2.39852) (2.28759, -1.7146) 
(-2.21913, 2.03328) (-3.03544, 2.02917) (-1.28198, -0.932201) (2.28098, 2.05389) (-3.15445, 2.39852) (2.28759, -1.71461) 
(-2.2346, 2.03258) (-3.03544, 2.02917) (-1.27656, -0.873577) (2.28098, 2.05392) (-3.15445, 2.39852) (2.28758, -1.71461) 
(-2.24133, 2.03266) (-3.03544, 2.02917) (-1.29098, -0.843303) (2.28099, 2.05391) (-3.15445, 2.39852) (2.28758, -1.71462) 
(-2.24919, 2.03186) (-3.03544, 2.02917) (-1.32196, -0.810784) (2.28099, 2.0539) (-3.15445, 2.39852) (2.28758, -1.71462) 
(-2.25449, 2.03154) (-3.03544, 2.02917) (-1.36257, -0.777795) (2.28099, 2.05387) (-3.15445, 2.39852) (2.28758, -1.71462) 
(-2.25738, 2.03139) (-3.03544, 2.02917) (-1.41024, -0.759053) (2.28098, 2.0539) (-3.15445, 2.39852) (2.28757, -1.71464) 
(-2.25816, 2.03053) (-3.03544, 2.02917) (-1.48487, -0.750005) (2.281, 2.05391) (-3.15445, 2.39852) (2.28758, -1.71461) 
(-2.25757, 2.0303) (-3.03544, 2.02917) (-1.54766, -0.759224) (2.281, 2.05392) (-3.15445, 2.39852) (2.2876, -1.7146) 
(-2.25504, 2.03071) (-3.03544, 2.02917) (-1.61824, -0.771539) (2.28096, 2.05392) (-3.15445, 2.39852) (2.28759, -1.71462) 
(-2.24932, 2.03192) (-3.03544, 2.02917) (-1.67526, -0.776214) (2.28096, 2.0539) (-3.15445, 2.39852) (2.28759, -1.7146) 
(-2.24188, 2.03575) (-3.03544, 2.02917) (-1.72937, -0.751156) (2.28099, 2.05389) (-3.15445, 2.39852) (2.2876, -1.71463) 
(-2.23736, 2.03828) (-3.03544, 2.02917) (-1.76528, -0.733345) (2.28098, 2.05391) (-3.15445, 2.39852) (2.28759, -1.71462) 
(-2.23499, 2.04183) (-3.03544, 2.02917) (-1.80048, -0.712965) (2.28097, 2.05388) (-3.15445, 2.39852) (2.2876, -1.71461) 
(-2.23465, 2.0436) (-3.03544, 2.02917) (-1.83092, -0.685435) (2.28098, 2.05391) (-3.15445, 2.39852) (2.28759, -1.71462) 
(-2.23419, 2.04545) (-3.03544, 2.02917) (-1.86424, -0.641202) (2.28097, 2.05391) (-3.15445, 2.39852) (2.28759, -1.7146) 
(-2.23184, 2.04859) (-3.03544, 2.02917) (-1.90353, -0.58675) (2.28098, 2.05389) (-3.15445, 2.39852) (2.28759, -1.71461) 
(-2.23037, 2.05152) (-3.03544, 2.02917) (-1.93084, -0.558549) (2.281, 2.0539) (-3.15445, 2.39852) (2.28759, -1.71461) 
(-2.22943, 2.05626) (-3.03544, 2.02917) (-1.96526, -0.506761) (2.28097, 2.0539) (-3.15445, 2.39852) (2.28759, -1.71461) 
(-2.22965, 2.05941) (-3.03544, 2.02917) (-1.98166, -0.463134) (2.28098, 2.05389) (-3.15445, 2.39852) (2.28758, -1.71462) 
(-2.2296, 2.06275) (-3.03544, 2.02917) (-2.00101, -0.413673) (2.28097, 2.05391) (-3.15445, 2.39852) (2.28758, -1.71461) 
(-2.23, 2.06548) (-3.03544, 2.02917) (-2.02257, -0.36695) (2.28096, 2.05386) (-3.15445, 2.39852) (2.28758, -1.71462) 
(-2.22957, 2.06713) (-3.03544, 2.02917) (-2.04966, -0.325214) (2.281, 2.05389) (-3.15445, 2.39852) (2.28758, -1.71461) 
(-2.22966, 2.06867) (-3.03544, 2.02917) (-2.07602, -0.295742) (2.28096, 2.0539) (-3.15445, 2.39852) (2.28758, -1.71461) 
(-2.22993, 2.0707) (-3.03544, 2.02917) (-2.10349, -0.265714) (2.28098, 2.0539) (-3.15445, 2.39852) (2.28757, -1.71462) 
(-2.2296, 2.0726) (-3.03544, 2.02917) (-2.13189, -0.236138) (2.28095, 2.05391) (-3.15445, 2.39852) (2.28758, -1.71462) 
(-2.22956, 2.07381) (-3.03544, 2.02917) (-2.15845, -0.20498) (2.28098, 2.05392) (-3.15445, 2.39852) (2.28758, -1.71462) 
(-2.22922, 2.0753) (-3.03544, 2.02917) (-2.17959, -0.187574) (2.28098, 2.05392) (-3.15445, 2.39852) (2.28757, -1.71463) 
(-2.22839, 2.0774) (-3.03544, 2.02917) (-2.20801, -0.176362) (2.28096, 2.05391) (-3.15445, 2.39852) (2.28758, -1.71461) 
(-2.22671, 2.07903) (-3.03544, 2.02917) (-2.2399, -0.172164) (2.28096, 2.0539) (-3.15445, 2.39852) (2.28758, -1.71462) 
(-2.22504, 2.07986) (-3.03544, 2.02917) (-2.28667, -0.157818) (2.28098, 2.0539) (-3.15445, 2.39852) (2.28758, -1.71461) 
(-2.22434, 2.07881) (-3.03544, 2.02917) (-2.32383, -0.134475) (2.28097, 2.05391) (-3.15445, 2.39852) (2.28757, -1.71461) 
(-2.22316, 2.07597) (-3.03544, 2.02917) (-2.36467, -0.101767) (2.28096, 2.05393) (-3.15445, 2.39852) (2.28757, -1.71462) 
(-2.22103, 2.07716) (-3.03544, 2.02917) (-2.38777, -0.0739403) (2.28093, 2.05392) (-3.15445, 2.39852) (2.28759, -1.7146) 
(-2.21956, 2.08645) (-3.03544, 2.02917) (-2.40008, -0.0414079) (2.28096, 2.05391) (-3.15445, 2.39852) (2.28756, -1.71462) 
(-2.22101, 2.10159) (-3.03544, 2.02917) (-2.41119, -0.000199358) (2.28094, 2.05391) (-3.15445, 2.39852) (2.28758, -1.71462) 
(-2.2255, 2.11831) (-3.03544, 2.02917) (-2.41578, 0.0409304) (2.28097, 2.0539) (-3.15445, 2.39852) (2.28757, -1.71461) 
(-2.2328, 2.13694) (-3.03544, 2.02917) (-2.41398, 0.071334) (2.28097, 2.0539) (-3.15445, 2.39852) (2.28757, -1.71462) 
(-2.24297, 2.15854) (-3.03544, 2.02917) (-2.41452, 0.0959895) (2.28096, 2.05391) (-3.15445, 2.39852) (2.28759, -1.71461) 
(-2.26014, 2.18511) (-3.03544, 2.02917) (-2.4246, 0.123157) (2.28096, 2.05392) (-3.15445, 2.39852) (2.28758, -1.71461) 
(-2.27899, 2.20761) (-3.03544, 2.02917) (-2.43798, 0.137329) (2.28098, 2.0539) (-3.15445, 2.39852) (2.28755, -1.71464) 
(-2.30175, 2.22849) (-3.03544, 2.02917) (-2.45233, 0.147098) (2.28097, 2.0539) (-3.15445, 2.39852) (2.28756, -1.71461) 
(-2.32337, 2.2448) (-3.03544, 2.02917) (-2.46553, 0.155125) (2.28096, 2.05392) (-3.15445, 2.39852) (2.28756, -1.71461) 
(-2.33978, 2.25688) (-3.03544, 2.02917) (-2.47618, 0.154935) (2.28096, 2.0539) (-3.15445, 2.39852) (2.28754, -1.71463) 
(-2.35923, 2.27169) (-3.03544, 2.02917) (-2.48184, 0.14904) (2.28097, 2.05392) (-3.15445, 2.39852) (2.28756, -1.71461) 
(-2.37169, 2.27914) (-3.03544, 2.02917) (-2.48523, 0.143878) (2.28098, 2.05392) (-3.15445, 2.39852) (2.28756, -1.7146) 
(-2.38174, 2.28471) (-3.03544, 2.02917) (-2.49022, 0.136893) (2.28097, 2.0539) (-3.15445, 2.39852) (2.28755, -1.71464) 
(-2.38363, 2.2864) (-3.03544, 2.02917) (-2.49361, 0.130234) (2.28099, 2.0539) (-3.15445, 2.39852) (2.28759, -1.71461) 
(-2.37734, 2.28648) (-3.03544, 2.02917) (-2.49272, 0.11971) (2.28095, 2.05391) (-3.15445, 2.39852) (2.28757, -1.71463) 
(-2.36373, 2.28488) (-3.03544, 2.02917) (-2.48733, 0.120074) (2.28097, 2.05392) (-3.15445, 2.39852) (2.28758, -1.7146) 
(-2.34339, 2.27926) (-3.03544, 2.02917) (-2.48567, 0.126211) (2.28097, 2.05389) (-3.15445, 2.39852) (2.28756, -1.71462) 
(-2.31804, 2.27056) (-3.03544, 2.02917) (-2.48464, 0.125341) (2.28096, 2.05391) (-3.15445, 2.39852) (2.28759, -1.71462) 
(-2.29883, 2.26336) (-3.03544, 2.02917) (-2.48319, 0.127533) (2.28095, 2.05392) (-3.15445, 2.39852) (2.28759, -1.7146) 
(-2.27296, 2.25586) (-3.03544, 2.02917) (-2.48142, 0.127823) (2.28095, 2.0539) (-3.15445, 2.39852) (2.28755, -1.71463) 
(-2.25434, 2.24996) (-3.03544, 2.02917) (-2.47857, 0.122906) (2.28096, 2.05392) (-3.15445, 2.39852) (2.28759, -1.71461) 
(-2.23319, 2.24755) (-3.03544, 2.02917) (-2.47921, 0.117984) (2.28095, 2.05391) (-3.15445, 2.39852) (2.28755, -1.7146) 
(-2.21759, 2.24501) (-3.03544, 2.02917) (-2.48208, 0.116827) (2.28095, 2.05392) (-3.15445, 2.39852) (2.28755, -1.71463) 
(-2.20547, 2.24137) (-3.03544, 2.02917) (-2.48408, 0.11622) (2.28093, 2.05391) (-3.15445, 2.39852) (2.28757, -1.71463) 
(-2.19622, 2.23675) (-3.03544, 2.02917) (-2.48474, 0.115993) (2.28098, 2.05389) (-3.15445, 2.39852) (2.28757, -1.7146) 
(-2.19416, 2.23698) (-3.03544, 2.02917) (-2.48618, 0.118343) (2.28094, 2.05394) (-3.15445, 2.39852) (2.28759, -1.71462) 
(-2.19921, 2.24303) (-3.03544, 2.02917) (-2.4872, 0.121702) (2.28098, 2.05392) (-3.15445, 2.39852) (2.28757, -1.71462) 
(-2.20782, 2.25649) (-3.03544, 2.02917) (-2.49013, 0.126012) (2.28094, 2.05392) (-3.15445, 2.39852) (2.28758, -1.7146) 
(-2.22253, 2.27431) (-3.03544, 2.02917) (-2.49268, 0.12781) (2.28097, 2.05392) (-3.15445, 2.39852) (2.28757, -1.71462) 
(-2.23531, 2.28807) (-3.03544, 2.02917) (-2.49567, 0.127768) (2.28097, 2.05391) (-3.15445, 2.39852) (2.28757, -1.71463) 
(-2.25593, 2.30622) (-3.03544, 2.02917) (-2.50437, 0.129852) (2.28097, 2.05393) (-3.15445, 2.39852) (2.28756, -1.71462) 
(-2.27186, 2.31735) (-3.03544, 2.02917) (-2.51028, 0.132711) (2.28096, 2.0539) (-3.15445, 2.39852) (2.28754, -1.71463) 
(-2.29158, 2.32791) (-3.03544, 2.02917) (-2.51903, 0.136281) (2.28098, 2.0539) (-3.15445, 2.39852) (2.28757, -1.7146) 
(-2.30462, 2.33566) (-3.03544, 2.02917) (-2.52708, 0.137808) (2.28096, 2.05391) (-3.15445, 2.39852) (2.28756, -1.71463) 
(-2.30898, 2.33741) (-3.03544, 2.02917) (-2.53092, 0.139279) (2.28098, 2.05391) (-3.15445, 2.39852) (2.28756, -1.71464) 
(-2.30824, 2.33328) (-3.03544, 2.02917) (-2.53418, 0.144175) (2.28098, 2.05388) (-3.15445, 2.39852) (2.28756, -1.7146) 
(-2.30423, 2.32601) (-3.03544, 2.02917) (-2.53859, 0.142509) (2.28095, 2.0539) (-3.15445, 2.39852) (2.28757, -1.71464) 
(-2.29823, 2.31643) (-3.03544, 2.02917) (-2.54771, 0.138553) (2.28096, 2.05387) (-3.15445, 2.39852) (2.28759, -1.7146) 
(-2.2908, 2.30736) (-3.03544, 2.02917) (-2.55977, 0.13093) (2.28095, 2.05392) (-3.15445, 2.39852) (2.28756, -1.71463) 
(-2.28407, 2.30003) (-3.03544, 2.02917) (-2.56529, 0.124486) (2.28096, 2.0539) (-3.15445, 2.39852) (2.28754, -1.71463) 
(-2.27442, 2.29072) (-3.03544, 2.02917) (-2.57128, 0.115548) (2.28095, 2.05391) (-3.15445, 2.39852) (2.28756, -1.71462) 
(-2.26589, 2.28461) (-3.03544, 2.02917) (-2.5794, 0.112812) (2.28095, 2.05389) (-3.15445, 2.39852) (2.28754, -1.71462) 
(-2.2614, 2.28171) (-3.03544, 2.02917) (-2.58639, 0.111676) (2.28094, 2.05391) (-3.15445, 2.39852) (2.28758, -1.71462) 
(-2.25843, 2.27933) (-3.03544, 2.02917) (-2.59118, 0.112522) (2.28094, 2.05387) (-3.15445, 2.39852) (2.28759, -1.7146) 
(-2.25703, 2.27699) (-3.03544, 2.02917) (-2.60304, 0.111586) (2.28096, 2.05389) (-3.15445, 2.39852) (2.28754, -1.71462) 
(-2.25655, 2.27489) (-3.03544, 2.02917) (-2.62218, 0.109813) (2.28096, 2.0539) (-3.15445, 2.39852) (2.28757, -1.71461) 
(-2.2546, 2.27478) (-3.03544, 2.02917) (-2.63064, 0.110328) (2.28095, 2.0539) (-3.15445, 2.39852) (2.28757, -1.7146) 
(-2.25303, 2.27691) (-3.03544, 2.02917) (-2.63636, 0.111299) (2.28095, 2.05392) (-3.15445, 2.39852) (2.28756, -1.71462) 
(-2.24766, 2.28329) (-3.03544, 2.02917) (-2.63928, 0.108838) (2.28098, 2.0539) (-3.15445, 2.39852) (2.28755, -1.71461) 
(-2.24401, 2.28412) (-3.03544, 2.02917) (-2.6427, 0.106193) (2.28096, 2.05392) (-3.15445, 2.39852) (2.28756, -1.71463) 
(-2.24373, 2.28209) (-3.03544, 2.02917) (-2.64567, 0.102497) (2.28095, 2.0539) (-3.15445, 2.39852) (2.28756, -1.71464) 
(-2.2429, 2.27979) (-3.03544, 2.02917) (-2.64847, 0.0959311) (2.28095, 2.05392) (-3.15445, 2.39852) (2.28757, -1.7146) 
(-2.24141, 2.28187) (-3.03544, 2.02917) (-2.64879, 0.0925002) (2.28096, 2.05389) (-3.15445, 2.39852) (2.28756, -1.71461) 
(-2.24226, 2.28115) (-3.03544, 2.02917) (-2.64522, 0.0899197) (2.28094, 2.05389) (-3.15445, 2.39852) (2.28755, -1.71462) 
(-2.24372, 2.28059) (-3.03544, 2.02917) (-2.63765, 0.0853181) (2.28097, 2.05392) (-3.15445, 2.39852) (2.28755, -1.71462) 
(-2.24614, 2.28131) (-3.03544, 2.02917) (-2.63361, 0.0797873) (2.28095, 2.05393) (-3.15445, 2.39852) (2.28756, -1.71462) 
(-2.24669, 2.2827) (-3.03544, 2.02917) (-2.63368, 0.0813802) (2.28094, 2.05393) (-3.15445, 2.39852) (2.28754, -1.71462) 
(-2.24771, 2.28564) (-3.03544, 2.02917) (-2.6344, 0.0848485) (2.28095, 2.05393) (-3.15445, 2.39852) (2.28755, -1.71461) 
(-2.24806, 2.28743) (-3.03544, 2.02917) (-2.63225, 0.0901019) (2.28094, 2.05393) (-3.15445, 2.39852) (2.28755, -1.71464) 
(-2.24789, 2.28904) (-3.03544, 2.02917) (-2.62409, 0.10288) (2.28093, 2.05391) (-3.15445, 2.39852) (2.28757, -1.71461) 
(-2.24833, 2.29036) (-3.03544, 2.02917) (-2.61351, 0.115094) (2.28095, 2.05393) (-3.15445, 2.39852) (2.28756, -1.71461) 
(-2.24858, 2.29031) (-3.03544, 2.02917) (-2.59143, 0.130265) (2.28096, 2.05391) (-3.15445, 2.39852) (2.28756, -1.71461) 
(-2.24965, 2.2888) (-3.03544, 2.02917) (-2.56515, 0.147698) (2.28094, 2.05392) (-3.15445, 2.39852) (2.28755, -1.71461) 
(-2.25145, 2.28407) (-3.03544, 2.02917) (-2.5465, 0.166177) (2.28093, 2.05392) (-3.15445, 2.39852) (2.28755, -1.71461) 
(-2.25274, 2.28172) (-3.03544, 2.02917) (-2.53667, 0.183697) (2.28095, 2.05391) (-3.15445, 2.39852) (2.28757, -1.7146) 
(-2.25103, 2.2782) (-3.03544, 2.02917) (-2.53301, 0.200706) (2.28095, 2.05393) (-3.15445, 2.39852) (2.28756, -1.71462) 
(-2.24511, 2.27141) (-3.03544, 2.02917) (-2.54074, 0.210831) (2.28097, 2.05389) (-3.15445, 2.39852) (2.28754, -1.7146) 
(-2.23833, 2.26428) (-3.03544, 2.02917) (-2.5468, 0.215198) (2.28096, 2.05391) (-3.15445, 2.39852) (2.28755, -1.7146) 
(-2.22823, 2.2527) (-3.03544, 2.02917) (-2.55572, 0.220607) (2.28095, 2.05391) (-3.15445, 2.39852) (2.28756, -1.7146) 
(-2.2175, 2.24322) (-3.03544, 2.02917) (-2.56586, 0.216563) (2.28095, 2.0539) (-3.15445, 2.39852) (2.28755, -1.71462) 
(-2.20976, 2.23852) (-3.03544, 2.02917) (-2.56996, 0.21149) (2.28096, 2.05388) (-3.15445, 2.39852) (2.28755, -1.7146) 
(-2.20227, 2.23485) (-3.03544, 2.02917) (-2.57248, 0.207083) (2.28097, 2.0539) (-3.15445, 2.39852) (2.28756, -1.71462) 
(-2.19849, 2.23021) (-3.03544, 2.02917) (-2.5762, 0.204073) (2.28096, 2.0539) (-3.15445, 2.39852) (2.28756, -1.71462) 
(-2.19899, 2.2251) (-3.03544, 2.02917) (-2.57705, 0.205728) (2.28096, 2.05392) (-3.15445, 2.39852) (2.28755, -1.71462) 
(-2.20144, 2.22204) (-3.03544, 2.02917) (-2.57977, 0.208389) (2.28094, 2.0539) (-3.15445, 2.39852) (2.28754, -1.71462) 
(-2.20539, 2.22238) (-3.03544, 2.02917) (-2.5836, 0.211585) (2.28094, 2.05392) (-3.15445, 2.39852) (2.28754, -1.71464) 
(-2.21303, 2.22735) (-3.03544, 2.02917) (-2.58682, 0.215108) (2.28094, 2.05393) (-3.15445, 2.39852) (2.28756, -1.71462) 
(-2.2221, 2.23544) (-3.03544, 2.02917) (-2.59032, 0.217256) (2.28097, 2.05388) (-3.15445, 2.39852) (2.28755, -1.71461) 
(-2.23066, 2.24558) (-3.03544, 2.02917) (-2.59445, 0.216534) (2.28095, 2.05389) (-3.15445, 2.39852) (2.28756, -1.7146) 
(-2.24152, 2.25756) (-3.03544, 2.02917) (-2.59829, 0.213634) (2.28094, 2.05391) (-3.15445, 2.39852) (2.28755, -1.71461) 
(-2.25489, 2.27259) (-3.03544, 2.02917) (-2.59807, 0.209061) (2.28096, 2.0539) (-3.15445, 2.39852) (2.28756, -1.71462) 
(-2.26571, 2.28363) (-3.03544, 2.02917) (-2.5975, 0.207252) (2.28093, 2.0539) (-3.15445, 2.39852) (2.28756, -1.71463) 
(-2.27252, 2.29036) (-3.03544, 2.02917) (-2.59723, 0.205567) (2.28094, 2.0539) (-3.15445, 2.39852) (2.28753, -1.71462) 
(-2.28098, 2.29907) (-3.03544, 2.02917) (-2.59672, 0.205672) (2.28095, 2.05388) (-3.15445, 2.39852) (2.28755, -1.71461) 
(-2.28448, 2.30276) (-3.03544, 2.02917) (-2.59584, 0.204138) (2.28092, 2.05394) (-3.15445, 2.39852) (2.28757, -1.71462) 
(-2.28474, 2.30385) (-3.03544, 2.02917) (-2.59565, 0.204445) (2.28097, 2.0539) (-3.15445, 2.39852) (2.28752, -1.71462) 
(-2.28091, 2.30233) (-3.03544, 2.02917) (-2.59593, 0.207554) (2.28094, 2.05389) (-3.15445, 2.39852) (2.28755, -1.71463) 
(-2.27486, 2.29817) (-3.03544, 2.02917) (-2.59444, 0.207368) (2.28095, 2.0539) (-3.15445, 2.39852) (2.28754, -1.71463) 
(-2.26799, 2.29215) (-3.03544, 2.02917) (-2.59475, 0.20674) (2.28095, 2.0539) (-3.15445, 2.39852) (2.28756, -1.71463) 
(-2.25866, 2.28396) (-3.03544, 2.02917) (-2.59416, 0.204415) (2.28094, 2.05389) (-3.15445, 2.39852) (2.28755, -1.71461) 
(-2.24516, 2.27309) (-3.03544, 2.02917) (-2.59292, 0.203875) (2.28095, 2.05392) (-3.15445, 2.39852) (2.28756, -1.71462) 
(-2.23731, 2.26525) (-3.03544, 2.02917) (-2.59254, 0.203929) (2.28095, 2.05388) (-3.15445, 2.39852) (2.28755, -1.71461) 
(-2.22192, 2.24827) (-3.03544, 2.02917) (-2.59174, 0.204916) (2.28097, 2.05391) (-3.15445, 2.39852) (2.28755, -1.71463) 
(-2.21251, 2.23636) (-3.03544, 2.02917) (-2.59329, 0.205333) (2.28095, 2.05393) (-3.15445, 2.39852) (2.28758, -1.71461) 
(-2.19943, 2.22192) (-3.03544, 2.02917) (-2.59941, 0.203391) (2.28095, 2.0539) (-3.15445, 2.39852) (2.28756, -1.71462) 
(-2.19077, 2.21538) (-3.03544, 2.02917) (-2.60332, 0.203232) (2.28095, 2.05388) (-3.15445, 2.39852) (2.28753, -1.71463) 
(-2.18131, 2.21266) (-3.03544, 2.02917) (-2.61161, 0.200804) (2.28093, 2.0539) (-3.15445, 2.39852) (2.28755, -1.7146) 
(-2.17688, 2.21151) (-3.03544, 2.02917) (-2.6165, 0.199918) (2.28094, 2.05389) (-3.15445, 2.39852) (2.28753, -1.71462) 
(-2.17683, 2.21175) (-3.03544, 2.02917) (-2.62108, 0.195638) (2.28096, 2.0539) (-3.15445, 2.39852) (2.28756, -1.7146) 
(-2.17907, 2.21282) (-3.03544, 2.02917) (-2.62288, 0.192828) (2.28098, 2.05389) (-3.15445, 2.39852) (2.28756, -1.71458) 
(-2.18447, 2.21464) (-3.03544, 2.02917) (-2.6244, 0.191052) (2.28096, 2.05389) (-3.15445, 2.39852) (2.28755, -1.71462) 
(-2.18959, 2.2163) (-3.03544, 2.02917) (-2.62702, 0.191495) (2.28094, 2.0539) (-3.15445, 2.39852) (2.28757, -1.7146) 
(-2.19451, 2.22051) (-3.03544, 2.02917) (-2.62577, 0.193397) (2.28095, 2.05391) (-3.15445, 2.39852) (2.28753, -1.71462) 
(-2.19892, 2.22305) (-3.03544, 2.02917) (-2.62268, 0.195977) (2.28095, 2.0539) (-3.15445, 2.39852) (2.28756, -1.71463) 
(-2.20203, 2.22392) (-3.03544, 2.02917) (-2.61926, 0.197368) (2.28094, 2.05391) (-3.15445, 2.39852) (2.28755, -1.71462) 
(-2.2015, 2.2221) (-3.03544, 2.02917) (-2.61434, 0.199682) (2.28098, 2.0539) (-3.15445, 2.39852) (2.28752, -1.71463) 
(-2.19506, 2.21875) (-3.03544, 2.02917) (-2.6114, 0.199931) (2.28093, 2.05391) (-3.15445, 2.39852) (2.28755, -1.71463) 
(-2.18454, 2.21787) (-3.03544, 2.02917) (-2.60627, 0.203889) (2.28093, 2.0539) (-3.15445, 2.39852) (2.28753, -1.71459) 
(-2.17328, 2.21703) (-3.03544, 2.02917) (-2.60083, 0.210058) (2.28096, 2.05388) (-3.15445, 2.39852) (2.28752, -1.71463) 
(-2.16305, 2.21279) (-3.03544, 2.02917) (-2.59693, 0.216082) (2.28098, 2.05388) (-3.15445, 2.39852) (2.28755, -1.7146) 
(-2.15061, 2.2124) (-3.03544, 2.02917) (-2.59461, 0.22097) (2.28093, 2.05392) (-3.15445, 2.39852) (2.28757, -1.71459) 
(-2.12819, 2.23163) (-3.03544, 2.02917) (-2.59178, 0.227554) (2.28092, 2.0539) (-3.15445, 2.39852) (2.28756, -1.71461) 
(-2.11634, 2.27209) (-3.03544, 2.02917) (-2.58555, 0.232834) (2.28095, 2.05391) (-3.15445, 2.39852) (2.28754, -1.71461) 
(-2.10792, 2.32382) (-3.03544, 2.02917) (-2.5765, 0.24082) (2.28095, 2.05391) (-3.15445, 2.39852) (2.28753, -1.71463) 
(-2.1086, 2.36637) (-3.03544, 2.02917) (-2.56754, 0.246116) (2.28096, 2.05389) (-3.15445, 2.39852) (2.28752, -1.71463) 
(-2.11022, 2.42708) (-3.03544, 2.02917) (-2.55811, 0.253916) (2.28097, 2.05391) (-3.15445, 2.39852) (2.28756, -1.71459) 
(-2.11216, 2.48751) (-3.03544, 2.02917) (-2.55078, 0.263809) (2.28092, 2.05389) (-3.15445, 2.39852) (2.28754, -1.71464) 
(-2.11448, 2.52838) (-3.03544, 2.02917) (-2.54327, 0.269398) (2.28095, 2.05388) (-3.15445, 2.39852) (2.28755, -1.71463) 
(-2.11825, 2.5694) (-3.03544, 2.02917) (-2.53711, 0.27523) (2.28094, 2.05391) (-3.15445, 2.39852) (2.28755, -1.71461) 
(-2.12807, 2.59741) (-3.03544, 2.02917) (-2.53521, 0.281856) (2.28094, 2.0539) (-3.15445, 2.39852) (2.28753, -1.71463) 
(-2.13414, 2.61358) (-3.03544, 2.02917) (-2.5381, 0.299175) (2.28093, 2.05392) (-3.15445, 2.39852) (2.28754, -1.71464) 
(-2.13753, 2.6227) (-3.03544, 2.02917) (-2.54173, 0.319359) (2.28094, 2.05392) (-3.15445, 2.39852) (2.28754, -1.71462) 
(-2.139, 2.62521) (-3.03544, 2.02917) (-2.53708, 0.329772) (2.28092, 2.05393) (-3.15445, 2.39852) (2.28755, -1.7146) 
(-2.14112, 2.62415) (-3.03544, 2.02917) (-2.53058, 0.33705) (2.28091, 2.05394) (-3.15445, 2.39852) (2.28756, -1.71463) 
(-2.14045, 2.62154) (-3.03544, 2.02917) (-2.52962, 0.338379) (2.28097, 2.05389) (-3.15445, 2.39852) (2.28754, -1.71462) 
(-2.12777, 2.61998) (-3.03544, 2.02917) (-2.52434, 0.339771) (2.28093, 2.05389) (-3.15445, 2.39852) (2.28756, -1.7146) 
(-2.10135, 2.62045) (-3.03544, 2.02917) (-2.52216, 0.357152) (2.28095, 2.05389) (-3.15445, 2.39852) (2.28754, -1.71461) 
(-2.05911, 2.62469) (-3.03544, 2.02917) (-2.50377, 0.367906) (2.28094, 2.0539) (-3.15445, 2.39852) (2.28756, -1.71463) 
(-2.01682, 2.62915) (-3.03544, 2.02917) (-2.47363, 0.344792) (2.28093, 2.05393) (-3.15445, 2.39852) (2.28754, -1.71461) 
(-1.97283, 2.6325) (-3.03544, 2.02917) (-2.43227, 0.299201) (2.28095, 2.05391) (-3.15445, 2.39852) (2.28757, -1.7146) 
(-1.91574, 2.63147) (-3.03544, 2.02917) (-2.37619, 0.215693) (2.28091, 2.05393) (-3.15445, 2.39852) (2.28754, -1.71462) 
(-1.87409, 2.62855) (-3.03544, 2.02917) (-2.33396, 0.148834) (2.28092, 2.0539) (-3.15445, 2.39852) (2.28754, -1.71462) 
(-1.82436, 2.61947) (-3.03544, 2.02917) (-2.2638, 0.0417159) (2.28096, 2.05389) (-2.91754, 2.22781) (2.28752, -1.71463) 
(-1.79164, 2.60868) (-3.03544, 2.02917) (-2.20875, -0.0323809) (2.28092, 2.0539) (-2.86885, 2.18329) (2.28753, -1.71461) 
(-1.7526, 2.58869) (-3.03544, 2.02917) (-2.15765, -0.101457) (2.28093, 2.05391) (-2.80405, 2.12319) (2.28754, -1.71461) 
(-1.71945, 2.56993) (-3.03544, 2.02917) (-2.11609, -0.157261) (2.28096, 2.0539) (-2.74495, 2.06217) (2.28754, -1.71462) 
(-1.6996, 2.5569) (-2.80428, 2.08736) (-2.07411, -0.204519) (2.2809, 2.05391) (-2.70667, 2.01059) (2.28756, -1.71461) 
(-1.68575, 2.54793) (-2.74263, 2.04238) (-2.02134, -0.255415) (2.28094, 2.05392) (-2.67092, 1.94226) (2.28752, -1.71462) 
(-1.68016, 2.54352) (-2.70062, 1.9986) (-1.9767, -0.288563) (2.28096, 2.05391) (-2.64625, 1.88451) (2.28754, -1.71461) 
(-1.67602, 2.53735) (-2.65731, 1.93105) (-1.90681, -0.329985) (2.28095, 2.05392) (-2.62105, 1.80159) (2.28755, -1.71459) 
(-1.67781, 2.52944) (-2.62727, 1.8513) (-1.82399, -0.36207) (2.28094, 2.05391) (-2.60078, 1.71184) (2.28753, -1.71462) 
(-1.68221, 2.52302) (-2.6136, 1.78118) (-1.74844, -0.378044) (2.28093, 2.05388) (-2.5881, 1.6397) (2.28753, -1.71462) 
(-1.68931, 2.51492) (-2.60004, 1.68795) (-1.65584, -0.398181) (2.28096, 2.0539) (-2.57694, 1.54977) (2.28753, -1.71461) 
(-1.70046, 2.50121) (-2.585, 1.5818) (-1.57783, -0.451759) (2.28093, 2.05394) (-2.57115, 1.45188) (2.28754, -1.71461) 
(-1.71288, 2.48807) (-2.57045, 1.5115) (-1.5191, -0.507117) (2.28093, 2.0539) (-2.56262, 1.38332) (2.28753, -1.71462) 
(-1.73633, 2.47019) (-2.5525, 1.42915) (-1.44089, -0.576453) (2.28093, 2.0539) (-2.54738, 1.29811) (2.28756, -1.71461) 
(-1.77402, 2.45057) (-2.52217, 1.32778) (-1.34952, -0.655273) (2.28096, 2.05391) (-2.52736, 1.19329) (2.28753, -1.71463) 
(-1.80693, 2.43441) (-2.49225, 1.25103) (-1.28934, -0.727309) (2.28094, 2.05391) (-2.5113, 1.11443) (2.28756, -1.71463) 
(-1.84906, 2.41111) (-2.44916, 1.14962) (-1.21622, -0.820341) (2.28094, 2.05392) (-2.49337, 1.02279) (2.28754, -1.7146) 
(-1.89164, 2.3918) (-2.40367, 1.03179) (-1.12937, -0.89361) (2.28095, 2.05388) (-2.47496, 0.930204) (2.28754, -1.71462) 
(-1.91502, 2.38339) (-2.37813, 0.949827) (-1.06878, -0.926902) (2.28093, 2.05392) (-2.46126, 0.867324) (2.28752, -1.71462) 
(-1.93836, 2.37831) (-2.35109, 0.849559) (-0.979791, -0.973679) (2.28093, 2.05392) (-2.44252, 0.784602) (2.28755, -1.71462) 
(-1.95169, 2.37626) (-2.32409, 0.752825) (-0.883909, -1.02073) (2.28095, 2.0539) (-2.42406, 0.702138) (2.28753, -1.71461) 
(-1.95342, 2.37814) (-2.30308, 0.679325) (-0.809114, -1.04837) (2.28093, 2.05393) (-2.41292, 0.640533) (2.28755, -1.71461) 
(-1.93599, 2.37319) (-2.27824, 0.595901) (-0.718379, -1.06469) (2.28093, 2.05392) (-2.40515, 0.571214) (2.28753, -1.71462) 
(-1.89126, 2.36308) (-2.24243, 0.507205) (-0.605657, -1.08262) (2.28092, 2.0539) (-2.39652, 0.509495) (2.28753, -1.71461) 
(-1.83779, 2.35858) (-2.1959, 0.436954) (-0.510781, -1.11276) (2.28095, 2.05389) (-2.38685, 0.467605) (2.28754, -1.71461) 
(-1.77144, 2.35855) (-2.13731, 0.386654) (-0.428322, -1.1677) (2.28095, 2.05388) (-2.37114, 0.432628) (2.28754, -1.71461) 
(-1.69429, 2.36231) (-2.08435, 0.351457) (-0.344213, -1.22415) (2.28096, 2.05388) (-2.34873, 0.402793) (2.28755, -1.71461) 
(-1.58951, 2.36523) (-2.03372, 0.315215) (-0.249309, -1.29012) (2.28093, 2.05391) (-2.32813, 0.379599) (2.28754, -1.71461) 
(-1.50458, 2.3667) (-2.00668, 0.279536) (-0.174289, -1.3547) (2.28092, 2.05391) (-2.32165, 0.363339) (2.28754, -1.71462) 
(-1.41036, 2.36717) (-1.97901, 0.234254) (-0.0800865, -1.43929) (2.28094, 2.0539) (-2.3114, 0.339223) (2.28753, -1.71462) 
(-1.32259, 2.36916) (-1.96222, 0.195382) (0.0193476, -1.50349) (2.28093, 2.05389) (-2.30645, 0.310097) (2.28753, -1.71463) 
(-1.25814, 2.37154) (-1.95714, 0.170741) (0.0999407, -1.53229) (2.28094, 2.05387) (-2.31168, 0.291539) (2.28754, -1.71461) 
(-1.17712, 2.36605) (-1.95344, 0.150038) (0.203747, -1.55978) (2.28095, 2.0539) (-2.31755, 0.274336) (2.28752, -1.71462) 
(-1.08291, 2.34676) (-1.94818, 0.143604) (0.308368, -1.58699) (2.2809, 2.0539) (-2.32757, 0.256224) (2.28754, -1.71462) 
(-0.960088, 2.30441) (-1.94769, 0.145103) (0.431584, -1.6053) (2.28094, 2.0539) (-2.34514, 0.23701) (2.28753, -1.71461) 
(-0.843764, 2.26159) (-1.94861, 0.153115) (0.539393, -1.60502) (2.28092, 2.05388) (-2.35277, 0.226647) (2.28754, -1.71462) 
(-0.740092, 2.24025) (-1.95238, 0.161499) (0.644711, -1.60722) (2.28093, 2.05389) (-2.35934, 0.219655) (2.28753, -1.71461) 
(-0.616554, 2.23503) (-1.95794, 0.174845) (0.74768, -1.61612) (2.28097, 2.05389) (-2.37074, 0.220302) (2.28753, -1.71461) 
(-0.478797, 2.2432) (-1.96568, 0.18516) (0.860961, -1.64267) (2.28092, 2.05391) (-2.38079, 0.225745) (2.28755, -1.71461) 
(-0.374985, 2.25251) (-1.97148, 0.191093) (0.942208, -1.66719) (2.28092, 2.05391) (-2.3838, 0.232394) (2.28754, -1.71461) 
(-0.232464, 2.26669) (-1.97794, 0.198794) (1.03983, -1.70483) (2.28092, 2.0539) (-2.38706, 0.240432) (2.28754, -1.71461) 
(-0.108217, 2.27883) (-1.98321, 0.205008) (1.11744, -1.74932) (2.28107, 2.05402) (-2.38705, 0.240466) (2.28754, -1.71463) 
(0.028596, 2.27954) (-1.99002, 0.210375) (1.20329, -1.81285) (2.28105, 2.054) (-2.38705, 0.240466) (2.28751, -1.71462) 
(0.136798, 2.267) (-1.99456, 0.209435) (1.29284, -1.85965) (2.28104, 2.054) (-2.38705, 0.240466) (2.28751, -1.71462) 
(0.258826, 2.24539) (-1.99953, 0.199614) (1.38157, -1.88476) (2.28105, 2.05402) (-2.38705, 0.240466) (2.28755, -1.71461) 
(0.37172, 2.22289) (-2.00404, 0.185727) (1.44888, -1.89869) (2.28105, 2.05402) (-2.38705, 0.240466) (2.28753, -1.7146) 
(0.500217, 2.18952) (-2.0088, 0.169678) (1.52006, -1.90559) (2.28101, 2.05404) (-2.38705, 0.240466) (2.28755, -1.71461) 
(0.616132, 2.15561) (-2.01108, 0.160152) (1.58507, -1.90294) (2.28107, 2.05402) (-2.38705, 0.240466) (2.28755, -1.7146) 
(0.734386, 2.12508) (-2.01251, 0.153832) (1.64842, -1.88592) (2.28106, 2.05401) (-2.38705, 0.240466) (2.28753, -1.71459) 
(0.875051, 2.09905) (-2.01424, 0.148599) (1.71947, -1.8432) (2.28103, 2.05404) (-2.38705, 0.240466) (2.28755, -1.71462) 
(1.00323, 2.08643) (-2.01541, 0.145563) (1.78131, -1.80521) (2.28107, 2.05401) (-2.38705, 0.240466) (2.28752, -1.71461) 
(1.10166, 2.08588) (-2.01618, 0.142609) (1.83619, -1.79746) (2.28105, 2.05402) (-2.38705, 0.240466) (2.28753, -1.71462) 
(1.21947, 2.09008) (-2.01673, 0.140579) (1.8949, -1.7976) (2.28105, 2.05402) (-2.38705, 0.240466) (2.28753, -1.71461) 
(1.32447, 2.09958) (-2.01731, 0.142148) (1.94704, -1.80269) (2.28107, 2.05401) (-2.39851, 0.211501) (2.2875, -1.71462) 
(1.40274, 2.10233) (-2.01736, 0.146533) (1.98832, -1.81128) (2.28105, 2.05401) (-2.3971, 0.213085) (2.28751, -1.71463) 
(1.49559, 2.09518) (-2.01736, 0.155702) (2.03871, -1.82498) (2.28104, 2.05404) (-2.39437, 0.216242) (2.28756, -1.71459) 
(1.57645, 2.08407) (-2.01695, 0.168837) (2.07369, -1.83202) (2.28103, 2.05404) (-2.39228, 0.219729) (2.28752, -1.71461) 
(1.65476, 2.06556) (-2.01744, 0.184164) (2.06428, -1.82354) (2.28104, 2.05405) (-2.39025, 0.223802) (2.28754, -1.71461) 
(1.70238, 2.04556) (-2.01801, 0.196314) (2.04044, -1.81604) (2.28104, 2.05404) (-2.39025, 0.22381) (2.28752, -1.71464) 
(1.77019, 2.01499) (-2.02011, 0.214006) (2.00913, -1.8033) (2.28101, 2.05403) (-2.39025, 0.22381) (2.28755, -1.7146) 
(1.87699, 1.97141) (-2.02291, 0.236344) (1.95861, -1.77783) (2.28104, 2.05404) (-2.37225, 0.265055) (2.28756, -1.7146) 
(1.94685, 1.94818) (-2.02218, 0.254825) (1.9181, -1.75223) (2.28102, 2.05404) (-2.36324, 0.278571) (2.28752, -1.71461) 
(2.01464, 1.93035) (-2.02101, 0.280056) (1.84806, -1.70062) (2.28102, 2.05407) (-2.35133, 0.301528) (2.28752, -1.71464) 
(2.05001, 1.92791) (-2.01847, 0.295948) (1.80207, -1.66077) (2.28104, 2.05404) (-2.34469, 0.316385) (2.28751, -1.71463) 
(2.10033, 1.93106) (-2.01199, 0.330821) (1.71127, -1.58017) (2.28105, 2.05404) (-2.33207, 0.34497) (2.28755, -1.71459) 
(2.12739, 1.93484) (-2.00548, 0.380092) (1.62561, -1.5032) (2.28104, 2.05406) (-2.31914, 0.375439) (2.28753, -1.71463) 
(2.1555, 1.92915) (-2.00334, 0.434597) (1.56015, -1.44226) (2.28105, 2.05404) (-2.3082, 0.406175) (2.28753, -1.7146) 
(2.18474, 1.92162) (-2.00293, 0.474077) (1.52554, -1.40555) (2.2811, 2.05415) (-2.3006, 0.430192) (2.28753, -1.71462) 
(2.20638, 1.92402) (-2.00015, 0.509349) (1.49911, -1.37427) (2.28104, 2.05407) (-2.29108, 0.45944) (2.28751, -1.71464) 
(2.20706, 1.93114) (-1.99551, 0.528873) (1.49209, -1.35219) (2.281, 2.0539) (-2.28215, 0.484296) (2.28756, -1.71461) 
(2.20004, 1.9405) (-1.98807, 0.529387) (1.50951, -1.33203) (2.28104, 2.05395) (-2.27357, 0.504466) (2.28752, -1.71463) 
(2.1949, 1.94427) (-1.97996, 0.51779) (1.5425, -1.3224) (2.28108, 2.05414) (-2.26953, 0.51482) (2.28753, -1.71464) 
(2.19131, 1.94201) (-1.97067, 0.497406) (1.59575, -1.32142) (2.28104, 2.0541) (-2.26911, 0.521047) (2.28754, -1.71459) 
(2.19233, 1.93479) (-1.9669, 0.472726) (1.65908, -1.3333) (2.28102, 2.05408) (-2.27123, 0.518932) (2.28754, -1.71462) 
(2.18821, 1.93755) (-1.97082, 0.435708) (1.73718, -1.36125) (2.28105, 2.05408) (-2.27012, 0.501335) (2.28754, -1.7146) 
(2.17575, 1.94055) (-1.98039, 0.396478) (1.79854, -1.39321) (2.28109, 2.05406) (-2.26794, 0.476869) (2.28755, -1.71459) 
(2.15714, 1.94545) (-2.00858, 0.313715) (1.87618, -1.44428) (2.28104, 2.05405) (-2.26827, 0.425253) (2.28755, -1.7146) 
(2.15538, 1.9409) (-2.04433, 0.23476) (1.9246, -1.48272) (2.28101, 2.0541) (-2.26951, 0.373148) (2.28756, -1.71462) 
(2.1536, 1.93405) (-2.10643, 0.131099) (1.98145, -1.52015) (2.28138, 2.05351) (-2.27944, 0.280216) (2.28755, -1.71461) 
(2.15124, 1.93283) (-2.1727, 0.0415795) (2.00007, -1.53626) (2.28132, 2.05506) (-2.29526, 0.193607) (2.2875, -1.71463) 
(2.1449, 1.93039) (-2.27233, -0.0578402) (1.98049, -1.54547) (2.28094, 2.05472) (-2.3148, 0.0854148) (2.28761, -1.71468) 
(2.13773, 1.93098) (-2.33204, -0.11829) (1.95619, -1.54256) (2.28095, 2.05371) (-2.32335, -0.00398154) (2.28756, -1.71473) 
(2.12634, 1.92662) (-2.37032, -0.174374) (1.93492, -1.53707) (2.28329, 2.05694) (-2.32692, -0.102086) (2.28763, -1.71453) 
(2.11249, 1.91911) (-2.38167, -0.215617) (1.92289, -1.53203) (2.28204, 2.0563) (-2.33226, -0.184269) (2.28778, -1.71424) 
(2.09289, 1.90743) (-2.37906, -0.268966) (1.91401, -1.52659) (2.2855, 2.0486) (-2.33846, -0.290825) (2.28766, -1.71432) 
(2.07075, 1.8975) (-2.35321, -0.336746) (1.92202, -1.52617) (2.2601, 2.03566) (-2.33529, -0.392556) (2.28746, -1.71504) 
(2.04239, 1.89383) (-2.31798, -0.408834) (1.94276, -1.52385) (2.22884, 2.02388) (-2.32856, -0.47393) (2.28785, -1.71418) 
(2.00213, 1.89908) (-2.27893, -0.494492) (1.96657, -1.51063) (2.19376, 2.0076) (-2.3206, -0.559401) (2.28791, -1.71401) 
(1.93449, 1.9252) (-2.2523, -0.592936) (1.97647, -1.50326) (2.14041, 1.98899) (-2.31233, -0.655081) (2.28827, -1.7143) 
(1.85911, 1.97288) (-2.23975, -0.673537) (1.98762, -1.49612) (2.08447, 1.97385) (-2.30479, -0.739054) (2.2876, -1.71732) 
(1.78052, 2.03611) (-2.23207, -0.758091) (1.99554, -1.49248) (2.0251, 1.95735) (-2.29556, -0.823032) (2.28674, -1.71725) 
(1.71021, 2.09858) (-2.22977, -0.848097) (1.999, -1.48974) (1.95142, 1.93559) (-2.28652, -0.907409) (2.289, -1.71318) 
(1.65396, 2.15648) (-2.22915, -0.937567) (2.00004, -1.48831) (1.86575, 1.91626) (-2.28209, -0.99459) (2.28823, -1.71374) 
(1.61271, 2.19653) (-2.22529, -1.01335) (1.9986, -1.48982) (1.78832, 1.90268) (-2.27874, -1.06382) (2.28632, -1.71153) 
(1.56273, 2.22858) (-2.21061, -1.10061) (1.99434, -1.49536) (1.68453, 1.88989) (-2.27319, -1.14144) (2.28707, -1.70698) 
(1.49954, 2.24732) (-2.18735, -1.17676) (1.99421, -1.50231) (1.56838, 1.88214) (-2.26003, -1.21554) (2.28708, -1.70697) 
(1.41316, 2.2557) (-2.15931, -1.24912) (1.99933, -1.52204) (1.43366, 1.87906) (-2.23747, -1.29229) (2.28708, -1.70697) 
(1.30976, 2.25475) (-2.13246, -1.31272) (1.99858, -1.54592) (1.29308, 1.88065) (-2.20546, -1.36689) (2.28708, -1.70697) 
(1.23545, 2.24752) (-2.11023, -1.35961) (1.98972, -1.56051) (1.19553, 1.88729) (-2.18099, -1.4173) (2.28708, -1.70697) 
(1.12685, 2.23035) (-2.07614, -1.43854) (1.96393, -1.59256) (1.03609, 1.90274) (-2.14209, -1.48807) (2.28708, -1.70697) 
(1.06627, 2.22145) (-2.05945, -1.48609) (1.93732, -1.61951) (0.929442, 1.91729) (-2.11592, -1.53136) (2.28708, -1.70697) 
(0.999984, 2.21091) (-2.03472, -1.53761) (1.88158, -1.64759) (0.794604, 1.93717) (-2.08524, -1.57973) (2.28708, -1.70697) 
(0.945609, 2.19833) (-2.00568, -1.57201) (1.82307, -1.65193) (0.68529, 1.95481) (-2.06274, -1.62097) (2.28708, -1.70697) 
(0.876903, 2.17787) (-1.96665, -1.60859) (1.76256, -1.63486) (0.562368, 1.9768) (-2.04109, -1.6715) (2.28708, -1.70697) 
(0.804904, 2.15624) (-1.92531, -1.64509) (1.72799, -1.62443) (0.448482, 1.99972) (-2.02388, -1.71788) (2.28708, -1.70697) 
(0.748572, 2.14242) (-1.89365, -1.66859) (1.71583, -1.61172) (0.369084, 2.01798) (-2.01439, -1.74678) (2.28708, -1.70697) 
(0.680679, 2.13246) (-1.85053, -1.69786) (1.71191, -1.59575) (0.273875, 2.03303) (-2.01271, -1.75453) (2.28708, -1.70697) 
(0.61598, 2.13252) (-1.81654, -1.70727) (1.71535, -1.56553) (0.186701, 2.04708) (-2.01271, -1.75453) (2.28708, -1.70697) 
(0.554812, 2.14293) (-1.79945, -1.70873) (1.72487, -1.53697) (0.110838, 2.06128) (-2.01271, -1.75453) (2.28708, -1.70697) 
(0.497594, 2.15823) (-1.78799, -1.7048) (1.73803, -1.51239) (0.0494859, 2.07252) (-2.01271, -1.75453) (2.28708, -1.70697) 
(0.420047, 2.18085) (-1.77671, -1.69551) (1.75764, -1.48512) (-0.0200637, 2.08888) (-2.01271, -1.75453) (2.28708, -1.70697) 
(0.331823, 2.20257) (-1.77124, -1.68429) (1.78026, -1.45773) (-0.0899469, 2.10248) (-2.01271, -1.75453) (2.28708, -1.70697) 
(0.254893, 2.21375) (-1.76736, -1.67455) (1.80074, -1.43662) (-0.156322, 2.11401) (-2.01271, -1.75453) (2.28708, -1.70697) 
(0.17939, 2.21729) (-1.76375, -1.66835) (1.8207, -1.41974) (-0.225011, 2.12694) (-2.01271, -1.75453) (2.28708, -1.70697) 
(0.124686, 2.21386) (-1.76116, -1.66734) (1.83408, -1.4097) (-0.276016, 2.13371) (-2.01271, -1.75453) (2.28708, -1.70697) 
(0.0571245, 2.20415) (-1.75802, -1.66781) (1.84883, -1.40096) (-0.341508, 2.13896) (-2.01271, -1.75453) (2.28708, -1.70697) 
(-0.00618229, 2.19172) (-1.75667, -1.66681) (1.86556, -1.39758) (-0.401469, 2.14143) (-2.01271, -1.75453) (2.28708, -1.70697) 
(-0.0654823, 2.17706) (-1.75601, -1.66515) (1.8955, -1.40738) (-0.457255, 2.14186) (-2.01271, -1.75453) (2.28708, -1.70697) 
(-0.139885, 2.15456) (-1.75554, -1.66186) (1.93816, -1.43449) (-0.527792, 2.14323) (-2.01271, -1.75453) (2.28708, -1.70697) 
(-0.189075, 2.14388) (-1.7561, -1.65838) (1.95514, -1.45003) (-0.574966, 2.14479) (-2.01271, -1.75453) (2.28708, -1.70697) 
(-0.252469, 2.13877) (-1.75739, -1.65359) (1.95503, -1.45601) (-0.635174, 2.14318) (-2.01271, -1.75453) (2.28708, -1.70697) 
(-0.298571, 2.13672) (-1.75835, -1.64886) (1.94094, -1.44767) (-0.67902, 2.14164) (-2.01271, -1.75453) (2.28708, -1.70697) 
(-0.357647, 2.14311) (-1.75963, -1.64311) (1.90443, -1.43424) (-0.737106, 2.14439) (-2.01271, -1.75453) (2.168, -1.26536) 
(-0.408805, 2.15807) (-1.76065, -1.63905) (1.8601, -1.42461) (-0.78784, 2.14561) (-2.01271, -1.75453) (2.12557, -1.21898) 
(-0.4637, 2.18227) (-1.7615, -1.63502) (1.79208, -1.39003) (-0.83912, 2.14893) (-2.01271, -1.75453) (2.0723, -1.16752) 
(-0.507939, 2.20478) (-1.76283, -1.63228) (1.74773, -1.35657) (-0.876683, 2.14978) (-2.01271, -1.75453) (2.02829, -1.12065) 
(-0.560322, 2.22823) (-1.7644, -1.62998) (1.70615, -1.30423) (-0.920017, 2.14999) (-2.01271, -1.75453) (1.97767, -1.06164) 
(-0.604078, 2.24495) (-1.76618, -1.62865) (1.67354, -1.25482) (-0.96171, 2.14893) (-2.01271, -1.75453) (1.93087, -1.00749) 
(-0.651077, 2.25676) (-1.76859, -1.62724) (1.62918, -1.19176) (-1.00542, 2.14535) (-2.01271, -1.75453) (1.87073, -0.940905) 
(-0.701935, 2.25785) (-1.7718, -1.62582) (1.57375, -1.10815) (-1.04436, 2.13973) (-2.01271, -1.75453) (1.80903, -0.870535) 
(-0.74713, 2.2513) (-1.77539, -1.6233) (1.5473, -1.05107) (-1.07997, 2.13423) (-2.01271, -1.75453) (1.75848, -0.810996) 
(-0.802115, 2.23223) (-1.7804, -1.61873) (1.51212, -0.958069) (-1.12169, 2.12486) (-2.01271, -1.75453) (1.69972, -0.746314) 
(-0.850086, 2.20595) (-1.78624, -1.61245) (1.46687, -0.899955) (-1.15722, 2.11464) (-2.01271, -1.75453) (1.64398, -0.693776) 
(-0.896276, 2.17852) (-1.79275, -1.60465) (1.42332, -0.851355) (-1.19184, 2.1013) (-2.01271, -1.75453) (1.59192, -0.640333) 
(-0.926521, 2.16265) (-1.79824, -1.59828) (1.38746, -0.814807) (-1.21578, 2.09025) (-2.01271, -1.75453) (1.55421, -0.605054) 
(-0.954615, 2.15143) (-1.80503, -1.58871) (1.34502, -0.770665) (-1.25048, 2.07496) (-2.01271, -1.75453) (1.50432, -0.557415) 
(-0.972244, 2.14613) (-1.81, -1.58151) (1.31441, -0.739674) (-1.27595, 2.06409) (-2.01271, -1.75453) (1.46832, -0.515415) 
(-0.991009, 2.14215) (-1.8157, -1.57238) (1.26823, -0.693407) (-1.30549, 2.05435) (-2.01271, -1.75453) (1.42978, -0.458759) 
(-1.00405, 2.14073) (-1.82098, -1.56404) (1.2337, -0.619377) (-1.33539, 2.04883) (-2.01271, -1.75453) (1.41784, -0.401491) 
(-1.01592, 2.14513) (-1.8245, -1.55853) (1.22108, -0.547065) (-1.36302, 2.04708) (-2.01271, -1.75453) (1.42163, -0.352729) 
(-1.04418, 2.16446) (-1.82698, -1.55438) (1.22657, -0.457018) (-1.39625, 2.04869) (-2.01271, -1.75453) (1.43233, -0.283099) 
(-1.08528, 2.19529) (-1.82806, -1.55225) (1.25711, -0.359336) (-1.42992, 2.05432) (-2.01271, -1.75453) (1.44878, -0.200187) 
(-1.12239, 2.22105) (-1.82797, -1.55325) (1.29182, -0.279556) (-1.45723, 2.06036) (-2.01271, -1.75453) (1.46643, -0.130777) 
(-1.17346, 2.25096) (-1.82627, -1.55974) (1.32889, -0.160406) (-1.48662, 2.0701) (-2.01271, -1.75453) (1.48774, -0.0525013) 
(-1.22773, 2.28066) (-1.82065, -1.57845) (1.35316, -0.0563989) (-1.51577, 2.07807) (-2.01271, -1.75453) (1.51581, 0.0343008) 
(-1.27132, 2.29964) (-1.81332, -1.60796) (1.36785, 0.0346256) (-1.54281, 2.08435) (-2.01271, -1.75453) (1.54146, 0.122694) 
(-1.31478, 2.30629) (-1.8111, -1.6541) (1.37917, 0.149687) (-1.56953, 2.08786) (-2.01271, -1.75453) (1.56735, 0.224379) 
(-1.34394, 2.30791) (-1.81506, -1.69868) (1.37461, 0.246864) (-1.58793, 2.09238) (-2.01271, -1.75453) (1.58738, 0.304573) 
(-1.3708, 2.30917) (-1.84033, -1.76966) (1.35608, 0.381065) (-1.6098, 2.09515) (-2.01271, -1.75453) (1.61177, 0.404712) 
(-1.38198, 2.30924) (-1.87693, -1.83144) (1.35444, 0.50257) (-1.62774, 2.09212) (-2.01271, -1.75453) (1.63018, 0.484509) 
(-1.38807, 2.30364) (-1.92381, -1.89433) (1.3837, 0.627326) (-1.64484, 2.08972) (-2.01271, -1.75453) (1.65386, 0.568725) 
(-1.39139, 2.29894) (-1.95575, -1.93875) (1.41475, 0.744791) (-1.65879, 2.09235) (-2.01271, -1.75453) (1.68072, 0.653826) 
(-1.39199, 2.30201) (-1.96159, -1.9585) (1.43972, 0.832892) (-1.66762, 2.09467) (-2.01271, -1.75453) (1.70087, 0.722212) 
(-1.39541, 2.31632) (-1.9511, -1.97015) (1.47989, 0.946976) (-1.68107, 2.10102) (-2.01271, -1.75453) (1.72695, 0.815548) 
(-1.39991, 2.33098) (-1.92849, -1.96985) (1.51945, 1.03235) (-1.69142, 2.10504) (-2.01271, -1.75453) (1.74259, 0.876673) 
(-1.40549, 2.34749) (-1.88175, -1.9642) (1.5631, 1.13765) (-1.70308, 2.11254) (-2.01271, -1.75453) (1.75426, 0.949097) 
(-1.41276, 2.36013) (-1.82813, -1.95355) (1.59641, 1.23285) (-1.71157, 2.12043) (-2.01271, -1.75453) (1.76791, 1.0166) 
(-1.41817, 2.36561) (-1.77928, -1.93958) (1.62038, 1.30048) (-1.71661, 2.12648) (-1.63505, -1.97858) (1.78064, 1.06611) 
(-1.42511, 2.37079) (-1.7093, -1.92813) (1.64056, 1.39568) (-1.72245, 2.13291) (-1.55154, -1.96272) (1.79377, 1.13169) 
(-1.42832, 2.3725) (-1.66065, -1.92462) (1.6415, 1.46973) (-1.72582, 2.1367) (-1.49418, -1.94773) (1.80106, 1.1824) 
(-1.43225, 2.37193) (-1.6088, -1.92813) (1.64604, 1.56234) (-1.72829, 2.14089) (-1.42367, -1.92902) (1.81189, 1.23516) 
(-1.43561, 2.37051) (-1.55984, -1.93412) (1.66384, 1.62651) (-1.72916, 2.14276) (-1.36222, -1.91252) (1.8249, 1.27361) 
(-1.43854, 2.36918) (-1.48947, -1.94628) (1.69492, 1.68777) (-1.72941, 2.1435) (-1.28978, -1.90284) (1.84309, 1.3105) 
(-1.4399, 2.36826) (-1.42177, -1.96085) (1.72222, 1.72656) (-1.72953, 2.14344) (-1.23106, -1.90443) (1.85894, 1.33601) 
(-1.44125, 2.36697) (-1.31059, -1.98556) (1.75973, 1.76371) (-1.72968, 2.14306) (-1.14664, -1.92195) (1.88251, 1.36347) 
(-1.44188, 2.36653) (-1.17969, -2.00841) (1.79311, 1.78425) (-1.72965, 2.14217) (-1.06241, -1.95263) (1.90909, 1.3858) 
(-1.44292, 2.36772) (-1.09543, -2.02268) (1.82617, 1.7912) (-1.72937, 2.14137) (-1.00533, -1.97951) (1.92649, 1.39494) 
(-1.44395, 2.36791) (-0.977273, -2.03636) (1.87955, 1.80614) (-1.72942, 2.14098) (-0.915779, -2.01948) (1.94702, 1.40281) 
(-1.44535, 2.36733) (-0.872439, -2.04132) (1.9232, 1.81704) (-1.72945, 2.14023) (-0.831185, -2.04659) (1.96562, 1.40841) 
(-1.44679, 2.36651) (-0.790892, -2.04083) (1.95497, 1.82442) (-1.72968, 2.14023) (-0.763567, -2.0658) (1.9748, 1.4134) 
(-1.44679, 2.36651) (-0.790963, -2.04078) (1.95494, 1.82436) (-1.72968, 2.14023) (-0.763593, -2.06579) (1.97476, 1.41336) 
(-1.44926, 2.36424) (-0.600756, -2.02849) (2.0089, 1.86868) (-1.73024, 2.14055) (-0.594519, -2.10275) (1.98067, 1.42518) 
(-1.44925, 2.36424) (-0.600832, -2.02844) (2.00885, 1.86867) (-1.73024, 2.14056) (-0.594587, -2.10271) (1.98063, 1.42517) 
(-1.45063, 2.36366) (-0.394222, -2.0029) (2.04413, 1.93436) (-1.73068, 2.14135) (-0.581883, -2.10534) (1.96719, 1.45469) 
(-1.45062, 2.36366) (-0.394075, -2.00289) (2.04412, 1.93446) (-1.73068, 2.14135) (-0.581887, -2.10534) (1.96713, 1.45476) 
