(2.47187, 1.97587) (-2.76997, 2.4385) (2.69395, -1.82496) (-2.33197, 1.94096) (-3.19378, 2.61082) (-2.11594, -1.6469) 
(2.47136, 1.97577) (-2.76997, 2.4385) (2.69575, -1.82678) (-2.33197, 1.94096) (-3.19378, 2.61082) (-2.1159, -1.64692) 
(2.47094, 1.97543) (-2.76997, 2.4385) (2.69775, -1.82989) (-2.32579, 1.94516) (-3.19378, 2.61082) (-2.11288, -1.64672) 
(2.47073, 1.97529) (-2.76997, 2.4385) (2.6992, -1.83315) (-2.27729, 1.94374) (-3.19378, 2.61082) (-2.07181, -1.65115) 
(2.47088, 1.97521) (-2.76997, 2.4385) (2.6994, -1.83834) (-2.22913, 1.93521) (-3.19378, 2.61082) (-1.99586, -1.64476) 
(2.47009, 1.97667) (-2.76997, 2.4385) (2.69743, -1.84715) (-2.19162, 1.94031) (-3.19378, 2.61082) (-1.94056, -1.64845) 
(2.46488, 1.98266) (-2.76997, 2.4385) (2.69406, -1.85999) (-2.14516, 1.94287) (-3.19378, 2.61082) (-1.88793, -1.64729) 
(2.45523, 1.99424) (-2.76997, 2.4385) (2.68837, -1.87506) (-2.09859, 1.94524) (-3.19378, 2.61082) (-1.83748, -1.64677) 
(2.43835, 2.01275) (-2.76997, 2.4385) (2.67831, -1.89263) (-2.03978, 1.94805) (-3.19378, 2.61082) (-1.78654, -1.64723) 
(2.42185, 2.03607) (-2.76997, 2.4385) (2.66296, -1.90803) (-1.99212, 1.95117) (-3.19378, 2.61082) (-1.73982, -1.64656) 
(2.39878, 2.05905) (-2.76997, 2.4385) (2.63664, -1.91849) (-1.94503, 1.95242) (-3.19378, 2.61082) (-1.69039, -1.64557) 
(2.35858, 2.08399) (-2.76997, 2.4385) (2.58622, -1.91459) (-1.88218, 1.95523) (-3.19378, 2.61082) (-1.62682, -1.64501) 
(2.31834, 2.09693) (-2.76997, 2.4385) (2.53035, -1.89486) (-1.83121, 1.95702) (-3.19378, 2.61082) (-1.57923, -1.64343) 
(2.26042, 2.10457) (-2.76997, 2.4385) (2.45236, -1.85245) (-1.77375, 1.95905) (-3.19378, 2.61082) (-1.52102, -1.64363) 
(2.19913, 2.09922) (-2.76997, 2.4385) (2.37895, -1.79616) (-1.72122, 1.96049) (-3.19378, 2.61082) (-1.46524, -1.64384) 
(2.1442, 2.08524) (-2.76997, 2.4385) (2.31703, -1.74769) (-1.67802, 1.9606) (-3.19378, 2.61082) (-1.41994, -1.64381) 
(2.0658, 2.05737) (-2.76997, 2.4385) (2.24409, -1.71075) (-1.61932, 1.96119) (-3.19378, 2.61082) (-1.36127, -1.64325) 
(1.97801, 2.0252) (-2.76997, 2.4385) (2.17379, -1.69269) (-1.55732, 1.96276) (-3.19378, 2.61082) (-1.29809, -1.6428) 
(1.90834, 2.00594) (-2.76997, 2.4385) (2.11747, -1.68729) (-1.49997, 1.96449) (-3.19378, 2.61082) (-1.24221, -1.64249) 
(1.84463, 1.99565) (-2.76997, 2.4385) (2.06214, -1.69114) (-1.44984, 1.96661) (-3.19378, 2.61082) (-1.19164, -1.64158) 
(1.77931, 1.99425) (-2.76997, 2.4385) (1.99756, -1.70411) (-1.39851, 1.96848) (-3.19378, 2.61082) (-1.14156, -1.64104) 
(1.6981, 1.99761) (-2.76997, 2.4385) (1.90637, -1.72246) (-1.3383, 1.97054) (-3.19378, 2.61082) (-1.08055, -1.64039) 
(1.62306, 2.00458) (-2.76997, 2.4385) (1.8335, -1.74746) (-1.28738, 1.97313) (-3.19378, 2.61082) (-1.02909, -1.64024) 
(1.52607, 2.01943) (-2.76997, 2.4385) (1.75193, -1.77443) (-1.22758, 1.97484) (-3.19378, 2.61082) (-0.96903, -1.63907) 
(1.42957, 2.03771) (-2.76997, 2.4385) (1.66694, -1.77579) (-1.17417, 1.97629) (-3.19378, 2.61082) (-0.914854, -1.6396) 
(1.3294, 2.05359) (-2.76997, 2.4385) (1.58103, -1.7598) (-1.11583, 1.9785) (-3.19378, 2.61082) (-0.857243, -1.63973) 
(1.23074, 2.06036) (-2.76997, 2.4385) (1.48582, -1.7356) (-1.05547, 1.98014) (-3.19378, 2.61082) (-0.795857, -1.63904) 
(1.14568, 2.05698) (-2.76997, 2.4385) (1.39281, -1.7215) (-0.998635, 1.98119) (-3.19378, 2.61082) (-0.740647, -1.63909) 
(1.06683, 2.04953) (-2.76997, 2.4385) (1.29613, -1.73019) (-0.949359, 1.98243) (-3.19378, 2.61082) (-0.686173, -1.6409) 
(0.986671, 2.03945) (-2.76997, 2.4385) (1.19783, -1.77877) (-0.905912, 1.97577) (-3.19378, 2.61082) (-0.64434, -1.64744) 
(0.910949, 2.0267) (-2.76997, 2.4385) (1.11893, -1.83717) (-0.860036, 1.96242) (-3.19378, 2.61082) (-0.604342, -1.65631) 
(0.821553, 2.00721) (-2.76997, 2.4385) (1.03799, -1.91212) (-0.817728, 1.9438) (-3.19378, 2.61082) (-0.557984, -1.67043) 
(0.713524, 1.982) (-2.76997, 2.4385) (0.953007, -2.00025) (-0.777279, 1.91696) (-3.19378, 2.61082) (-0.503602, -1.68251) 
(0.625294, 1.96811) (-2.76997, 2.4385) (0.871233, -2.0638) (-0.745525, 1.89085) (-3.19378, 2.61082) (-0.470753, -1.68444) 
(0.526157, 1.96539) (-2.76997, 2.4385) (0.78741, -2.11468) (-0.712535, 1.8609) (-3.19378, 2.61082) (-0.425143, -1.68121) 
(0.458249, 1.97057) (-2.76997, 2.4385) (0.728938, -2.14242) (-0.694405, 1.84113) (-3.19378, 2.61082) (-0.393686, -1.67778) 
(0.35708, 1.98797) (-2.76997, 2.4385) (0.632382, -2.15728) (-0.666446, 1.80336) (-3.19378, 2.61082) (-0.344241, -1.67054) 
(0.259167, 2.01178) (-2.76997, 2.4385) (0.54599, -2.14639) (-0.636069, 1.76193) (-3.19378, 2.61082) (-0.294594, -1.66788) 
(0.163061, 2.03881) (-2.76997, 2.4385) (0.462605, -2.12237) (-0.614217, 1.73014) (-3.19378, 2.61082) (-0.246256, -1.66599) 
(0.11264, 2.05335) (-2.76997, 2.4385) (0.419283, -2.11072) (-0.60182, 1.71787) (-3.19378, 2.61082) (-0.220674, -1.66655) 
(-0.0117827, 2.08029) (-2.76997, 2.4385) (0.31704, -2.09794) (-0.561371, 1.68253) (-3.19378, 2.61082) (-0.154092, -1.66953) 
(-0.115021, 2.08957) (-2.76997, 2.4385) (0.229547, -2.10251) (-0.525079, 1.66061) (-3.19378, 2.61082) (-0.111288, -1.67021) 
(-0.213139, 2.09276) (-2.76997, 2.4385) (0.147061, -2.10441) (-0.490291, 1.64444) (-3.19378, 2.61082) (-0.0682937, -1.663) 
(-0.297332, 2.09053) (-2.76997, 2.4385) (0.0792595, -2.11752) (-0.455372, 1.62732) (-3.19378, 2.61082) (-0.038065, -1.65232) 
(-0.384259, 2.08387) (-2.76997, 2.4385) (0.0094829, -2.13958) (-0.416333, 1.60866) (-3.19378, 2.61082) (-0.0113989, -1.63673) 
(-0.496605, 2.06692) (-2.76997, 2.4385) (-0.0851332, -2.17253) (-0.367707, 1.58466) (-3.19378, 2.61082) (0.0120022, -1.61415) 
(-0.59005, 2.04968) (-2.76997, 2.4385) (-0.159805, -2.19151) (-0.334215, 1.56852) (-3.19378, 2.61082) (0.0364571, -1.59118) 
(-0.686177, 2.03645) (-2.76997, 2.4385) (-0.241198, -2.19014) (-0.298909, 1.56083) (-3.19378, 2.61082) (0.0603156, -1.56815) 
(-0.776592, 2.03249) (-2.76997, 2.4385) (-0.315374, -2.17385) (-0.259665, 1.5554) (-3.19378, 2.61082) (0.0826773, -1.54859) 
(-0.849061, 2.03568) (-2.76997, 2.4385) (-0.37691, -2.15458) (-0.229761, 1.55955) (-3.19378, 2.61082) (0.0996492, -1.54195) 
(-0.942084, 2.04543) (-2.76997, 2.4385) (-0.459968, -2.11661) (-0.186594, 1.56914) (-3.19378, 2.61082) (0.133682, -1.53067) 
(-1.02742, 2.0557) (-2.76997, 2.4385) (-0.531609, -2.06932) (-0.151842, 1.57858) (-3.19378, 2.61082) (0.16183, -1.52951) 
(-1.10775, 2.06803) (-2.76997, 2.4385) (-0.59507, -2.02219) (-0.114164, 1.5886) (-3.19378, 2.61082) (0.181192, -1.53352) 
(-1.19777, 2.08274) (-2.76997, 2.4385) (-0.66525, -1.98192) (-0.0735396, 1.59912) (-3.19378, 2.61082) (0.204218, -1.54142) 
(-1.28742, 2.09364) (-2.76997, 2.4385) (-0.74187, -1.96115) (-0.0293099, 1.60953) (-3.19378, 2.61082) (0.224069, -1.54816) 
(-1.3621, 2.09516) (-2.76997, 2.4385) (-0.814364, -1.94811) (0.0114399, 1.6168) (-3.19378, 2.61082) (0.244323, -1.55325) 
(-1.46675, 2.08966) (-2.76997, 2.4385) (-0.917297, -1.93303) (0.0731442, 1.62838) (-3.19378, 2.61082) (0.274436, -1.55975) 
(-1.53251, 2.08419) (-2.76997, 2.4385) (-0.990779, -1.93005) (0.111992, 1.63558) (-3.19378, 2.61082) (0.298226, -1.56051) 
(-1.62608, 2.07159) (-2.76997, 2.4385) (-1.10342, -1.9332) (0.177082, 1.64862) (-3.19378, 2.61082) (0.338712, -1.56092) 
(-1.69377, 2.05539) (-2.76997, 2.4385) (-1.17965, -1.93123) (0.225724, 1.65731) (-3.19378, 2.61082) (0.364923, -1.56146) 
(-1.78203, 2.02631) (-2.76997, 2.4385) (-1.2738, -1.90478) (0.288808, 1.66973) (-3.19378, 2.61082) (0.403528, -1.56306) 
(-1.8569, 2.00332) (-2.76997, 2.4385) (-1.34389, -1.87428) (0.342309, 1.68119) (-3.19378, 2.61082) (0.439301, -1.56531) 
(-1.9359, 1.9901) (-2.76997, 2.4385) (-1.42032, -1.84202) (0.406645, 1.69451) (-3.19378, 2.61082) (0.488692, -1.57038) 
(-2.0048, 1.98728) (-2.76997, 2.4385) (-1.48745, -1.80538) (0.466211, 1.70483) (-3.19378, 2.61082) (0.530616, -1.57611) 
(-2.05682, 1.98924) (-2.76997, 2.4385) (-1.54668, -1.76169) (0.517556, 1.71399) (-3.19378, 2.61082) (0.571164, -1.5809) 
(-2.11272, 1.99326) (-2.76997, 2.4385) (-1.60368, -1.71988) (0.575208, 1.72517) (-3.19378, 2.61082) (0.621971, -1.58709) 
(-2.1742, 2.00326) (-2.76997, 2.4385) (-1.66251, -1.68908) (0.638837, 1.73779) (-3.19378, 2.61082) (0.678892, -1.59105) 
(-2.22244, 2.019) (-2.76997, 2.4385) (-1.71728, -1.66761) (0.695338, 1.74772) (-3.19378, 2.61082) (0.726014, -1.59526) 
(-2.28177, 2.04294) (-2.76997, 2.4385) (-1.78613, -1.64022) (0.763841, 1.76191) (-3.19378, 2.61082) (0.784384, -1.59965) 
(-2.32337, 2.06078) (-2.76997, 2.4385) (-1.83045, -1.62096) (0.808887, 1.77046) (-3.19378, 2.61082) (0.828141, -1.60378) 
(-2.37894, 2.07991) (-2.76997, 2.4385) (-1.88944, -1.60272) (0.86832, 1.78117) (-3.19378, 2.61082) (0.88639, -1.60749) 
(-2.42258, 2.08852) (-2.76997, 2.4385) (-1.94032, -1.59062) (0.921928, 1.79199) (-3.19378, 2.61082) (0.938329, -1.61121) 
(-2.46346, 2.08692) (-2.76997, 2.4385) (-1.99962, -1.57661) (0.979738, 1.80361) (-3.19378, 2.61082) (0.992811, -1.61559) 
(-2.49448, 2.07951) (-2.76997, 2.4385) (-2.05698, -1.5582) (1.04287, 1.8168) (-3.19378, 2.61082) (1.05021, -1.62041) 
(-2.51419, 2.06943) (-2.76997, 2.4385) (-2.09399, -1.53827) (1.09929, 1.82631) (-3.19378, 2.61082) (1.10073, -1.62472) 
(-2.52859, 2.05344) (-2.76997, 2.4385) (-2.12276, -1.52699) (1.15976, 1.83938) (-3.19378, 2.61082) (1.15551, -1.62985) 
(-2.54166, 2.03413) (-2.76997, 2.4385) (-2.13641, -1.5364) (1.22825, 1.85205) (-3.19378, 2.61082) (1.21902, -1.63565) 
(-2.54965, 2.01841) (-2.76997, 2.4385) (-2.13214, -1.55964) (1.28579, 1.86507) (-3.19378, 2.61082) (1.27224, -1.63937) 
(-2.55151, 2.00215) (-2.76997, 2.4385) (-2.12151, -1.59671) (1.34194, 1.87393) (-3.19378, 2.61082) (1.32197, -1.64297) 
(-2.55133, 1.99918) (-2.76997, 2.4385) (-2.11914, -1.60424) (1.35171, 1.87649) (-3.19378, 2.61082) (1.33099, -1.64383) 
(-2.55048, 1.96843) (-2.76997, 2.4385) (-2.09288, -1.68832) (1.46027, 1.89692) (-3.19378, 2.61082) (1.42952, -1.6522) 
(-2.54762, 1.95393) (-2.76997, 2.4385) (-2.08376, -1.72524) (1.51666, 1.90707) (-3.19378, 2.61082) (1.48344, -1.65637) 
(-2.5478, 1.93951) (-2.76997, 2.4385) (-2.0791, -1.74846) (1.5732, 1.91636) (-3.19378, 2.61082) (1.53758, -1.66045) 
(-2.55421, 1.92783) (-2.76997, 2.4385) (-2.08034, -1.76276) (1.63485, 1.92876) (-3.19378, 2.61082) (1.59292, -1.66497) 
(-2.55871, 1.93018) (-2.76997, 2.4385) (-2.08655, -1.7663) (1.6901, 1.93882) (-3.19378, 2.61082) (1.64503, -1.66971) 
(-2.5685, 1.94258) (-2.76997, 2.4385) (-2.09564, -1.76409) (1.74854, 1.94901) (-3.19378, 2.61082) (1.70037, -1.67395) 
(-2.59045, 1.95001) (-2.76997, 2.4385) (-2.10339, -1.75682) (1.81448, 1.96147) (-3.19378, 2.61082) (1.76171, -1.67848) 
(-2.62045, 1.95178) (-2.76997, 2.4385) (-2.10826, -1.74699) (1.87371, 1.97118) (-3.19378, 2.61082) (1.81665, -1.68368) 
(-2.65038, 1.94579) (-2.76997, 2.4385) (-2.10912, -1.73469) (1.93894, 1.98367) (-3.19378, 2.61082) (1.87625, -1.68922) 
(-2.65896, 1.94392) (-2.76997, 2.4385) (-2.10982, -1.72722) (1.9792, 1.99003) (-3.19378, 2.61082) (1.91419, -1.6922) 
(-2.65423, 1.9604) (-2.76997, 2.4385) (-2.11495, -1.7144) (2.05424, 2.00462) (-3.19378, 2.61082) (1.98952, -1.69793) 
(-2.64725, 1.97808) (-2.76997, 2.4385) (-2.11922, -1.70891) (2.09664, 2.01122) (-3.19378, 2.61082) (2.03582, -1.70132) 
(-2.63763, 2.00056) (-2.76997, 2.4385) (-2.12436, -1.70115) (2.15353, 2.02274) (-3.19378, 2.61082) (2.09477, -1.70624) 
(-2.62818, 2.01921) (-2.76997, 2.4385) (-2.12805, -1.69656) (2.20322, 2.03106) (-3.19378, 2.61082) (2.14159, -1.7099) 
(-2.61478, 2.03588) (-2.76997, 2.4385) (-2.13166, -1.69316) (2.22668, 2.03536) (-3.19378, 2.61082) (2.18806, -1.71332) 
(-2.60196, 2.0533) (-2.76997, 2.4385) (-2.13526, -1.69158) (2.22593, 2.03526) (-3.19378, 2.61082) (2.2368, -1.718) 
(-2.59181, 2.06751) (-2.76997, 2.4385) (-2.13827, -1.68919) (2.21953, 2.03324) (-3.19378, 2.61082) (2.26442, -1.71946) 
(-2.58692, 2.07932) (-2.76997, 2.4385) (-2.14142, -1.68747) (2.22244, 2.0342) (-3.19378, 2.61082) (2.26441, -1.72007) 
(-2.58499, 2.09006) (-2.76997, 2.4385) (-2.14454, -1.68679) (2.22872, 2.0353) (-3.19378, 2.61082) (2.25151, -1.71807) 
(-2.585, 2.09657) (-2.76997, 2.4385) (-2.14685, -1.68704) (2.22753, 2.03477) (-3.19378, 2.61082) (2.25528, -1.71902) 
(-2.58622, 2.10356) (-2.76997, 2.4385) (-2.15103, -1.68658) (2.22831, 2.0349) (-3.19378, 2.61082) (2.26366, -1.71967) 
(-2.58724, 2.10566) (-2.76997, 2.4385) (-2.15337, -1.68647) (2.22794, 2.03485) (-3.19378, 2.61082) (2.26318, -1.71951) 
(-2.59021, 2.10564) (-2.76997, 2.4385) (-2.15484, -1.68602) (2.22804, 2.03483) (-3.19378, 2.61082) (2.26248, -1.71949) 
(-2.59321, 2.10865) (-2.76997, 2.4385) (-2.15633, -1.68657) (2.22796, 2.03485) (-3.19378, 2.61082) (2.2629, -1.71951) 
(-2.59384, 2.11246) (-2.76997, 2.4385) (-2.15662, -1.68523) (2.22796, 2.03486) (-3.19378, 2.61082) (2.26287, -1.71952) 
(-2.59548, 2.11612) (-2.76997, 2.4385) (-2.15809, -1.6844) (2.22794, 2.03485) (-3.19378, 2.61082) (2.26268, -1.7195) 
(-2.59694, 2.11938) (-2.76997, 2.4385) (-2.15925, -1.68434) (2.22799, 2.03488) (-3.19378, 2.61082) (2.2627, -1.71948) 
(-2.59843, 2.11969) (-2.76997, 2.4385) (-2.15924, -1.68238) (2.22794, 2.03484) (-3.19378, 2.61082) (2.26269, -1.71949) 
(-2.60021, 2.1188) (-2.76997, 2.4385) (-2.15879, -1.68051) (2.22797, 2.03485) (-3.19378, 2.61082) (2.26268, -1.71948) 
(-2.60125, 2.11856) (-2.76997, 2.4385) (-2.15741, -1.67928) (2.22794, 2.03487) (-3.19378, 2.61082) (2.26267, -1.71948) 
(-2.60195, 2.11987) (-2.76997, 2.4385) (-2.1553, -1.67885) (2.22796, 2.03484) (-3.19378, 2.61082) (2.26267, -1.7195) 
(-2.60395, 2.11977) (-2.76997, 2.4385) (-2.15161, -1.67908) (2.22795, 2.03487) (-3.19378, 2.61082) (2.26267, -1.71949) 
