(2.52137, 2.03622) (0.196104, 0.474307) (2.62908, -1.6281) (-2.30801, 2.0054) (-2.97537, 2.2455) (-1.97179, -1.58875) 
(2.51823, 2.03537) (0.196104, 0.474307) (2.6324, -1.6194) (-2.30835, 2.00549) (-2.97537, 2.2455) (-1.97205, -1.58886) 
(2.51492, 2.03596) (0.196104, 0.474307) (2.6341, -1.61747) (-2.3071, 2.00604) (-2.97537, 2.2455) (-1.97334, -1.58887) 
(2.51037, 2.03786) (0.196104, 0.474307) (2.6359, -1.61841) (-2.30106, 2.00585) (-2.97537, 2.2455) (-1.96919, -1.58921) 
(2.50533, 2.03952) (0.196104, 0.474307) (2.62819, -1.614) (-2.28195, 2.00653) (-2.97537, 2.2455) (-1.95095, -1.58926) 
(2.50024, 2.03882) (0.196104, 0.474307) (2.6093, -1.6135) (-2.27157, 2.00613) (-2.97537, 2.2455) (-1.9334, -1.58902) 
(2.49631, 2.03559) (0.196104, 0.474307) (2.59708, -1.61862) (-2.26299, 2.00683) (-2.97537, 2.2455) (-1.92265, -1.58948) 
(2.48924, 2.01996) (0.196104, 0.474307) (2.56995, -1.63384) (-2.24365, 2.00784) (-2.97537, 2.2455) (-1.90303, -1.58955) 
(2.48266, 1.9984) (0.196104, 0.474307) (2.53601, -1.64995) (-2.22673, 2.00758) (-2.97537, 2.2455) (-1.88737, -1.58909) 
(2.47159, 1.97288) (0.196104, 0.474307) (2.48618, -1.67095) (-2.20182, 2.00829) (-2.97537, 2.2455) (-1.86586, -1.58923) 
(2.44921, 1.95226) (0.196104, 0.474307) (2.42744, -1.70017) (-2.1691, 2.00839) (-2.97537, 2.2455) (-1.83393, -1.58993) 
(2.42436, 1.94496) (0.196104, 0.474307) (2.37974, -1.73382) (-2.14091, 2.00897) (-2.97537, 2.2455) (-1.80811, -1.59006) 
(2.40799, 1.9441) (0.196104, 0.474307) (2.34766, -1.756) (-2.12762, 2.0103) (-2.97537, 2.2455) (-1.79142, -1.59018) 
(2.3424, 1.95798) (0.196104, 0.474307) (2.25556, -1.80815) (-2.0777, 2.01141) (-2.97537, 2.2455) (-1.74403, -1.59151) 
(2.3002, 1.97816) (0.196104, 0.474307) (2.21235, -1.82984) (-2.04703, 2.01012) (-2.97537, 2.2455) (-1.71845, -1.59104) 
(2.23679, 2.01651) (0.196104, 0.474307) (2.15879, -1.84173) (-1.99936, 2.01215) (-2.97537, 2.2455) (-1.67596, -1.59125) 
(2.19876, 2.04007) (0.196104, 0.474307) (2.13276, -1.84274) (-1.97447, 2.01163) (-2.97537, 2.2455) (-1.65231, -1.59185) 
(2.14629, 2.06758) (0.196104, 0.474307) (2.09032, -1.84022) (-1.93498, 2.01164) (-2.97537, 2.2455) (-1.61221, -1.59153) 
(2.07944, 2.08787) (0.196104, 0.474307) (2.02139, -1.81595) (-1.87416, 2.01311) (-2.97537, 2.2455) (-1.55603, -1.59246) 
(2.01451, 2.09105) (0.196104, 0.474307) (1.95195, -1.78169) (-1.8203, 2.01358) (-2.97537, 2.2455) (-1.49907, -1.59137) 
(1.95528, 2.08352) (0.196104, 0.474307) (1.89299, -1.75684) (-1.77073, 2.01487) (-2.97537, 2.2455) (-1.44983, -1.59275) 
(1.89137, 2.06894) (0.196104, 0.474307) (1.82789, -1.74179) (-1.72183, 2.01526) (-2.97537, 2.2455) (-1.39921, -1.59212) 
(1.86329, 2.05982) (0.196104, 0.474307) (1.80479, -1.73677) (-1.70105, 2.01519) (-2.97537, 2.2455) (-1.37744, -1.59278) 
(1.78194, 2.02777) (0.196104, 0.474307) (1.73552, -1.72856) (-1.6349, 2.01536) (-2.97537, 2.2455) (-1.3108, -1.59364) 
(1.68316, 1.98617) (0.196104, 0.474307) (1.66065, -1.73601) (-1.56314, 2.01673) (-2.97537, 2.2455) (-1.2342, -1.59286) 
(1.60173, 1.95975) (0.196104, 0.474307) (1.59274, -1.7436) (-1.5046, 2.01776) (-2.97537, 2.2455) (-1.17347, -1.59206) 
(1.55974, 1.94959) (0.196104, 0.474307) (1.55076, -1.75218) (-1.4721, 2.01788) (-2.97537, 2.2455) (-1.14139, -1.59229) 
(1.4746, 1.93556) (0.196104, 0.474307) (1.47314, -1.78608) (-1.40332, 2.0189) (-2.97537, 2.2455) (-1.07355, -1.59204) 
(1.40691, 1.93174) (0.196104, 0.474307) (1.40729, -1.81903) (-1.34874, 2.02078) (-2.97537, 2.2455) (-1.02052, -1.59311) 
(1.32623, 1.93552) (0.196104, 0.474307) (1.33756, -1.83671) (-1.28404, 2.0216) (-2.97537, 2.2455) (-0.956154, -1.59394) 
(1.26592, 1.94407) (0.196104, 0.474307) (1.28715, -1.84574) (-1.23803, 2.02285) (-2.97537, 2.2455) (-0.908706, -1.59466) 
(1.19003, 1.95977) (0.196104, 0.474307) (1.22447, -1.8411) (-1.18394, 2.02296) (-2.97537, 2.2455) (-0.86234, -1.5956) 
(1.10857, 1.97663) (0.196104, 0.474307) (1.1628, -1.83207) (-1.12498, 2.02472) (-2.97537, 2.2455) (-0.808392, -1.59335) 
(1.02707, 1.98628) (0.196104, 0.474307) (1.09436, -1.81605) (-1.08161, 2.03121) (-2.97537, 2.2455) (-0.753872, -1.5898) 
(0.972849, 1.98643) (0.196104, 0.474307) (1.04859, -1.79316) (-1.04658, 2.03966) (-2.97537, 2.2455) (-0.716693, -1.58663) 
(0.88609, 1.97628) (0.196104, 0.474307) (0.982592, -1.74981) (-0.982642, 2.05326) (-2.97537, 2.2455) (-0.655646, -1.57865) 
(0.84054, 1.96584) (0.196104, 0.474307) (0.947886, -1.72471) (-0.952784, 2.06036) (-2.97537, 2.2455) (-0.622879, -1.5736) 
(0.742291, 1.93269) (0.196104, 0.474307) (0.873651, -1.684) (-0.900712, 2.08256) (-2.97537, 2.2455) (-0.561232, -1.56063) 
(0.682277, 1.90483) (0.196104, 0.474307) (0.826458, -1.66268) (-0.868075, 2.1014) (-2.97537, 2.2455) (-0.523789, -1.55284) 
(0.604146, 1.86133) (0.196104, 0.474307) (0.768862, -1.64988) (-0.822195, 2.12975) (-2.97537, 2.2455) (-0.484376, -1.54853) 
(0.537286, 1.82623) (0.196104, 0.474307) (0.727955, -1.6443) (-0.787094, 2.15081) (-2.97537, 2.2455) (-0.442764, -1.54899) 
(0.462405, 1.79446) (0.196104, 0.474307) (0.667566, -1.63813) (-0.752675, 2.1659) (-2.97537, 2.2455) (-0.398457, -1.56026) 
(0.392273, 1.77547) (0.196104, 0.474307) (0.607069, -1.63332) (-0.705519, 2.17838) (-2.97537, 2.2455) (-0.358752, -1.57831) 
(0.343999, 1.76714) (0.196104, 0.474307) (0.565666, -1.63582) (-0.673901, 2.18018) (-2.97537, 2.2455) (-0.337922, -1.59511) 
(0.272011, 1.76368) (0.196104, 0.474307) (0.499115, -1.64999) (-0.629162, 2.18159) (-2.97537, 2.2455) (-0.312736, -1.61923) 
(0.189815, 1.76896) (0.196104, 0.474307) (0.437915, -1.65182) (-0.574905, 2.18289) (-2.97537, 2.2455) (-0.291647, -1.65256) 
(0.146545, 1.77544) (0.196104, 0.474307) (0.407877, -1.65302) (-0.549359, 2.1819) (-2.97537, 2.2455) (-0.285499, -1.66668) 
(0.0604172, 1.79235) (0.196104, 0.474307) (0.358734, -1.6528) (-0.499692, 2.18848) (-2.97537, 2.2455) (-0.279051, -1.69484) 
(-0.0372448, 1.81164) (0.196104, 0.474307) (0.306069, -1.65649) (-0.450237, 2.20201) (-2.97537, 2.2455) (-0.277566, -1.72514) 
(-0.116351, 1.81792) (0.196104, 0.474307) (0.26017, -1.65682) (-0.415386, 2.21647) (-2.97537, 2.2455) (-0.279011, -1.75026) 
(-0.174883, 1.81683) (0.196104, 0.474307) (0.227054, -1.65677) (-0.390436, 2.23247) (-2.97537, 2.2455) (-0.284227, -1.77581) 
(-0.246525, 1.80828) (0.196104, 0.474307) (0.188098, -1.64897) (-0.366154, 2.25749) (-2.97537, 2.2455) (-0.296071, -1.8029) 
(-0.309903, 1.79427) (0.196104, 0.474307) (0.159876, -1.64605) (-0.345461, 2.28281) (-2.97537, 2.2455) (-0.311812, -1.82328) 
(-0.341321, 1.78505) (0.196104, 0.474307) (0.14772, -1.6475) (-0.34054, 2.29542) (-2.97537, 2.2455) (-0.320956, -1.83113) 
(-0.436772, 1.74791) (0.196104, 0.474307) (0.119957, -1.65918) (-0.326521, 2.33671) (-2.97537, 2.2455) (-0.348954, -1.85181) 
(-0.491696, 1.72208) (0.196104, 0.474307) (0.100936, -1.66764) (-0.323697, 2.35359) (-2.97537, 2.2455) (-0.361672, -1.8597) 
(-0.534834, 1.7012) (0.196104, 0.474307) (0.0911905, -1.67677) (-0.313643, 2.36939) (-2.97537, 2.2455) (-0.370487, -1.86883) 
(-0.626966, 1.66519) (0.196104, 0.474307) (0.0778399, -1.70451) (-0.298713, 2.38351) (-2.97537, 2.2455) (-0.386356, -1.89133) 
(-0.68734, 1.65401) (0.196104, 0.474307) (0.0615083, -1.72145) (-0.280923, 2.39876) (-2.97537, 2.2455) (-0.390447, -1.903) 
(-0.745553, 1.65227) (0.196104, 0.474307) (0.0437246, -1.73755) (-0.261753, 2.40644) (-2.97537, 2.2455) (-0.394154, -1.91612) 
(-0.806043, 1.66023) (0.196104, 0.474307) (0.0286526, -1.7528) (-0.239536, 2.41144) (-2.97537, 2.2455) (-0.404003, -1.94201) 
(-0.862028, 1.67496) (0.196104, 0.474307) (0.0149688, -1.76539) (-0.218749, 2.41224) (-2.97537, 2.2455) (-0.418409, -1.96744) 
(-0.880885, 1.68204) (0.196104, 0.474307) (0.00997537, -1.76846) (-0.211498, 2.41125) (-2.97537, 2.2455) (-0.424992, -1.97717) 
(-0.980008, 1.73069) (0.196104, 0.474307) (-0.00327933, -1.77741) (-0.178008, 2.40275) (-2.97537, 2.2455) (-0.454031, -2.00459) 
(-1.03179, 1.76096) (0.196104, 0.474307) (-0.0100034, -1.78294) (-0.163709, 2.39418) (-2.97537, 2.2455) (-0.464098, -2.01384) 
(-1.09853, 1.79704) (0.196104, 0.474307) (-0.0235451, -1.79018) (-0.139933, 2.38435) (-2.97537, 2.2455) (-0.478831, -2.03514) 
(-1.13282, 1.81218) (0.196104, 0.474307) (-0.0316579, -1.79145) (-0.124331, 2.37919) (-2.97537, 2.2455) (-0.485219, -2.04697) 
(-1.21056, 1.83921) (0.196104, 0.474307) (-0.0633288, -1.78002) (-0.0806355, 2.36909) (-2.97537, 2.2455) (-0.488643, -2.06991) 
(-1.26636, 1.84977) (0.196104, 0.474307) (-0.0916589, -1.75704) (-0.0507888, 2.36458) (-2.97537, 2.2455) (-0.485873, -2.08202) 
(-1.31188, 1.85249) (0.196104, 0.474307) (-0.118193, -1.73112) (-0.024095, 2.3623) (-2.97537, 2.2455) (-0.482633, -2.0935) 
(-1.37235, 1.85262) (0.196104, 0.474307) (-0.15636, -1.69312) (0.0132118, 2.35755) (-2.97537, 2.2455) (-0.476359, -2.1083) 
(-1.43435, 1.84665) (0.196104, 0.474307) (-0.198783, -1.66076) (0.0608012, 2.3528) (-2.97537, 2.2455) (-0.465721, -2.12378) 
(-1.47915, 1.83982) (0.196104, 0.474307) (-0.221285, -1.65022) (0.0948471, 2.34663) (-2.97537, 2.2455) (-0.456947, -2.13383) 
(-1.55515, 1.82772) (0.196104, 0.474307) (-0.242454, -1.64148) (0.150021, 2.33791) (-2.97537, 2.2455) (-0.441917, -2.14416) 
(-1.60415, 1.82351) (0.196104, 0.474307) (-0.247488, -1.64832) (0.186815, 2.33098) (-2.97537, 2.2455) (-0.430482, -2.14913) 
(-1.66519, 1.82326) (0.196104, 0.474307) (-0.22343, -1.67422) (0.239966, 2.32208) (-2.97537, 2.2455) (-0.415277, -2.15368) 
(-1.71025, 1.82586) (0.196104, 0.474307) (-0.189749, -1.71434) (0.284567, 2.31425) (-2.97537, 2.2455) (-0.402119, -2.15513) 
(-1.75243, 1.83248) (0.196104, 0.474307) (-0.146163, -1.77088) (0.326551, 2.30768) (-2.97537, 2.2455) (-0.389199, -2.15594) 
(-1.82056, 1.85381) (0.196104, 0.474307) (-0.063946, -1.88279) (0.402162, 2.29579) (-2.97537, 2.2455) (-0.359924, -2.16186) 
(-1.86805, 1.8749) (0.196104, 0.474307) (-0.0212676, -1.96214) (0.455427, 2.2883) (-2.97537, 2.2455) (-0.340222, -2.1688) 
(-1.9088, 1.8984) (0.196104, 0.474307) (0.000759364, -2.01083) (0.498457, 2.28383) (-2.97537, 2.2455) (-0.331953, -2.17986) 
(-1.96325, 1.93391) (0.196104, 0.474307) (0.0324681, -2.06086) (0.554752, 2.27582) (-2.97537, 2.2455) (-0.314956, -2.1955) 
(-2.01405, 1.96559) (0.196104, 0.474307) (0.0489424, -2.0858) (0.6086, 2.26736) (-2.97537, 2.2455) (-0.300252, -2.21554) 
(-2.05682, 1.98892) (0.196104, 0.474307) (0.0551699, -2.0898) (0.652661, 2.26103) (-2.97537, 2.2455) (-0.291892, -2.23243) 
(-2.10934, 2.01302) (0.196104, 0.474307) (0.0463072, -2.0777) (0.713614, 2.24982) (-2.97537, 2.2455) (-0.285413, -2.25657) 
(-2.15023, 2.02423) (0.196104, 0.474307) (0.0558943, -2.09804) (0.770004, 2.24113) (-2.97537, 2.2455) (-0.28437, -2.28087) 
(-2.16809, 2.02536) (0.196104, 0.474307) (0.0610112, -2.11151) (0.80108, 2.23658) (-2.97537, 2.2455) (-0.284452, -2.29517) 
(-2.19693, 2.01408) (0.196104, 0.474307) (0.052195, -2.16212) (0.876792, 2.22537) (-2.97537, 2.2455) (-0.292371, -2.3261) 
(-2.20653, 1.99944) (0.196104, 0.474307) (0.0417159, -2.19254) (0.925833, 2.21889) (-2.97537, 2.2455) (-0.30061, -2.34462) 
(-2.2077, 1.97702) (0.196104, 0.474307) (0.0185659, -2.21256) (0.988525, 2.21061) (-2.97537, 2.2455) (-0.315594, -2.36605) 
(-2.20341, 1.95958) (0.196104, 0.474307) (0.0102555, -2.22633) (1.0354, 2.20246) (-2.97537, 2.2455) (-0.328514, -2.37887) 
(-2.19775, 1.93764) (0.196104, 0.474307) (0.00363925, -2.2293) (1.09597, 2.19382) (-2.97537, 2.2455) (-0.348047, -2.39331) 
(-2.19395, 1.91985) (0.196104, 0.474307) (0.000508466, -2.21532) (1.1562, 2.18519) (-2.97537, 2.2455) (-0.368809, -2.40343) 
(-2.19409, 1.91758) (0.196104, 0.474307) (-0.000869808, -2.2143) (1.16541, 2.18371) (-2.97537, 2.2455) (-0.368903, -2.40343) 
(-2.20681, 1.89951) (0.196104, 0.474307) (-0.0388058, -2.21743) (1.26378, 2.16779) (-2.97537, 2.2455) (-0.409032, -2.41357) 
(-2.22063, 1.89493) (0.196104, 0.474307) (-0.0631409, -2.22487) (1.30405, 2.16274) (-2.97537, 2.2455) (-0.427095, -2.41737) 
(-2.23372, 1.89115) (0.196104, 0.474307) (-0.0824036, -2.23402) (1.33664, 2.15856) (-2.97537, 2.2455) (-0.44422, -2.42157) 
(-2.25207, 1.88571) (0.196104, 0.474307) (-0.116375, -2.23318) (1.3875, 2.15323) (-2.97537, 2.2455) (-0.466774, -2.43109) 
(-2.28153, 1.87812) (0.196104, 0.474307) (-0.185111, -2.19283) (1.47162, 2.14297) (-2.97537, 2.2455) (-0.482319, -2.44614) 
(-2.29704, 1.87601) (0.196104, 0.474307) (-0.233374, -2.15679) (1.52447, 2.13485) (-2.97537, 2.2455) (-0.502578, -2.46259) 
(-2.30747, 1.88001) (0.196104, 0.474307) (-0.293766, -2.12228) (1.58577, 2.12717) (-2.97537, 2.2455) (-0.52065, -2.4791) 
(-2.3097, 1.88843) (0.196104, 0.474307) (-0.344286, -2.11707) (1.64169, 2.11926) (-2.97537, 2.2455) (-0.523103, -2.48985) 
(-2.30629, 1.89943) (0.196104, 0.474307) (-0.383582, -2.13148) (1.69305, 2.1124) (-2.97537, 2.2455) (-0.528231, -2.51037) 
(-2.29955, 1.9103) (0.196104, 0.474307) (-0.41332, -2.14658) (1.73412, 2.10678) (-2.97537, 2.2455) (-0.528325, -2.52157) 
(-2.28075, 1.93197) (0.196104, 0.474307) (-0.452314, -2.18652) (1.80444, 2.09816) (-2.97537, 2.2455) (-0.528131, -2.53899) 
(-2.26479, 1.9504) (0.196104, 0.474307) (-0.490359, -2.2032) (1.85679, 2.09164) (-2.97537, 2.2455) (-0.524538, -2.55226) 
(-2.25225, 1.96608) (0.196104, 0.474307) (-0.517287, -2.20869) (1.89881, 2.08732) (-2.97537, 2.2455) (-0.524381, -2.566) 
(-2.23621, 1.98783) (0.196104, 0.474307) (-0.551596, -2.19915) (1.95657, 2.08067) (-2.97537, 2.2455) (-0.520137, -2.59571) 
(-2.21561, 2.01045) (0.196104, 0.474307) (-0.572404, -2.19056) (2.02588, 2.07445) (-2.97537, 2.2455) (-0.512859, -2.62955) 
(-2.19844, 2.02484) (0.196104, 0.474307) (-0.583371, -2.19554) (2.08466, 2.06965) (-2.97537, 2.2455) (-0.502379, -2.65939) 
(-2.18965, 2.03005) (0.196104, 0.474307) (-0.580244, -2.1993) (2.126, 2.06497) (-2.97537, 2.2455) (-0.497668, -2.67028) 
(-2.18633, 2.03128) (0.196104, 0.474307) (-0.555152, -2.20539) (2.17718, 2.06053) (-2.97537, 2.2455) (-0.49768, -2.6702) 
(-2.18765, 2.03) (0.196104, 0.474307) (-0.5271, -2.21778) (2.21388, 2.05838) (-2.97537, 2.2455) (-0.49768, -2.6702) 
(-2.19207, 2.02668) (0.196104, 0.474307) (-0.515505, -2.25307) (2.23828, 2.05429) (-2.97537, 2.2455) (-0.49768, -2.6702) 
(-2.19643, 2.02175) (0.196104, 0.474307) (-0.508768, -2.32023) (2.23393, 2.05647) (-2.97537, 2.2455) (-0.49768, -2.6702) 
(-2.19884, 2.01688) (0.196104, 0.474307) (-0.49343, -2.37312) (2.22751, 2.05566) (-2.97537, 2.2455) (-0.49768, -2.6702) 
(-2.20162, 2.01162) (0.196104, 0.474307) (-0.475428, -2.43556) (2.23211, 2.05648) (-2.97537, 2.2455) (-0.49768, -2.6702) 
(-2.20414, 2.00789) (0.196104, 0.474307) (-0.459322, -2.50546) (2.23738, 2.05523) (-2.97537, 2.2455) (-0.49768, -2.6702) 
(-2.20696, 2.00559) (0.196104, 0.474307) (-0.469607, -2.54394) (2.23646, 2.0555) (-2.97537, 2.2455) (-0.49768, -2.6702) 
(-2.20809, 2.0037) (0.196104, 0.474307) (-0.48638, -2.57281) (2.23662, 2.05575) (-2.97537, 2.2455) (-0.49768, -2.6702) 
(-2.20795, 2.00247) (0.196104, 0.474307) (-0.512077, -2.59681) (2.23664, 2.05541) (-2.97537, 2.2455) (-0.49768, -2.6702) 
(-2.20739, 2.00108) (0.196104, 0.474307) (-0.537764, -2.62264) (2.23665, 2.05542) (-2.97537, 2.2455) (-0.49768, -2.6702) 
(-2.20505, 1.99851) (0.196104, 0.474307) (-0.553219, -2.64726) (2.23664, 2.05549) (-2.97537, 2.2455) (-0.49768, -2.6702) 
(-2.20513, 2.00065) (0.196104, 0.474307) (-0.553273, -2.64728) (2.23662, 2.05546) (-2.97537, 2.2455) (-0.49768, -2.6702) 
(-2.206, 2.00245) (0.196104, 0.474307) (-0.553273, -2.64728) (2.23665, 2.0554) (-2.97537, 2.2455) (-0.49768, -2.6702) 
(-2.20544, 2.0013) (0.196104, 0.474307) (-0.553273, -2.64728) (2.23666, 2.0555) (-2.97537, 2.2455) (-0.49768, -2.6702) 
(-2.20393, 1.99937) (0.196104, 0.474307) (-0.553273, -2.64728) (2.23662, 2.05543) (-2.97537, 2.2455) (-0.49768, -2.6702) 
(-2.20207, 1.99617) (0.196104, 0.474307) (-0.553273, -2.64728) (2.23661, 2.05544) (-2.97537, 2.2455) (-0.49768, -2.6702) 
(-2.20127, 1.99537) (0.196104, 0.474307) (-0.553273, -2.64728) (2.23659, 2.05546) (-2.97537, 2.2455) (-0.49768, -2.6702) 
(-2.20043, 1.99615) (0.196104, 0.474307) (-0.553273, -2.64728) (2.23657, 2.05549) (-2.97537, 2.2455) (-0.49768, -2.6702) 
(-2.19962, 1.9972) (0.196104, 0.474307) (-0.553273, -2.64728) (2.23658, 2.05547) (-2.97537, 2.2455) (-0.360031, -2.63334) 
(-2.19752, 1.99915) (0.196104, 0.474307) (-0.553273, -2.64728) (2.23657, 2.05548) (-2.97537, 2.2455) (-0.36582, -2.61881) 
(-2.19569, 2.00204) (0.196104, 0.474307) (-0.553273, -2.64728) (2.23663, 2.05547) (-2.97537, 2.2455) (-0.37088, -2.61407) 
(-2.19506, 2.00322) (0.196104, 0.474307) (-0.553273, -2.64728) (2.23657, 2.05547) (-2.97537, 2.2455) (-0.374203, -2.60819) 
(-2.19634, 2.00946) (0.196104, 0.474307) (-0.553273, -2.64728) (2.23657, 2.05546) (-2.97537, 2.2455) (-0.383894, -2.59383) 
(-2.19688, 2.00992) (0.196104, 0.474307) (-0.553273, -2.64728) (2.23658, 2.05546) (-2.97537, 2.2455) (-0.428801, -2.5133) 
(-2.19757, 2.0114) (0.196104, 0.474307) (-0.640885, -2.54073) (2.23661, 2.05546) (-2.97537, 2.2455) (-0.437206, -2.4934) 
(-2.19557, 2.00936) (0.196104, 0.474307) (-0.646745, -2.49231) (2.23658, 2.05547) (-2.97537, 2.2455) (-0.437206, -2.4934) 
(-2.19371, 2.01177) (0.196104, 0.474307) (-0.661969, -2.44584) (2.23659, 2.05547) (-2.97537, 2.2455) (-0.437206, -2.4934) 
(-2.18861, 2.01322) (0.196104, 0.474307) (-0.682171, -2.37519) (2.23659, 2.05551) (-2.97537, 2.2455) (-0.437206, -2.4934) 
(-2.18363, 2.02152) (0.196104, 0.474307) (-0.695009, -2.31313) (2.23656, 2.05546) (-2.97537, 2.2455) (-0.571135, -2.29158) 
(-2.17915, 2.02857) (0.196104, 0.474307) (-0.690973, -2.25923) (2.23657, 2.05548) (-2.97537, 2.2455) (-0.600148, -2.26089) 
(-2.17569, 2.03148) (0.196104, 0.474307) (-0.68074, -2.22902) (2.23658, 2.05549) (-2.97537, 2.2455) (-0.614303, -2.24589) 
(-2.15524, 2.03853) (0.196104, 0.474307) (-0.636283, -2.18276) (2.2366, 2.05548) (-2.97537, 2.2455) (-0.672036, -2.18365) 
(-2.14574, 2.036) (0.196104, 0.474307) (-0.609145, -2.19408) (2.23659, 2.05546) (-2.97537, 2.2455) (-0.698199, -2.14888) 
(-2.13872, 2.0313) (0.196104, 0.474307) (-0.592287, -2.21929) (2.23656, 2.05548) (-2.97537, 2.2455) (-0.71332, -2.12294) 
(-2.13502, 2.02493) (0.196104, 0.474307) (-0.583344, -2.24494) (2.23658, 2.05545) (-2.97537, 2.2455) (-0.729694, -2.10255) 
(-2.1294, 2.0181) (0.196104, 0.474307) (-0.565024, -2.2834) (2.23657, 2.05547) (-2.97537, 2.2455) (-0.750462, -2.08522) 
(-2.11958, 2.00329) (0.196104, 0.474307) (-0.558942, -2.35358) (2.23656, 2.05548) (-2.97537, 2.2455) (-0.775609, -2.06273) 
(-2.12254, 1.99308) (0.196104, 0.474307) (-0.562041, -2.37387) (2.23661, 2.05545) (-2.97537, 2.2455) (-0.780974, -2.05287) 
(-2.11652, 1.98655) (0.196104, 0.474307) (-0.572137, -2.3825) (2.23659, 2.05544) (-2.97537, 2.2455) (-0.782022, -2.04462) 
(-2.09806, 1.98795) (0.196104, 0.474307) (-0.571855, -2.35938) (2.23658, 2.05548) (-2.97537, 2.2455) (-0.780274, -2.03924) 
(-2.0913, 1.99209) (0.196104, 0.474307) (-0.571538, -2.3439) (2.23656, 2.05549) (-2.97537, 2.2455) (-0.77972, -2.03745) 
(-2.05312, 2.00864) (0.196104, 0.474307) (-0.587552, -2.3199) (2.23653, 2.05555) (-2.97537, 2.2455) (-0.7798, -2.03599) 
(-2.02811, 2.02327) (0.196104, 0.474307) (-0.596612, -2.31156) (2.23638, 2.05564) (-2.97537, 2.2455) (-0.779148, -2.03671) 
(-2.00419, 2.04368) (0.196104, 0.474307) (-0.595923, -2.30642) (2.23655, 2.05549) (-2.97537, 2.2455) (-0.778264, -2.03699) 
(-1.99529, 2.0536) (0.196104, 0.474307) (-0.591887, -2.30101) (2.23656, 2.05553) (-2.97537, 2.2455) (-0.778161, -2.03709) 
(-1.98484, 2.07038) (0.196104, 0.474307) (-0.558995, -2.30158) (2.23657, 2.05548) (-2.97537, 2.2455) (-0.77623, -2.03477) 
(-1.9798, 2.08437) (0.196104, 0.474307) (-0.544349, -2.30439) (2.23659, 2.05549) (-2.97537, 2.2455) (-0.768257, -2.02773) 
(-1.97939, 2.10077) (0.196104, 0.474307) (-0.530815, -2.30041) (2.23657, 2.05548) (-2.97537, 2.2455) (-0.763289, -2.02333) 
(-1.98602, 2.1216) (0.196104, 0.474307) (-0.519075, -2.3032) (2.23657, 2.05551) (-2.97537, 2.2455) (-0.763083, -2.0185) 
(-1.99809, 2.14808) (0.196104, 0.474307) (-0.513573, -2.30222) (2.23659, 2.05548) (-2.97537, 2.2455) (-0.763717, -2.01208) 
(-2.01601, 2.16958) (0.196104, 0.474307) (-0.520324, -2.3216) (2.23662, 2.05545) (-2.97537, 2.2455) (-0.761597, -2.00956) 
(-2.03012, 2.17767) (0.196104, 0.474307) (-0.533608, -2.33298) (2.23656, 2.05549) (-2.97537, 2.2455) (-0.759206, -2.0073) 
(-2.03961, 2.17366) (0.196104, 0.474307) (-0.540876, -2.32462) (2.23659, 2.05545) (-2.97537, 2.2455) (-0.757609, -2.00074) 
(-2.02506, 2.16861) (0.196104, 0.474307) (-0.546532, -2.30562) (2.23658, 2.05547) (-2.97537, 2.2455) (-0.759175, -1.99348) 
(-2.00488, 2.1675) (0.196104, 0.474307) (-0.547428, -2.29037) (2.23657, 2.05549) (-2.97537, 2.2455) (-0.760202, -1.99014) 
(-1.9439, 2.17389) (0.196104, 0.474307) (-0.545954, -2.26019) (2.23659, 2.05548) (-2.97537, 2.2455) (-0.759379, -1.98318) 
(-1.87401, 2.18486) (0.196104, 0.474307) (-0.539574, -2.24028) (2.23655, 2.05546) (-2.97537, 2.2455) (-0.762544, -1.97579) 
(-1.81046, 2.20005) (0.196104, 0.474307) (-0.535808, -2.23293) (2.23637, 2.05559) (-2.97537, 2.2455) (-0.768304, -1.96942) 
(-1.71813, 2.2218) (0.196104, 0.474307) (-0.547964, -2.23194) (2.23655, 2.05549) (-2.97537, 2.2455) (-0.782149, -1.96616) 
(-1.64575, 2.24214) (0.196104, 0.474307) (-0.5725, -2.23456) (2.23661, 2.0555) (-2.97537, 2.2455) (-0.801154, -1.96501) 
(-1.5482, 2.26546) (0.196104, 0.474307) (-0.630241, -2.2483) (2.23654, 2.05547) (-2.97537, 2.2455) (-0.834019, -1.96318) 
(-1.46084, 2.28111) (0.196104, 0.474307) (-0.696873, -2.27528) (2.23658, 2.0555) (-2.97537, 2.2455) (-0.870862, -1.96656) 
(-1.39071, 2.28768) (0.196104, 0.474307) (-0.753486, -2.30015) (2.23657, 2.0555) (-2.97537, 2.2455) (-0.904521, -1.97066) 
(-1.28961, 2.28277) (0.196104, 0.474307) (-0.826717, -2.32945) (2.23659, 2.0555) (-2.97537, 2.2455) (-0.953636, -1.97789) 
(-1.23155, 2.27301) (0.196104, 0.474307) (-0.85446, -2.33649) (2.23655, 2.05545) (-2.97537, 2.2455) (-0.982789, -1.98031) 
(-1.10461, 2.24369) (0.196104, 0.474307) (-0.897869, -2.33271) (2.23656, 2.05545) (-2.97537, 2.2455) (-1.03355, -1.98148) 
(-1.00239, 2.21308) (0.196104, 0.474307) (-0.929766, -2.32663) (2.23644, 2.05556) (-2.97537, 2.2455) (-1.06937, -1.9825) 
(-0.896556, 2.18635) (0.196104, 0.474307) (-0.974654, -2.31518) (2.23657, 2.05548) (-2.97537, 2.2455) (-1.1088, -1.98186) 
(-0.817731, 2.17575) (0.196104, 0.474307) (-0.972802, -2.28793) (2.23658, 2.05547) (-2.97537, 2.2455) (-1.1379, -1.97551) 
(-0.710937, 2.17347) (0.196104, 0.474307) (-0.95359, -2.24763) (2.23656, 2.05549) (-2.97537, 2.2455) (-1.17524, -1.96154) 
(-0.670458, 2.1749) (0.196104, 0.474307) (-0.943203, -2.23051) (2.23657, 2.05549) (-2.97537, 2.2455) (-1.18819, -1.95681) 
(-0.514584, 2.1908) (0.196104, 0.474307) (-0.935697, -2.19985) (2.23686, 2.05554) (-2.97537, 2.2455) (-1.2322, -1.94019) 
(-0.403374, 2.20972) (0.196104, 0.474307) (-0.972276, -2.19623) (2.23762, 2.05589) (-2.97537, 2.2455) (-1.2575, -1.93068) 
(-0.292618, 2.22956) (0.196104, 0.474307) (-1.02368, -2.19453) (2.23732, 2.05587) (-2.97537, 2.2455) (-1.27991, -1.92121) 
(-0.218069, 2.23969) (0.196104, 0.474307) (-1.05858, -2.19366) (2.23767, 2.0558) (-2.97537, 2.2455) (-1.29722, -1.91505) 
(-0.115514, 2.24536) (0.196104, 0.474307) (-1.08323, -2.1988) (2.23766, 2.0558) (-2.97537, 2.2455) (-1.32135, -1.90726) 
(0.000519517, 2.24464) (0.196104, 0.474307) (-1.12025, -2.21395) (2.23766, 2.05581) (-2.97537, 2.2455) (-1.34933, -1.89702) 
(0.142937, 2.23467) (0.196104, 0.474307) (-1.18168, -2.24221) (2.23766, 2.05581) (-2.97537, 2.2455) (-1.38314, -1.88799) 
(0.232456, 2.2243) (0.196104, 0.474307) (-1.21877, -2.25625) (2.23767, 2.0558) (-2.97537, 2.2455) (-1.40206, -1.88374) 
(0.36746, 2.2025) (0.196104, 0.474307) (-1.26993, -2.26037) (2.23767, 2.0558) (-2.97537, 2.2455) (-1.42787, -1.88331) 
