(1.69962, -1.456) (0, 0) (-0.134948, 2.71863) (-2.28157, 1.98654) (0, 0) (-0.189491, -1.89378) 
(1.69815, -1.45443) (0, 0) (-0.132448, 2.72197) (-2.28155, 1.98653) (0, 0) (-0.189435, -1.89378) 
(1.69833, -1.454) (0, 0) (-0.124798, 2.72563) (-2.28395, 1.98964) (0, 0) (-0.189817, -1.89918) 
(1.70027, -1.45484) (0, 0) (-0.119698, 2.73159) (-2.25498, 1.96687) (0, 0) (-0.189091, -1.86904) 
(1.70121, -1.45581) (0, 0) (-0.116877, 2.73565) (-2.21819, 1.91559) (0, 0) (-0.188476, -1.81865) 
(1.70169, -1.45631) (0, 0) (-0.114994, 2.73502) (-2.18242, 1.89019) (0, 0) (-0.1876, -1.78717) 
(1.70179, -1.4555) (0, 0) (-0.112469, 2.73133) (-2.15585, 1.86106) (0, 0) (-0.190951, -1.76357) 
(1.70179, -1.45073) (0, 0) (-0.106355, 2.71942) (-2.112, 1.82342) (0, 0) (-0.194908, -1.72587) 
(1.70355, -1.44354) (0, 0) (-0.09734, 2.70077) (-2.07319, 1.78933) (0, 0) (-0.197145, -1.68969) 
(1.70683, -1.43396) (0, 0) (-0.0867042, 2.68541) (-2.0384, 1.75792) (0, 0) (-0.20114, -1.65501) 
(1.70968, -1.4208) (0, 0) (-0.0740956, 2.66628) (-1.99984, 1.72141) (0, 0) (-0.207246, -1.61803) 
(1.71381, -1.4086) (0, 0) (-0.0616261, 2.64559) (-1.96434, 1.68943) (0, 0) (-0.214078, -1.5866) 
(1.71963, -1.39846) (0, 0) (-0.0519135, 2.61722) (-1.92202, 1.65031) (0, 0) (-0.224265, -1.54938) 
(1.72274, -1.39443) (0, 0) (-0.0487811, 2.59161) (-1.8858, 1.61727) (0, 0) (-0.234667, -1.51821) 
(1.7242, -1.39412) (0, 0) (-0.0503277, 2.55643) (-1.84667, 1.58096) (0, 0) (-0.249904, -1.48346) 
(1.72721, -1.39595) (0, 0) (-0.0639928, 2.51059) (-1.80485, 1.54165) (0, 0) (-0.270216, -1.44065) 
(1.72855, -1.39573) (0, 0) (-0.0859225, 2.46766) (-1.76999, 1.50846) (0, 0) (-0.289608, -1.40241) 
(1.72869, -1.39238) (0, 0) (-0.120296, 2.40948) (-1.72714, 1.46851) (0, 0) (-0.314662, -1.35783) 
(1.73071, -1.39125) (0, 0) (-0.147684, 2.36113) (-1.68925, 1.43329) (0, 0) (-0.336196, -1.31594) 
(1.73448, -1.39046) (0, 0) (-0.168505, 2.30228) (-1.64272, 1.38975) (0, 0) (-0.359847, -1.26352) 
(1.73476, -1.38956) (0, 0) (-0.173231, 2.25668) (-1.60935, 1.36264) (0, 0) (-0.37215, -1.22734) 
(1.73179, -1.39105) (0, 0) (-0.17484, 2.19464) (-1.57034, 1.32571) (0, 0) (-0.383201, -1.18554) 
(1.73109, -1.39586) (0, 0) (-0.172435, 2.12875) (-1.53362, 1.29046) (0, 0) (-0.390224, -1.14716) 
(1.73121, -1.40101) (0, 0) (-0.158522, 2.05749) (-1.49718, 1.25394) (0, 0) (-0.398278, -1.10128) 
(1.73044, -1.40216) (0, 0) (-0.130172, 1.98541) (-1.4638, 1.22085) (0, 0) (-0.408161, -1.05138) 
(1.7289, -1.40069) (0, 0) (-0.0986188, 1.91462) (-1.43034, 1.18299) (0, 0) (-0.42008, -0.997295) 
(1.72654, -1.39459) (0, 0) (-0.0750829, 1.85017) (-1.39702, 1.15078) (0, 0) (-0.431278, -0.947584) 
(1.72421, -1.37915) (0, 0) (-0.0605626, 1.78102) (-1.36255, 1.10999) (0, 0) (-0.44352, -0.886904) 
(1.7128, -1.3641) (0, 0) (-0.0589573, 1.71677) (-1.33507, 1.08505) (0, 0) (-0.452193, -0.85006) 
(1.69529, -1.35441) (0, 0) (-0.0640638, 1.64248) (-1.29708, 1.05277) (0, 0) (-0.471368, -0.812323) 
(1.68075, -1.3467) (0, 0) (-0.076716, 1.56923) (-1.26395, 1.03513) (0, 0) (-0.496916, -0.777718) 
(1.66823, -1.34374) (0, 0) (-0.0980429, 1.50805) (-1.23606, 1.02103) (0, 0) (-0.521653, -0.750442) 
(1.65458, -1.34494) (0, 0) (-0.129796, 1.42974) (-1.20128, 1.00178) (0, 0) (-0.559566, -0.714879) 
(1.6416, -1.34906) (0, 0) (-0.151627, 1.35947) (-1.17059, 0.984158) (0, 0) (-0.593224, -0.681054) 
(1.62024, -1.34794) (0, 0) (-0.16085, 1.2775) (-1.14117, 0.961718) (0, 0) (-0.624791, -0.647031) 
(1.60283, -1.34004) (0, 0) (-0.152006, 1.20902) (-1.11836, 0.941125) (0, 0) (-0.647293, -0.607963) 
(1.5871, -1.3328) (0, 0) (-0.134077, 1.14877) (-1.09846, 0.91891) (0, 0) (-0.66592, -0.568369) 
(1.56866, -1.32713) (0, 0) (-0.104955, 1.07701) (-1.07612, 0.896538) (0, 0) (-0.683143, -0.528544) 
(1.5539, -1.32923) (0, 0) (-0.0710743, 1.01509) (-1.05135, 0.87822) (0, 0) (-0.703288, -0.490146) 
(1.53381, -1.33206) (0, 0) (-0.0171602, 0.948244) (-1.02417, 0.856979) (0, 0) (-0.72817, -0.445558) 
(1.51058, -1.32718) (0, 0) (0.0345753, 0.894472) (-1.00171, 0.83899) (0, 0) (-0.754028, -0.408379) 
(1.48559, -1.31419) (0, 0) (0.0821177, 0.830492) (-0.977799, 0.819685) (0, 0) (-0.782934, -0.3669) 
(1.46153, -1.28773) (0, 0) (0.113609, 0.765269) (-0.956106, 0.801981) (0, 0) (-0.814374, -0.325432) 
(1.44176, -1.25408) (0, 0) (0.134006, 0.691246) (-0.934319, 0.784099) (0, 0) (-0.845686, -0.279531) 
(1.42332, -1.2106) (0, 0) (0.150525, 0.618163) (-0.911313, 0.766513) (0, 0) (-0.875921, -0.22931) 
(1.41029, -1.16539) (0, 0) (0.158029, 0.559545) (-0.890237, 0.751636) (0, 0) (-0.897558, -0.190441) 
(1.40321, -1.11475) (0, 0) (0.155821, 0.49592) (-0.871818, 0.738847) (0, 0) (-0.918202, -0.150612) 
(1.39744, -1.05604) (0, 0) (0.142167, 0.416415) (-0.849897, 0.72251) (0, 0) (-0.943267, -0.100064) 
(1.39439, -1.01361) (0, 0) (0.129548, 0.344239) (-0.829983, 0.711476) (0, 0) (-0.966737, -0.056403) 
(1.39061, -0.968447) (0, 0) (0.12888, 0.268418) (-0.807425, 0.701371) (0, 0) (-0.994433, -0.00795491) 
(1.37466, -0.930696) (0, 0) (0.149686, 0.201361) (-0.78692, 0.695419) (0, 0) (-1.0165, 0.0337625) 
(1.35775, -0.903372) (0, 0) (0.171356, 0.137705) (-0.766395, 0.694946) (0, 0) (-1.0359, 0.0695585) 
(1.32411, -0.863295) (0, 0) (0.19715, 0.0401608) (-0.739977, 0.695507) (0, 0) (-1.06052, 0.118976) 
(1.28523, -0.829833) (0, 0) (0.223151, -0.0413462) (-0.710625, 0.703874) (0, 0) (-1.07795, 0.1622) 
(1.2345, -0.791421) (0, 0) (0.2649, -0.128899) (-0.678763, 0.709906) (0, 0) (-1.0983, 0.21609) 
(1.20083, -0.765805) (0, 0) (0.294427, -0.194571) (-0.650818, 0.712509) (0, 0) (-1.11178, 0.25662) 
(1.16217, -0.737447) (0, 0) (0.316138, -0.267125) (-0.615273, 0.715737) (0, 0) (-1.12244, 0.303525) 
(1.12294, -0.700382) (0, 0) (0.313358, -0.341293) (-0.583505, 0.709973) (0, 0) (-1.12787, 0.344621) 
(1.08402, -0.657817) (0, 0) (0.295689, -0.4054) (-0.557955, 0.705735) (0, 0) (-1.12895, 0.383142) 
(1.03973, -0.603391) (0, 0) (0.264959, -0.478434) (-0.524422, 0.699831) (0, 0) (-1.12324, 0.426444) 
(0.986711, -0.539663) (0, 0) (0.218085, -0.555072) (-0.488503, 0.694215) (0, 0) (-1.1133, 0.466391) 
(0.940561, -0.480245) (0, 0) (0.166068, -0.619771) (-0.453591, 0.688368) (0, 0) (-1.10149, 0.49893) 
(0.892204, -0.408071) (0, 0) (0.102282, -0.694229) (-0.410633, 0.680483) (0, 0) (-1.08281, 0.538687) 
(0.848405, -0.349176) (0, 0) (0.0599644, -0.758542) (-0.371396, 0.671896) (0, 0) (-1.06343, 0.576322) 
(0.803921, -0.304525) (0, 0) (0.033737, -0.825797) (-0.324468, 0.663821) (0, 0) (-1.03671, 0.619544) 
(0.74957, -0.26213) (0, 0) (0.0165426, -0.893808) (-0.278941, 0.658434) (0, 0) (-1.00961, 0.662983) 
(0.69921, -0.230143) (0, 0) (0.000501401, -0.954953) (-0.24512, 0.656375) (0, 0) (-0.9846, 0.700844) 
(0.63587, -0.19684) (0, 0) (-0.0134185, -1.03114) (-0.201335, 0.661075) (0, 0) (-0.952644, 0.74555) 
(0.570239, -0.171198) (0, 0) (-0.0141328, -1.10732) (-0.154116, 0.667869) (0, 0) (-0.925687, 0.78653) 
(0.503851, -0.1481) (0, 0) (-0.0113141, -1.1797) (-0.112498, 0.671144) (0, 0) (-0.897016, 0.831975) 
(0.446646, -0.122873) (0, 0) (-0.00866893, -1.25407) (-0.0708717, 0.668627) (0, 0) (-0.870399, 0.878235) 
(0.395762, -0.0943209) (0, 0) (-0.0101789, -1.3178) (-0.0381213, 0.665062) (0, 0) (-0.846721, 0.917655) 
(0.331382, -0.0467166) (0, 0) (-0.0240085, -1.3891) (0.0038626, 0.651866) (0, 0) (-0.815162, 0.97299) 
(0.279244, -0.00153225) (0, 0) (-0.0377168, -1.43826) (0.0414877, 0.635332) (0, 0) (-0.790524, 1.01761) 
(0.217852, 0.0629432) (0, 0) (-0.0593677, -1.49601) (0.085036, 0.619709) (0, 0) (-0.758287, 1.07353) 
(0.168552, 0.119414) (0, 0) (-0.0809906, -1.53329) (0.120168, 0.60751) (0, 0) (-0.731619, 1.11672) 
(0.104298, 0.186269) (0, 0) (-0.11544, -1.56558) (0.162929, 0.596275) (0, 0) (-0.701844, 1.16551) 
(0.0371825, 0.241858) (0, 0) (-0.158757, -1.58769) (0.19698, 0.590531) (0, 0) (-0.669554, 1.21529) 
(0.0153625, 0.257345) (0, 0) (-0.168747, -1.59531) (0.21231, 0.592949) (0, 0) (-0.659887, 1.23249) 
(-0.107922, 0.336825) (0, 0) (-0.201644, -1.65137) (0.275778, 0.605701) (0, 0) (-0.600403, 1.32351) 
(-0.17999, 0.383376) (0, 0) (-0.221319, -1.67971) (0.302566, 0.617501) (0, 0) (-0.568895, 1.37187) 
(-0.24954, 0.425681) (0, 0) (-0.238903, -1.70725) (0.326693, 0.633356) (0, 0) (-0.541142, 1.41685) 
(-0.338562, 0.476216) (0, 0) (-0.254955, -1.74283) (0.355263, 0.647543) (0, 0) (-0.508171, 1.47141) 
(-0.402039, 0.515399) (0, 0) (-0.26418, -1.77066) (0.373026, 0.657456) (0, 0) (-0.481905, 1.51565) 
(-0.470533, 0.569095) (0, 0) (-0.265498, -1.79969) (0.399697, 0.660814) (0, 0) (-0.44862, 1.57023) 
(-0.531306, 0.623182) (0, 0) (-0.263932, -1.825) (0.418905, 0.662159) (0, 0) (-0.419105, 1.62035) 
(-0.588732, 0.677518) (0, 0) (-0.269086, -1.84042) (0.438089, 0.654241) (0, 0) (-0.390931, 1.66566) 
(-0.645349, 0.738082) (0, 0) (-0.270506, -1.84976) (0.456457, 0.648246) (0, 0) (-0.363942, 1.71219) 
(-0.701951, 0.814824) (0, 0) (-0.263204, -1.86066) (0.474421, 0.634969) (0, 0) (-0.329576, 1.76638) 
(-0.760079, 0.894329) (0, 0) (-0.249455, -1.86837) (0.491455, 0.618979) (0, 0) (-0.294624, 1.82613) 
(-0.812235, 0.953282) (0, 0) (-0.236016, -1.86546) (0.501944, 0.603719) (0, 0) (-0.265549, 1.87277) 
(-0.87252, 1.00618) (0, 0) (-0.217421, -1.85625) (0.509648, 0.587003) (0, 0) (-0.237334, 1.9204) 
(-0.940154, 1.06316) (0, 0) (-0.193994, -1.84587) (0.515829, 0.565625) (0, 0) (-0.204267, 1.97743) 
(-0.988093, 1.10594) (0, 0) (-0.176831, -1.84049) (0.522262, 0.548006) (0, 0) (-0.180932, 2.01765) 
(-1.06929, 1.1683) (0, 0) (-0.152779, -1.82807) (0.527881, 0.523508) (0, 0) (-0.143911, 2.07759) 
(-1.15773, 1.22049) (0, 0) (-0.140422, -1.81281) (0.539269, 0.494919) (0, 0) (-0.112719, 2.13309) 
(-1.22714, 1.25939) (0, 0) (-0.136617, -1.80928) (0.547439, 0.47471) (0, 0) (-0.086689, 2.18005) 
(-1.29681, 1.31839) (0, 0) (-0.135234, -1.81104) (0.562605, 0.456097) (0, 0) (-0.0534442, 2.23068) 
(-1.34516, 1.37584) (0, 0) (-0.140149, -1.81568) (0.577681, 0.435251) (0, 0) (-0.028383, 2.27426) 
(-1.40557, 1.44696) (0, 0) (-0.153285, -1.8243) (0.598442, 0.405614) (0, 0) (0.00326615, 2.32349) 
(-1.45655, 1.50726) (0, 0) (-0.164434, -1.83286) (0.615537, 0.379744) (0, 0) (0.0105535, 2.33877) 
(-1.50106, 1.57141) (0, 0) (-0.177428, -1.84616) (0.632976, 0.348312) (0, 0) (0.0105155, 2.33761) 
(-1.53822, 1.62717) (0, 0) (-0.187354, -1.85854) (0.649965, 0.317836) (0, 0) (0.00610701, 2.32956) 
(-1.59373, 1.70419) (0, 0) (-0.198939, -1.87335) (0.675844, 0.268194) (0, 0) (0.00817147, 2.33267) 
(-1.64628, 1.74966) (0, 0) (-0.208342, -1.88506) (0.694526, 0.230954) (0, 0) (0.0101737, 2.33676) 
(-1.69342, 1.78144) (0, 0) (-0.213996, -1.89928) (0.714583, 0.193882) (0, 0) (0.0099649, 2.33632) 
(-1.74005, 1.81653) (0, 0) (-0.215625, -1.91425) (0.733584, 0.155366) (0, 0) (0.00957148, 2.33548) 
(-1.80351, 1.8609) (0, 0) (-0.219667, -1.92889) (0.758315, 0.109646) (0, 0) (0.00981173, 2.33608) 
(-1.86914, 1.89103) (0, 0) (-0.225175, -1.93833) (0.782859, 0.0700427) (0, 0) (0.009911, 2.33615) 
(-1.94346, 1.91274) (0, 0) (-0.232296, -1.94602) (0.811076, 0.0248984) (0, 0) (0.00971743, 2.3358) 
(-2.00468, 1.93489) (0, 0) (-0.241184, -1.95169) (0.840332, -0.0232052) (0, 0) (0.00975757, 2.33583) 
(-2.05153, 1.96351) (0, 0) (-0.247097, -1.95604) (0.86601, -0.065257) (0, 0) (0.00973912, 2.33602) 
(-2.10036, 2.00191) (0, 0) (-0.249788, -1.95977) (0.896256, -0.113124) (0, 0) (0.00968093, 2.33584) 
(-2.14274, 2.03237) (0, 0) (-0.250736, -1.95937) (0.921846, -0.155005) (0, 0) (0.00971842, 2.33586) 
(-2.18947, 2.06566) (0, 0) (-0.251805, -1.9557) (0.949312, -0.200083) (0, 0) (0.00965276, 2.33592) 
(-2.23211, 2.10378) (0, 0) (-0.253735, -1.95109) (0.974949, -0.24253) (0, 0) (0.00976788, 2.33583) 
(-2.28327, 2.14859) (0, 0) (-0.256354, -1.9487) (1.00644, -0.291996) (0, 0) (0.00968871, 2.33589) 
(-2.33115, 2.18693) (0, 0) (-0.257489, -1.95121) (1.03448, -0.336916) (0, 0) (0.00974437, 2.33585) 
(-2.37272, 2.2195) (0, 0) (-0.258491, -1.95557) (1.06278, -0.381992) (0, 0) (0.00972137, 2.33594) 
(-2.40547, 2.23944) (0, 0) (-0.258264, -1.96244) (1.09468, -0.434234) (0, 0) (0.00975155, 2.33587) 
(-2.41949, 2.24546) (0, 0) (-0.261006, -1.9663) (1.12092, -0.47516) (0, 0) (0.0096603, 2.33593) 
(-2.42176, 2.24753) (0, 0) (-0.26383, -1.97223) (1.14655, -0.51613) (0, 0) (0.00972643, 2.33581) 
(-2.40861, 2.24371) (0, 0) (-0.266509, -1.98338) (1.18042, -0.568934) (0, 0) (0.00973901, 2.33581) 
(-2.38891, 2.23592) (0, 0) (-0.269773, -1.99264) (1.20868, -0.613239) (0, 0) (0.00971501, 2.33585) 
(-2.36854, 2.2286) (0, 0) (-0.272547, -2.00139) (1.23885, -0.658337) (0, 0) (0.00970941, 2.33588) 
(-2.35563, 2.22267) (0, 0) (-0.275339, -2.00937) (1.26624, -0.69904) (0, 0) (0.00973527, 2.3358) 
(-2.34454, 2.21473) (0, 0) (-0.281173, -2.01651) (1.29317, -0.740248) (0, 0) (0.00970351, 2.33585) 
(-2.33567, 2.19977) (0, 0) (-0.287931, -2.02051) (1.31985, -0.781293) (0, 0) (0.00976225, 2.33585) 
(-2.3314, 2.17918) (0, 0) (-0.297599, -2.02378) (1.35503, -0.833654) (0, 0) (0.00972838, 2.33587) 
(-2.33319, 2.15852) (0, 0) (-0.308819, -2.02591) (1.38359, -0.874593) (0, 0) (0.00974557, 2.33584) 
(-2.33917, 2.13147) (0, 0) (-0.322539, -2.02758) (1.41711, -0.922948) (0, 0) (0.00973648, 2.33583) 
(-2.34736, 2.10909) (0, 0) (-0.336255, -2.02802) (1.44486, -0.963853) (0, 0) (0.00972773, 2.33583) 
(-2.35692, 2.07855) (0, 0) (-0.355032, -2.02418) (1.48128, -1.0144) (0, 0) (0.0096975, 2.33588) 
(-2.36119, 2.05651) (0, 0) (-0.364599, -2.01716) (1.51109, -1.05509) (0, 0) (0.00973319, 2.33579) 
(-2.36262, 2.04002) (0, 0) (-0.369334, -2.00607) (1.543, -1.09927) (0, 0) (0.00972366, 2.33582) 
(-2.36554, 2.03613) (0, 0) (-0.3669, -1.995) (1.57555, -1.14391) (0, 0) (0.00969879, 2.33582) 
(-2.36917, 2.0384) (0, 0) (-0.36052, -1.98729) (1.60559, -1.18282) (0, 0) (0.0096771, 2.33588) 
(-2.37054, 2.0414) (0, 0) (-0.355376, -1.97719) (1.64131, -1.22883) (0, 0) (0.00975256, 2.33578) 
(-2.37189, 2.04427) (0, 0) (-0.350145, -1.96776) (1.67137, -1.26771) (0, 0) (0.00975159, 2.33582) 
(-2.37163, 2.04457) (0, 0) (-0.33087, -1.95881) (1.71023, -1.31659) (0, 0) (0.00975251, 2.33582) 
(-2.37048, 2.04635) (0, 0) (-0.304886, -1.95346) (1.74161, -1.35379) (0, 0) (0.00973493, 2.33582) 
(-2.37578, 2.05011) (0, 0) (-0.26805, -1.95019) (1.77775, -1.3958) (0, 0) (0.00971132, 2.33578) 
(-2.37999, 2.05199) (0, 0) (-0.235603, -1.94935) (1.80919, -1.43099) (0, 0) (0.00972525, 2.33583) 
(-2.37856, 2.05096) (0, 0) (-0.212887, -1.94753) (1.83485, -1.46007) (0, 0) (0.00973983, 2.33583) 
(-2.37529, 2.05073) (0, 0) (-0.188829, -1.95631) (1.87292, -1.49952) (0, 0) (0.00966903, 2.33588) 
