(2.21469, -1.70659) (-1.90185, -1.57987) (0.0749116, 2.50945) (-2.12175, 1.80743) (1.90851, 1.90343) (0.100497, -2.03037) 
(2.21249, -1.70682) (-1.90114, -1.57813) (0.0749559, 2.50765) (-2.12178, 1.80741) (1.90851, 1.90343) (0.100427, -2.03036) 
(2.21072, -1.70748) (-1.90217, -1.57833) (0.0749285, 2.50544) (-2.11944, 1.80659) (1.90851, 1.90343) (0.0997941, -2.03066) 
(2.20859, -1.70859) (-1.90156, -1.57611) (0.0753601, 2.50268) (-2.08051, 1.77664) (1.90851, 1.90343) (0.100456, -1.98423) 
(2.2046, -1.70958) (-1.90141, -1.5711) (0.0764046, 2.49972) (-2.02906, 1.72648) (1.90851, 1.90343) (0.0970815, -1.91319) 
(2.19134, -1.71235) (-1.90026, -1.56275) (0.0787637, 2.49401) (-1.98666, 1.69658) (1.90851, 1.90343) (0.0993313, -1.863) 
(2.16764, -1.71542) (-1.89789, -1.55072) (0.0851846, 2.48657) (-1.94996, 1.6633) (1.90851, 1.90343) (0.0967633, -1.8158) 
(2.13557, -1.71896) (-1.8904, -1.5337) (0.0965898, 2.47501) (-1.91123, 1.63258) (1.90851, 1.90343) (0.0950838, -1.77237) 
(2.11032, -1.71797) (-1.88092, -1.51736) (0.106541, 2.46266) (-1.88221, 1.6112) (1.90851, 1.90343) (0.0922795, -1.73926) 
(2.07631, -1.70649) (-1.85681, -1.49169) (0.122398, 2.44284) (-1.84494, 1.58128) (1.90851, 1.90343) (0.0901469, -1.6897) 
(2.01697, -1.66207) (-1.79015, -1.4491) (0.152577, 2.4041) (-1.78117, 1.52835) (1.90851, 1.90343) (0.0878266, -1.60773) 
(1.98355, -1.62642) (-1.74353, -1.42838) (0.166787, 2.38462) (-1.75101, 1.50428) (1.90851, 1.90343) (0.0848773, -1.56559) 
(1.93013, -1.55048) (-1.65435, -1.39373) (0.188633, 2.35243) (-1.69881, 1.46356) (1.90851, 1.90343) (0.0822447, -1.49827) 
(1.89016, -1.47932) (-1.57526, -1.36811) (0.20003, 2.32628) (-1.6563, 1.42924) (1.90851, 1.90343) (0.081218, -1.44607) 
(1.84775, -1.40893) (-1.50398, -1.3416) (0.202826, 2.30459) (-1.61696, 1.39476) (1.90851, 1.90343) (0.0787765, -1.39477) 
(1.80201, -1.35208) (-1.4402, -1.30794) (0.199537, 2.28414) (-1.58187, 1.36557) (1.90851, 1.90343) (0.0757828, -1.34653) 
(1.75335, -1.3062) (-1.37827, -1.25951) (0.191251, 2.25727) (-1.53937, 1.33125) (1.90851, 1.90343) (0.0739058, -1.29158) 
(1.6998, -1.26178) (-1.30958, -1.19594) (0.178256, 2.21972) (-1.49166, 1.29334) (1.88592, 1.6549) (0.0717644, -1.23145) 
(1.66815, -1.24028) (-1.27332, -1.15895) (0.16906, 2.19575) (-1.46679, 1.27178) (1.89684, 1.64812) (0.0713714, -1.19885) 
(1.59489, -1.1991) (-1.19622, -1.07034) (0.145749, 2.13728) (-1.41335, 1.23048) (1.9224, 1.63906) (0.0683583, -1.12845) 
(1.52018, -1.1691) (-1.13249, -0.9806) (0.126337, 2.08568) (-1.36737, 1.19552) (1.94622, 1.63684) (0.0661226, -1.06534) 
(1.44843, -1.13966) (-1.06704, -0.89329) (0.112979, 2.03233) (-1.32646, 1.16642) (1.96162, 1.64091) (0.0641564, -1.00691) 
(1.39912, -1.11048) (-1.00367, -0.824726) (0.106986, 1.99051) (-1.29911, 1.13953) (1.97422, 1.6418) (0.0688558, -0.966766) 
(1.35322, -1.07583) (-0.928333, -0.757516) (0.104038, 1.94278) (-1.26228, 1.10634) (1.99017, 1.64131) (0.0800692, -0.916775) 
(1.3055, -1.0372) (-0.849309, -0.694738) (0.103702, 1.89432) (-1.23656, 1.07736) (2.00314, 1.63815) (0.0995607, -0.86657) 
(1.25266, -0.986651) (-0.760367, -0.63114) (0.108198, 1.84783) (-1.20621, 1.03829) (2.01883, 1.63237) (0.121339, -0.82467) 
(1.20898, -0.932722) (-0.671402, -0.571019) (0.119016, 1.80555) (-1.18064, 1.00463) (2.03105, 1.62487) (0.141602, -0.788171) 
(1.1744, -0.875285) (-0.588575, -0.5126) (0.130365, 1.77114) (-1.15335, 0.969306) (2.04164, 1.61681) (0.163133, -0.750405) 
(1.15051, -0.826321) (-0.528518, -0.469101) (0.137456, 1.74659) (-1.12798, 0.938257) (2.04949, 1.60892) (0.181422, -0.718038) 
(1.10111, -0.734312) (-0.440462, -0.388556) (0.146008, 1.71308) (-1.08108, 0.884569) (2.06036, 1.59067) (0.219364, -0.653605) 
(1.06622, -0.669959) (-0.387532, -0.331467) (0.150568, 1.69419) (-1.04852, 0.849017) (2.06571, 1.57974) (0.24427, -0.610478) 
(1.03679, -0.622683) (-0.34167, -0.275458) (0.155357, 1.68081) (-1.01872, 0.814201) (2.06948, 1.56947) (0.263862, -0.576545) 
(0.996022, -0.567144) (-0.282958, -0.193461) (0.162646, 1.66248) (-0.982829, 0.774308) (2.07188, 1.55282) (0.288064, -0.538778) 
(0.960207, -0.526022) (-0.230801, -0.108285) (0.170614, 1.64945) (-0.938293, 0.741607) (2.06952, 1.53511) (0.321257, -0.507967) 
(0.927758, -0.493093) (-0.186786, -0.0240842) (0.176625, 1.6346) (-0.896884, 0.708052) (2.06804, 1.51674) (0.356572, -0.484743) 
(0.895442, -0.459563) (-0.139068, 0.0605895) (0.177835, 1.61261) (-0.85464, 0.672307) (2.05764, 1.49133) (0.400736, -0.467741) 
(0.866029, -0.428067) (-0.0820729, 0.130838) (0.173407, 1.58468) (-0.816064, 0.637168) (2.04835, 1.4665) (0.436582, -0.460811) 
(0.844415, -0.392293) (-0.0221384, 0.191422) (0.166044, 1.55738) (-0.781896, 0.604425) (2.03824, 1.44086) (0.461285, -0.457292) 
(0.83368, -0.369033) (0.0170484, 0.225449) (0.160789, 1.53876) (-0.759289, 0.583798) (2.03195, 1.42533) (0.477163, -0.45299) 
(0.814109, -0.32465) (0.116664, 0.298742) (0.147945, 1.49318) (-0.710996, 0.534725) (2.0261, 1.39807) (0.518406, -0.450172) 
(0.80702, -0.308381) (0.18828, 0.339902) (0.137396, 1.46171) (-0.677123, 0.499783) (2.01407, 1.38198) (0.539984, -0.456334) 
(0.798705, -0.291327) (0.305025, 0.405507) (0.116403, 1.41233) (-0.633689, 0.455655) (1.9862, 1.35452) (0.571734, -0.470045) 
(0.795447, -0.278329) (0.391226, 0.462042) (0.09953, 1.36998) (-0.599027, 0.424129) (1.96325, 1.33378) (0.592931, -0.486369) 
(0.798137, -0.258999) (0.471411, 0.530452) (0.0828486, 1.32884) (-0.560484, 0.383482) (1.94021, 1.31876) (0.606491, -0.503873) 
(0.817174, -0.2354) (0.547022, 0.603567) (0.068645, 1.28918) (-0.51612, 0.341116) (1.9209, 1.29758) (0.616717, -0.52195) 
(0.856023, -0.212767) (0.617723, 0.678311) (0.0600443, 1.25031) (-0.47669, 0.303072) (1.90326, 1.27367) (0.624571, -0.544053) 
(0.910779, -0.192189) (0.68364, 0.755787) (0.0586619, 1.21059) (-0.442486, 0.264215) (1.88925, 1.24776) (0.630753, -0.569265) 
(0.966931, -0.173389) (0.742109, 0.83092) (0.062287, 1.17098) (-0.411543, 0.225162) (1.8837, 1.22694) (0.630731, -0.592726) 
(1.01126, -0.156831) (0.799518, 0.901648) (0.0688428, 1.13621) (-0.384437, 0.191359) (1.87643, 1.20866) (0.626744, -0.613269) 
(1.04484, -0.143148) (0.851459, 0.958122) (0.0772288, 1.10672) (-0.359701, 0.162244) (1.87475, 1.19244) (0.624865, -0.62905) 
(1.09279, -0.111365) (0.96803, 1.05231) (0.099638, 1.04613) (-0.309658, 0.121325) (1.86231, 1.16622) (0.622466, -0.659676) 
(1.10799, -0.0936534) (1.03103, 1.09598) (0.110963, 1.01339) (-0.282729, 0.101591) (1.84981, 1.14976) (0.623145, -0.66959) 
(1.12078, -0.0649108) (1.13552, 1.16055) (0.124454, 0.960417) (-0.231953, 0.0836365) (1.8248, 1.12825) (0.631983, -0.680179) 
(1.11938, -0.0408833) (1.21861, 1.21115) (0.129662, 0.922267) (-0.19405, 0.0732753) (1.80701, 1.11162) (0.637959, -0.688902) 
(1.1089, -0.016551) (1.3025, 1.26152) (0.131673, 0.89128) (-0.155195, 0.0639024) (1.78576, 1.10002) (0.645493, -0.706071) 
(1.09012, 0.0025752) (1.37371, 1.29923) (0.132703, 0.86612) (-0.113606, 0.0515096) (1.77378, 1.08415) (0.655373, -0.721302) 
(1.05759, 0.0206453) (1.44892, 1.34351) (0.131754, 0.838263) (-0.067453, 0.0382754) (1.75804, 1.06531) (0.660556, -0.742448) 
(1.02315, 0.0363032) (1.50928, 1.3877) (0.128071, 0.816089) (-0.0241446, 0.0242389) (1.75133, 1.04605) (0.659987, -0.755694) 
(0.990839, 0.0524222) (1.5607, 1.42262) (0.12192, 0.794519) (0.0138484, 0.0105654) (1.74441, 1.02808) (0.658646, -0.770714) 
(0.946989, 0.0809782) (1.64007, 1.48171) (0.109256, 0.762022) (0.0663328, -0.0117499) (1.74156, 1.00307) (0.652248, -0.792254) 
(0.92058, 0.111552) (1.70557, 1.53655) (0.0941676, 0.731667) (0.110468, -0.0315265) (1.74155, 0.980293) (0.642351, -0.810619) 
(0.902337, 0.149563) (1.77634, 1.5978) (0.0738444, 0.699329) (0.160988, -0.0570614) (1.7481, 0.961061) (0.631729, -0.821295) 
(0.890344, 0.196656) (1.8397, 1.65065) (0.0541141, 0.6718) (0.206763, -0.0814226) (1.75338, 0.945966) (0.621337, -0.830046) 
(0.884024, 0.249015) (1.89878, 1.69685) (0.0363531, 0.647977) (0.250891, -0.107527) (1.76297, 0.939236) (0.607952, -0.839536) 
(0.887873, 0.310326) (1.96579, 1.73713) (0.0208643, 0.624323) (0.303054, -0.137609) (1.76638, 0.925565) (0.591285, -0.847048) 
(0.899865, 0.367769) (2.02718, 1.76957) (0.0122424, 0.599611) (0.351716, -0.166104) (1.77152, 0.911887) (0.573532, -0.852622) 
(0.912726, 0.439297) (2.0989, 1.80373) (0.00901772, 0.569271) (0.406873, -0.198046) (1.77203, 0.895219) (0.549755, -0.856191) 
(0.919841, 0.505413) (2.16437, 1.82603) (0.0112631, 0.537006) (0.456267, -0.228396) (1.77155, 0.881066) (0.527753, -0.855614) 
(0.918463, 0.556682) (2.21861, 1.84103) (0.0161557, 0.509359) (0.498007, -0.254047) (1.76742, 0.86797) (0.511742, -0.854144) 
(0.902386, 0.62747) (2.28167, 1.86507) (0.0289774, 0.468528) (0.5591, -0.290826) (1.76043, 0.85087) (0.484746, -0.850811) 
(0.877796, 0.69031) (2.32484, 1.89165) (0.0455896, 0.435564) (0.611664, -0.321034) (1.75158, 0.837911) (0.461088, -0.848943) 
(0.847258, 0.741892) (2.35511, 1.91135) (0.0639815, 0.406134) (0.657597, -0.346566) (1.73898, 0.823345) (0.442083, -0.8458) 
(0.801894, 0.792316) (2.38354, 1.93423) (0.0826567, 0.373344) (0.707122, -0.374085) (1.71844, 0.807951) (0.419014, -0.840071) 
(0.753461, 0.843589) (2.40947, 1.96546) (0.0997876, 0.335509) (0.761463, -0.403623) (1.69975, 0.788718) (0.391093, -0.827901) 
(0.723547, 0.882385) (2.42499, 1.99147) (0.110805, 0.305577) (0.804897, -0.428398) (1.68523, 0.778897) (0.369316, -0.812381) 
(0.701532, 0.922714) (2.43632, 2.01836) (0.119606, 0.280281) (0.845957, -0.455843) (1.67029, 0.769163) (0.354092, -0.797423) 
(0.672079, 0.975317) (2.44068, 2.05225) (0.129515, 0.251602) (0.884293, -0.488177) (1.64394, 0.760692) (0.340789, -0.782909) 
(0.646968, 1.02845) (2.44289, 2.0834) (0.134862, 0.23159) (0.915258, -0.521188) (1.62155, 0.756335) (0.323081, -0.768006) 
(0.62858, 1.072) (2.44735, 2.10467) (0.13605, 0.219099) (0.936851, -0.547774) (1.60031, 0.756262) (0.307031, -0.752799) 
(0.59332, 1.16988) (2.45551, 2.13611) (0.134126, 0.195152) (0.986831, -0.603175) (1.55704, 0.749062) (0.273922, -0.724932) 
(0.563111, 1.25124) (2.46225, 2.1586) (0.129535, 0.172806) (1.02618, -0.646561) (1.51781, 0.744914) (0.247899, -0.704092) 
(0.522844, 1.31857) (2.46794, 2.17211) (0.119508, 0.150667) (1.06441, -0.685565) (1.48249, 0.740785) (0.222418, -0.684818) 
(0.473441, 1.38147) (2.46618, 2.17151) (0.103435, 0.124541) (1.10246, -0.723211) (1.4448, 0.737593) (0.194025, -0.665326) 
(0.410676, 1.43371) (2.46548, 2.16576) (0.0845032, 0.095321) (1.14105, -0.758465) (1.4064, 0.730901) (0.164416, -0.646412) 
(0.341142, 1.47104) (2.45923, 2.15781) (0.0646421, 0.0652206) (1.18315, -0.796211) (1.37396, 0.726652) (0.129967, -0.626414) 
(0.27612, 1.48835) (2.4524, 2.15402) (0.0488374, 0.0400742) (1.22221, -0.83195) (1.34323, 0.719669) (0.0973568, -0.611664) 
(0.193888, 1.494) (2.45546, 2.1442) (0.0370103, 0.0112824) (1.26942, -0.876353) (1.31036, 0.710185) (0.0684183, -0.602599) 
(0.124585, 1.49134) (2.46023, 2.13989) (0.0328944, -0.0127186) (1.31008, -0.913439) (1.28162, 0.700455) (0.0424939, -0.598736) 
(0.0669713, 1.49239) (2.472, 2.14482) (0.0316724, -0.032858) (1.34625, -0.947521) (1.25458, 0.683108) (0.0113503, -0.59411) 
(0.0191872, 1.50202) (2.48544, 2.15214) (0.0313121, -0.0493617) (1.3787, -0.978435) (1.23, 0.67203) (-0.0146189, -0.586305) 
(-0.0690775, 1.52212) (2.51664, 2.16241) (0.0354736, -0.0812929) (1.43908, -1.03824) (1.18761, 0.645441) (-0.053996, -0.572184) 
(-0.145686, 1.53717) (2.52908, 2.16739) (0.0446179, -0.104242) (1.48065, -1.08039) (1.15683, 0.631428) (-0.0728833, -0.553831) 
(-0.225665, 1.55449) (2.53254, 2.16757) (0.0587812, -0.13051) (1.5235, -1.12304) (1.11642, 0.617809) (-0.0953092, -0.531641) 
(-0.304459, 1.57988) (2.5322, 2.16558) (0.0756477, -0.16114) (1.56639, -1.16482) (1.07711, 0.604587) (-0.111749, -0.503772) 
(-0.389993, 1.60993) (2.52582, 2.16627) (0.094379, -0.196096) (1.60868, -1.20628) (1.04248, 0.597964) (-0.11767, -0.48276) 
(-0.479188, 1.63602) (2.51288, 2.17201) (0.114805, -0.232037) (1.65176, -1.24694) (1.00341, 0.582601) (-0.119314, -0.461434) 
(-0.565844, 1.6472) (2.49931, 2.17858) (0.132863, -0.270409) (1.69837, -1.29296) (0.96772, 0.56832) (-0.117845, -0.436039) 
(-0.6329, 1.64726) (2.47507, 2.18008) (0.14522, -0.303432) (1.74172, -1.33521) (0.938196, 0.549139) (-0.111738, -0.412255) 
(-0.693899, 1.6425) (2.45085, 2.17523) (0.154378, -0.327617) (1.77927, -1.36989) (0.910567, 0.528812) (-0.102541, -0.389904) 
(-0.749723, 1.634) (2.43522, 2.17132) (0.160651, -0.342316) (1.81257, -1.40233) (0.888141, 0.509846) (-0.0938299, -0.373157) 
(-0.830757, 1.61076) (2.41718, 2.16152) (0.167319, -0.352903) (1.86094, -1.44939) (0.856915, 0.475156) (-0.0944932, -0.366382) 
(-0.895454, 1.582) (2.39765, 2.14812) (0.169707, -0.355507) (1.89739, -1.48577) (0.830351, 0.445899) (-0.0951991, -0.36499) 
(-0.961761, 1.55785) (2.37104, 2.12819) (0.168758, -0.357168) (1.9145, -1.50058) (0.808355, 0.421699) (-0.0980802, -0.371452) 
(-1.02529, 1.54504) (2.34586, 2.10519) (0.164795, -0.354803) (1.91206, -1.49889) (0.787381, 0.397447) (-0.104996, -0.371213) 
(-1.09729, 1.53758) (2.32345, 2.07648) (0.157369, -0.354654) (1.90585, -1.49183) (0.766199, 0.3724) (-0.112856, -0.369017) 
(-1.16945, 1.53702) (2.31212, 2.05966) (0.15183, -0.354393) (1.9096, -1.49591) (0.746079, 0.349735) (-0.117674, -0.371506) 
(-1.24674, 1.54797) (2.30535, 2.055) (0.150077, -0.357421) (1.91315, -1.49964) (0.72876, 0.329834) (-0.12326, -0.370784) 
(-1.32471, 1.5671) (2.29948, 2.05653) (0.149292, -0.363153) (1.91205, -1.49781) (0.711433, 0.311516) (-0.130247, -0.37118) 
(-1.39875, 1.58575) (2.29609, 2.06137) (0.151477, -0.366979) (1.91255, -1.49859) (0.704467, 0.297011) (-0.131458, -0.364647) 
(-1.48982, 1.60991) (2.29026, 2.0688) (0.166145, -0.371061) (1.91239, -1.49814) (0.686456, 0.280075) (-0.108216, -0.336526) 
(-1.5541, 1.62139) (2.2818, 2.07221) (0.188746, -0.372133) (1.91229, -1.49808) (0.674013, 0.266165) (-0.0916188, -0.352002) 
(-1.60663, 1.62466) (2.27288, 2.07184) (0.22229, -0.3781) (1.91234, -1.49836) (0.661063, 0.256161) (-0.0918966, -0.342632) 
(-1.65503, 1.62426) (2.2643, 2.06974) (0.248996, -0.399204) (1.91243, -1.49815) (0.644072, 0.250434) (-0.104332, -0.339872) 
(-1.69745, 1.61974) (2.25475, 2.06822) (0.271264, -0.414897) (1.91236, -1.49814) (0.628223, 0.240868) (-0.131984, -0.327801) 
(-1.73204, 1.60955) (2.2529, 2.07266) (0.294826, -0.434114) (1.91233, -1.49815) (0.609093, 0.230704) (-0.125694, -0.319518) 
(-1.75925, 1.60499) (2.25179, 2.08052) (0.307472, -0.449125) (1.91232, -1.49824) (0.595609, 0.218071) (-0.129119, -0.317802) 
(-1.79293, 1.60823) (2.24924, 2.08877) (0.312821, -0.463703) (1.9124, -1.49816) (0.585273, 0.204424) (-0.140986, -0.304784) 
(-1.83886, 1.61861) (2.24828, 2.09937) (0.322468, -0.460508) (1.91236, -1.4981) (0.574442, 0.18965) (-0.140604, -0.265118) 
(-1.87487, 1.63199) (2.25085, 2.10363) (0.334785, -0.456735) (1.91232, -1.49818) (0.568159, 0.175565) (-0.15226, -0.251267) 
(-1.93935, 1.66082) (2.24157, 2.096) (0.346784, -0.466236) (1.91234, -1.49817) (0.559111, 0.157709) (-0.15848, -0.233624) 
(-2.00158, 1.68913) (2.24071, 2.09002) (0.346398, -0.47532) (1.91236, -1.49819) (0.551962, 0.147693) (-0.167613, -0.212506) 
(-2.05953, 1.71977) (2.25376, 2.08421) (0.348866, -0.489191) (1.91233, -1.49819) (0.542182, 0.134005) (-0.172168, -0.192311) 
(-2.09589, 1.74613) (2.25335, 2.07203) (0.347141, -0.515935) (1.91234, -1.49818) (0.530867, 0.121127) (-0.176368, -0.172569) 
(-2.11564, 1.7745) (2.25725, 2.06285) (0.336354, -0.544074) (1.91234, -1.49816) (0.518031, 0.10846) (-0.176029, -0.153754) 
(-2.1219, 1.80331) (2.25427, 2.05904) (0.332758, -0.557627) (1.91234, -1.49816) (0.505265, 0.0957886) (-0.180511, -0.13839) 
(-2.12079, 1.83752) (2.24476, 2.05909) (0.326806, -0.564347) (1.9124, -1.49807) (0.49012, 0.0805144) (-0.179404, -0.126826) 
(-2.11328, 1.87864) (2.23402, 2.05296) (0.320134, -0.564186) (1.91234, -1.49816) (0.477299, 0.0650709) (-0.162818, -0.102608) 
(-2.10179, 1.9213) (2.22087, 2.04749) (0.32161, -0.559747) (1.91234, -1.49818) (0.467038, 0.0521914) (-0.165621, -0.0949753) 
(-2.08849, 1.95599) (2.21876, 2.04728) (0.322069, -0.560246) (1.91236, -1.49816) (0.458291, 0.0423694) (-0.163141, -0.0989482) 
(-2.06131, 2.01603) (2.20932, 2.04269) (0.293204, -0.581668) (1.91232, -1.49818) (0.446017, 0.0272148) (-0.156409, -0.0872426) 
(-2.04489, 2.05374) (2.20375, 2.04214) (0.243083, -0.620771) (1.91231, -1.49816) (0.439335, 0.0192583) (-0.166542, -0.0875291) 
(-2.03662, 2.08981) (2.21258, 2.05109) (0.201871, -0.668491) (1.9123, -1.49819) (0.445412, 0.0121135) (-0.156134, -0.0763929) 
(-2.04004, 2.11351) (2.22426, 2.05817) (0.191406, -0.697402) (1.91234, -1.49815) (0.445499, 0.00396767) (-0.146263, -0.0619795) 
(-2.05709, 2.13605) (2.22576, 2.05435) (0.187791, -0.728495) (1.91237, -1.49805) (0.427353, -0.00947152) (-0.148989, -0.0625939) 
(-2.08443, 2.15399) (2.22649, 2.05477) (0.197732, -0.773287) (1.91242, -1.49802) (0.394221, -0.0334486) (-0.160873, -0.0678847) 
(-2.10876, 2.15925) (2.22301, 2.05914) (0.224926, -0.820539) (1.91231, -1.49816) (0.409275, -0.0201378) (-0.169515, -0.0576379) 
(-2.12088, 2.15657) (2.21895, 2.059) (0.239272, -0.850509) (1.91231, -1.49814) (0.410846, -0.0214832) (-0.16192, -0.0468537) 
(-2.13535, 2.14559) (2.21691, 2.05905) (0.254536, -0.881557) (1.91234, -1.49816) (0.416068, -0.0256849) (-0.136515, -0.00853252) 
(-2.14151, 2.13778) (2.21383, 2.06614) (0.261898, -0.89166) (1.91238, -1.49805) (0.416616, -0.0281163) (-0.113692, 0.0228151) 
(-2.14727, 2.12528) (2.20373, 2.08407) (0.268994, -0.901996) (1.91235, -1.49809) (0.411587, -0.0267477) (-0.097256, 0.0889649) 
(-2.15228, 2.10741) (2.18324, 2.10938) (0.264271, -0.909186) (1.91236, -1.49815) (0.412821, -0.0279698) (-0.109607, 0.125454) 
(-2.15491, 2.10131) (2.18164, 2.12378) (0.250119, -0.909598) (1.91235, -1.49805) (0.413084, -0.0266527) (-0.10492, 0.156739) 
(-2.15699, 2.10247) (2.18757, 2.14252) (0.234637, -0.922118) (1.91234, -1.49815) (0.422521, -0.0252324) (-0.10915, 0.20003) 
(-2.16077, 2.10716) (2.19128, 2.15336) (0.207717, -0.949644) (1.91232, -1.49808) (0.410713, -0.0439833) (-0.103838, 0.252248) 
(-2.15939, 2.10589) (2.18933, 2.15731) (0.172273, -0.981014) (1.91238, -1.49805) (0.383337, -0.0679069) (-0.102112, 0.295849) 
(-2.15638, 2.10543) (2.1811, 2.15889) (0.117746, -1.04271) (1.91233, -1.49819) (0.390908, -0.0728821) (-0.0999235, 0.34482) 
(-2.15438, 2.10695) (2.1773, 2.15978) (0.0508933, -1.14928) (1.91231, -1.49807) (0.410857, -0.0726054) (-0.0981401, 0.397727) 
(-2.15182, 2.10704) (2.18163, 2.16189) (-0.0021554, -1.25818) (1.9124, -1.498) (0.390671, -0.0861141) (-0.09717, 0.435008) 
(-2.15011, 2.1052) (2.18458, 2.16184) (-0.0569576, -1.38572) (1.91236, -1.49801) (0.383066, -0.100383) (-0.0959978, 0.493599) 
(-2.14959, 2.10235) (2.18506, 2.15519) (-0.10416, -1.51162) (1.91233, -1.49815) (0.369842, -0.105902) (-0.0945804, 0.5572) 
(-2.14708, 2.09919) (2.17894, 2.14676) (-0.146988, -1.61832) (1.9123, -1.49818) (0.348969, -0.119711) (-0.0948194, 0.612584) 
(-2.14652, 2.09721) (2.17569, 2.14465) (-0.167918, -1.68023) (1.91235, -1.49815) (0.321087, -0.126931) (-0.0938063, 0.66111) 
(-2.14935, 2.09833) (2.1754, 2.14193) (-0.177291, -1.70882) (1.9123, -1.49813) (0.300004, -0.138624) (-0.0910572, 0.707728) 
(-2.15476, 2.10079) (2.18289, 2.12843) (-0.180595, -1.73083) (1.91234, -1.49814) (0.267888, -0.153038) (-0.088681, 0.763744) 
(-2.16118, 2.1029) (2.19865, 2.11334) (-0.182603, -1.75711) (1.91233, -1.49808) (0.237295, -0.175637) (-0.0868231, 0.827599) 
(-2.16536, 2.10449) (2.2087, 2.10669) (-0.170079, -1.78551) (1.91212, -1.49841) (0.210634, -0.189681) (-0.0832639, 0.879022) 
(-2.16932, 2.10692) (2.21459, 2.10239) (-0.162959, -1.83882) (1.91217, -1.49833) (0.176237, -0.211242) (-0.0807269, 0.940142) 
(-2.17163, 2.10912) (2.21874, 2.10073) (-0.169098, -1.89686) (1.91217, -1.49835) (0.143839, -0.231935) (-0.0793394, 0.995502) 
(-2.17347, 2.11002) (2.2195, 2.0961) (-0.170036, -1.92053) (1.91214, -1.4984) (0.124844, -0.244343) (-0.0784386, 1.02885) 
(-2.17564, 2.11241) (2.22367, 2.08466) (-0.175528, -1.9282) (1.91217, -1.49833) (0.0701038, -0.276536) (-0.075976, 1.10824) 
(-2.17504, 2.11245) (2.21938, 2.08618) (-0.15974, -1.89627) (1.91215, -1.49838) (0.0362902, -0.296593) (-0.072165, 1.16109) 
(-2.17286, 2.11281) (2.21466, 2.08681) (-0.102749, -1.84925) (1.91215, -1.49835) (-0.0100421, -0.322999) (-0.0700901, 1.2217) 
(-2.17249, 2.11453) (2.21277, 2.08297) (-0.0361047, -1.8151) (1.91217, -1.49833) (-0.0526027, -0.347716) (-0.0665731, 1.27426) 
(-2.16986, 2.11463) (2.21529, 2.08046) (0.0468739, -1.78585) (1.9121, -1.49839) (-0.0976792, -0.373172) (-0.0643431, 1.32829) 
(-2.16583, 2.11459) (2.21769, 2.0839) (0.105975, -1.76317) (1.91215, -1.49838) (-0.142711, -0.401252) (-0.0604009, 1.38155) 
(-2.16216, 2.11669) (2.21827, 2.0824) (0.140451, -1.75474) (1.91217, -1.49832) (-0.188259, -0.429827) (-0.0575111, 1.43595) 
(-2.15987, 2.12117) (2.22217, 2.07738) (0.167688, -1.74867) (1.91215, -1.49833) (-0.237969, -0.461839) (-0.053612, 1.4962) 
(-2.158, 2.12479) (2.23024, 2.08354) (0.185013, -1.74591) (1.91218, -1.49832) (-0.280433, -0.487411) (-0.0511978, 1.54767) 
(-2.15844, 2.12813) (2.23649, 2.08761) (0.190533, -1.74903) (1.91215, -1.49834) (-0.318569, -0.51165) (-0.0467878, 1.59484) 
(-2.1624, 2.12882) (2.24585, 2.08253) (0.177087, -1.75662) (1.91214, -1.49834) (-0.376175, -0.545591) (-0.042183, 1.66427) 
(-2.16059, 2.12296) (2.24079, 2.07289) (0.163309, -1.75715) (1.91215, -1.49834) (-0.420638, -0.572131) (-0.0395072, 1.71457) 
(-2.16074, 2.11567) (2.23661, 2.05943) (0.143533, -1.76665) (1.91214, -1.49831) (-0.466805, -0.600247) (-0.0361012, 1.76839) 
(-2.1582, 2.10555) (2.23741, 2.0528) (0.122436, -1.76772) (1.91212, -1.49838) (-0.518765, -0.632082) (-0.0312852, 1.82786) 
(-2.15619, 2.09826) (2.2401, 2.04748) (0.101503, -1.77273) (1.91215, -1.49834) (-0.567409, -0.661096) (-0.0254171, 1.8828) 
(-2.15362, 2.09308) (2.2374, 2.04104) (0.0869427, -1.77331) (1.91215, -1.49833) (-0.610697, -0.687923) (-0.020973, 1.93365) 
(-2.1532, 2.08774) (2.23469, 2.03738) (0.07565, -1.7744) (1.91215, -1.49833) (-0.658198, -0.715512) (-0.016161, 1.99095) 
(-2.15419, 2.08236) (2.24032, 2.04212) (0.0639373, -1.77806) (1.91216, -1.49833) (-0.704831, -0.744752) (-0.0119929, 2.04888) 
(-2.15811, 2.08153) (2.245, 2.04656) (0.0551851, -1.78749) (1.91217, -1.49837) (-0.75296, -0.773281) (-0.00586452, 2.1085) 
(-2.16199, 2.08155) (2.24415, 2.0467) (0.0500146, -1.79374) (1.91215, -1.49834) (-0.783942, -0.79227) (-0.00169354, 2.14787) 
(-2.16679, 2.08015) (2.24185, 2.04597) (0.0443152, -1.79612) (1.91215, -1.49834) (-0.827097, -0.818959) (0.00344341, 2.19756) 
