(1.83566, -1.77859) (-2.36251, -1.4672) (0.0539713, 2.6772) (-2.18186, 2.02195) (1.79988, 1.81428) (-0.239057, -1.94806) 
(1.83641, -1.77845) (-2.36384, -1.46824) (0.0620779, 2.6778) (-2.18185, 2.02192) (1.79987, 1.81431) (-0.239042, -1.94807) 
(1.83773, -1.77871) (-2.36572, -1.4689) (0.0670292, 2.67797) (-2.18431, 2.02524) (1.79972, 1.81446) (-0.239564, -1.95314) 
(1.83929, -1.77901) (-2.36744, -1.46884) (0.0721042, 2.679) (-2.16089, 2.00448) (1.79788, 1.81325) (-0.2323, -1.92508) 
(1.84036, -1.77866) (-2.36904, -1.46774) (0.0775493, 2.67871) (-2.10354, 1.94071) (1.79076, 1.80767) (-0.232058, -1.84854) 
(1.83993, -1.77791) (-2.36978, -1.46715) (0.0823286, 2.67471) (-2.06889, 1.90846) (1.78464, 1.8017) (-0.225207, -1.79619) 
(1.83639, -1.77679) (-2.36787, -1.46839) (0.0903233, 2.66571) (-2.03733, 1.8776) (1.77559, 1.79481) (-0.222674, -1.75261) 
(1.82206, -1.77341) (-2.36086, -1.47232) (0.103524, 2.6446) (-1.99254, 1.83622) (1.76236, 1.7831) (-0.218369, -1.69669) 
(1.80099, -1.76747) (-2.35358, -1.47694) (0.112915, 2.62207) (-1.95599, 1.80093) (1.7524, 1.77333) (-0.21617, -1.64981) 
(1.76364, -1.75313) (-2.34201, -1.48252) (0.123741, 2.58732) (-1.91502, 1.76147) (1.73509, 1.75978) (-0.213553, -1.59238) 
(1.72923, -1.7307) (-2.3307, -1.48647) (0.128278, 2.55068) (-1.88398, 1.73167) (1.72331, 1.74828) (-0.210412, -1.54612) 
(1.69104, -1.69415) (-2.31451, -1.48982) (0.116427, 2.50804) (-1.84629, 1.6951) (1.70305, 1.73097) (-0.205787, -1.49007) 
(1.6445, -1.63795) (-2.29464, -1.4878) (0.0830418, 2.46046) (-1.80443, 1.65427) (1.67986, 1.71048) (-0.202263, -1.43169) 
(1.60115, -1.57151) (-2.27444, -1.48049) (0.0379287, 2.41058) (-1.76707, 1.6144) (1.65959, 1.69235) (-0.198888, -1.3788) 
(1.55419, -1.49286) (-2.25115, -1.4662) (-0.00523533, 2.36071) (-1.72945, 1.57914) (1.63537, 1.67115) (-0.193928, -1.32487) 
(1.50496, -1.41019) (-2.2222, -1.43988) (-0.0490466, 2.30435) (-1.69111, 1.54217) (1.61055, 1.64683) (-0.191185, -1.27003) 
(1.45889, -1.34321) (-2.18896, -1.39497) (-0.0826962, 2.23275) (-1.6484, 1.50005) (1.58314, 1.61591) (-0.187602, -1.21069) 
(1.41728, -1.29758) (-2.16064, -1.3434) (-0.0904268, 2.17422) (-1.61042, 1.46629) (1.56121, 1.58758) (-0.184527, -1.15999) 
(1.36354, -1.24908) (-2.1309, -1.27894) (-0.0871656, 2.11167) (-1.56911, 1.42755) (1.53884, 1.55891) (-0.180244, -1.10673) 
(1.30232, -1.20219) (-2.1088, -1.22523) (-0.0725136, 2.05588) (-1.53398, 1.39459) (1.51937, 1.53431) (-0.177545, -1.05816) 
(1.21222, -1.14537) (-2.08855, -1.17411) (-0.0421374, 1.98982) (-1.48954, 1.35389) (1.48494, 1.50232) (-0.173839, -0.997182) 
(1.12401, -1.09714) (-2.06396, -1.13743) (-0.0192318, 1.92858) (-1.45431, 1.31929) (1.45721, 1.4731) (-0.170894, -0.944836) 
(1.0206, -1.0369) (-2.02769, -1.09846) (-0.0114853, 1.86573) (-1.42159, 1.28138) (1.42786, 1.44296) (-0.1671, -0.8854) 
(0.943087, -0.982594) (-1.99015, -1.06027) (-0.0175666, 1.80908) (-1.39173, 1.23831) (1.40488, 1.41003) (-0.165723, -0.832356) 
(0.874154, -0.913551) (-1.94341, -1.0157) (-0.0281973, 1.75189) (-1.36642, 1.19413) (1.39372, 1.37876) (-0.166977, -0.794195) 
(0.82403, -0.852104) (-1.89796, -0.977932) (-0.0358416, 1.69241) (-1.34601, 1.155) (1.37675, 1.35221) (-0.174302, -0.753877) 
(0.777244, -0.784293) (-1.84993, -0.942342) (-0.0426106, 1.62466) (-1.32376, 1.10892) (1.35771, 1.31667) (-0.185987, -0.708192) 
(0.722158, -0.685698) (-1.78875, -0.896619) (-0.0636316, 1.53479) (-1.29675, 1.05813) (1.33348, 1.27552) (-0.196836, -0.65996) 
(0.676347, -0.602195) (-1.74559, -0.859184) (-0.086227, 1.47432) (-1.27147, 1.02427) (1.31503, 1.24084) (-0.200254, -0.622799) 
(0.61734, -0.509496) (-1.7023, -0.804269) (-0.109129, 1.40732) (-1.23922, 0.982932) (1.30333, 1.20831) (-0.206391, -0.576218) 
(0.570776, -0.447087) (-1.67459, -0.752717) (-0.120067, 1.34198) (-1.21289, 0.948252) (1.28138, 1.17993) (-0.210387, -0.539228) 
(0.513502, -0.377126) (-1.6473, -0.686613) (-0.11801, 1.27389) (-1.18572, 0.906212) (1.25572, 1.14399) (-0.205867, -0.50048) 
(0.465448, -0.319593) (-1.6296, -0.624537) (-0.107473, 1.21752) (-1.16182, 0.872265) (1.22808, 1.11733) (-0.195661, -0.462082) 
(0.405617, -0.256884) (-1.61429, -0.546343) (-0.0765785, 1.15664) (-1.1346, 0.835077) (1.19424, 1.07732) (-0.176598, -0.425434) 
(0.354797, -0.213998) (-1.60308, -0.480387) (-0.0357451, 1.11395) (-1.11551, 0.805404) (1.17034, 1.05008) (-0.164702, -0.403954) 
(0.28068, -0.156069) (-1.58727, -0.397503) (0.025219, 1.06799) (-1.09034, 0.767204) (1.14054, 1.01441) (-0.1509, -0.376705) 
(0.213541, -0.101979) (-1.57223, -0.326183) (0.0692808, 1.02906) (-1.06592, 0.728175) (1.11446, 0.978523) (-0.133034, -0.347683) 
(0.167654, -0.0551987) (-1.5557, -0.269592) (0.106554, 0.983664) (-1.04748, 0.692814) (1.09241, 0.950441) (-0.117177, -0.328886) 
(0.121228, -0.00714456) (-1.53832, -0.214788) (0.141268, 0.929711) (-1.03102, 0.656247) (1.07084, 0.923183) (-0.101021, -0.311724) 
(0.0626819, 0.0604781) (-1.51171, -0.139361) (0.187804, 0.86518) (-1.00489, 0.602935) (1.04824, 0.892258) (-0.0772984, -0.303149) 
(0.023024, 0.119069) (-1.48785, -0.0749086) (0.232405, 0.806753) (-0.985434, 0.560331) (1.0287, 0.867859) (-0.0570234, -0.295881) 
(-0.0178352, 0.192048) (-1.45853, -0.00253011) (0.284664, 0.732309) (-0.964668, 0.509728) (1.00907, 0.841216) (-0.0254855, -0.292732) 
(-0.0509994, 0.251265) (-1.43512, 0.0580604) (0.305631, 0.666302) (-0.945375, 0.460765) (0.991164, 0.822651) (-0.00734593, -0.295317) 
(-0.0914624, 0.299644) (-1.40917, 0.118291) (0.317194, 0.5811) (-0.922241, 0.404584) (0.977039, 0.799189) (0.00751429, -0.299667) 
(-0.145962, 0.343244) (-1.38265, 0.182818) (0.334883, 0.501103) (-0.894735, 0.352235) (0.968285, 0.777825) (0.02506, -0.304228) 
(-0.193418, 0.375341) (-1.36338, 0.238748) (0.354002, 0.453162) (-0.870142, 0.309468) (0.960307, 0.761713) (0.0457927, -0.306829) 
(-0.254269, 0.408036) (-1.34259, 0.313839) (0.382542, 0.404114) (-0.839098, 0.270312) (0.953708, 0.749024) (0.057188, -0.306259) 
(-0.311332, 0.429666) (-1.32217, 0.389034) (0.419807, 0.358098) (-0.809536, 0.234103) (0.943324, 0.734903) (0.0656831, -0.300514) 
(-0.363357, 0.442529) (-1.30364, 0.448691) (0.461169, 0.320156) (-0.786704, 0.209559) (0.934401, 0.725663) (0.0680339, -0.29607) 
(-0.425623, 0.457552) (-1.27647, 0.520057) (0.51977, 0.277819) (-0.753127, 0.162435) (0.91973, 0.715486) (0.0734634, -0.28947) 
(-0.462102, 0.468666) (-1.25884, 0.554072) (0.566835, 0.236442) (-0.73544, 0.134637) (0.906418, 0.709711) (0.0730241, -0.28333) 
(-0.496594, 0.484705) (-1.2418, 0.582439) (0.610632, 0.176039) (-0.720794, 0.0901174) (0.889534, 0.708201) (0.0730952, -0.278245) 
(-0.521336, 0.503525) (-1.22749, 0.591631) (0.634643, 0.112364) (-0.71569, 0.0519562) (0.870826, 0.707503) (0.0722725, -0.273555) 
(-0.548641, 0.53451) (-1.21402, 0.579888) (0.646263, 0.0487954) (-0.714532, 0.016026) (0.851803, 0.708932) (0.0701681, -0.267992) 
(-0.571969, 0.578211) (-1.20032, 0.554111) (0.65727, -0.0225305) (-0.71482, -0.0165797) (0.828347, 0.709325) (0.0687769, -0.262332) 
(-0.604635, 0.649484) (-1.17768, 0.513536) (0.663406, -0.105265) (-0.711373, -0.0513605) (0.804945, 0.709409) (0.0648594, -0.259149) 
(-0.640508, 0.730595) (-1.14925, 0.471518) (0.65733, -0.182455) (-0.706348, -0.0780217) (0.791906, 0.705379) (0.0619771, -0.250337) 
(-0.689018, 0.835713) (-1.10792, 0.418947) (0.640511, -0.285332) (-0.692048, -0.111462) (0.775981, 0.706136) (0.0571739, -0.237934) 
(-0.74401, 0.93223) (-1.06366, 0.380307) (0.638774, -0.370773) (-0.676658, -0.134304) (0.759701, 0.709066) (0.0509423, -0.233016) 
(-0.800437, 1.00677) (-1.00762, 0.354707) (0.651491, -0.444704) (-0.656678, -0.159826) (0.744297, 0.716636) (0.0455213, -0.229037) 
(-0.852529, 1.05474) (-0.95734, 0.350263) (0.666212, -0.504646) (-0.637439, -0.185861) (0.729265, 0.725701) (0.0392285, -0.220846) 
(-0.911634, 1.10261) (-0.894568, 0.367505) (0.68148, -0.582408) (-0.617248, -0.213364) (0.718364, 0.741075) (0.0324449, -0.207673) 
(-0.980029, 1.15648) (-0.827452, 0.405258) (0.696826, -0.670066) (-0.600247, -0.245929) (0.70027, 0.750516) (0.0258676, -0.192458) 
(-1.05907, 1.21379) (-0.760261, 0.455397) (0.700859, -0.75989) (-0.583993, -0.282074) (0.682379, 0.763169) (0.0182724, -0.178699) 
(-1.15311, 1.27518) (-0.682758, 0.518752) (0.68616, -0.843154) (-0.565531, -0.324863) (0.661172, 0.770971) (0.0151593, -0.169962) 
(-1.23839, 1.32467) (-0.622617, 0.567125) (0.652974, -0.899764) (-0.548954, -0.362567) (0.641752, 0.771622) (0.0131176, -0.166347) 
(-1.31846, 1.37505) (-0.555777, 0.605453) (0.614077, -0.95123) (-0.526149, -0.406249) (0.620919, 0.773045) (0.00580576, -0.158447) 
(-1.37593, 1.42061) (-0.499718, 0.631684) (0.584037, -0.999828) (-0.506596, -0.436407) (0.611992, 0.769857) (-0.00374794, -0.146942) 
(-1.44068, 1.47388) (-0.433734, 0.659358) (0.548861, -1.05743) (-0.482703, -0.469356) (0.597391, 0.771924) (-0.0184722, -0.136439) 
(-1.52113, 1.5413) (-0.3564, 0.688639) (0.501235, -1.11883) (-0.452424, -0.505673) (0.587596, 0.773713) (-0.040789, -0.123063) 
(-1.59303, 1.60703) (-0.286072, 0.718218) (0.453084, -1.16777) (-0.425359, -0.533575) (0.577373, 0.776803) (-0.0618876, -0.110883) 
(-1.65923, 1.67901) (-0.216945, 0.755828) (0.408292, -1.22273) (-0.393193, -0.566081) (0.569565, 0.780459) (-0.0859514, -0.0989502) 
(-1.74443, 1.75982) (-0.138868, 0.804169) (0.357988, -1.29214) (-0.354694, -0.601595) (0.560389, 0.786273) (-0.108226, -0.0802797) 
(-1.81902, 1.8136) (-0.0740511, 0.85834) (0.32107, -1.35462) (-0.318383, -0.632547) (0.551128, 0.798097) (-0.120088, -0.066436) 
(-1.9005, 1.85659) (-0.0134022, 0.918643) (0.269469, -1.42964) (-0.276717, -0.662887) (0.543057, 0.80854) (-0.131029, -0.0473921) 
(-1.96922, 1.88753) (0.0361427, 0.97292) (0.228498, -1.49696) (-0.243849, -0.677205) (0.537599, 0.821184) (-0.141554, -0.0248019) 
(-2.04042, 1.91365) (0.0840449, 1.0353) (0.193793, -1.56786) (-0.205926, -0.692122) (0.532827, 0.833642) (-0.152016, -0.00206496) 
(-2.13504, 1.9287) (0.14216, 1.1304) (0.14801, -1.6553) (-0.158707, -0.706374) (0.531717, 0.85217) (-0.168713, 0.0329464) 
(-2.19804, 1.92488) (0.179866, 1.19655) (0.115849, -1.71204) (-0.123704, -0.715003) (0.532037, 0.864247) (-0.178485, 0.0568539) 
(-2.25469, 1.91172) (0.235206, 1.2788) (0.0651357, -1.76389) (-0.0732012, -0.731887) (0.535749, 0.881194) (-0.195592, 0.0898853) 
(-2.27203, 1.91109) (0.277692, 1.32457) (0.0372014, -1.776) (-0.0432711, -0.743259) (0.539869, 0.891189) (-0.206413, 0.111482) 
(-2.2921, 1.92206) (0.343889, 1.37849) (-0.00475767, -1.78152) (-0.00143759, -0.763353) (0.546909, 0.904982) (-0.219758, 0.148501) 
(-2.3112, 1.93978) (0.417556, 1.42493) (-0.0502963, -1.77756) (0.0428339, -0.787154) (0.557477, 0.917264) (-0.231382, 0.189867) 
(-2.32877, 1.96077) (0.494551, 1.45918) (-0.0922299, -1.76557) (0.0852235, -0.810501) (0.569098, 0.927493) (-0.236958, 0.225479) 
(-2.34728, 1.99224) (0.595528, 1.4846) (-0.127998, -1.75545) (0.13605, -0.838713) (0.582072, 0.935629) (-0.239358, 0.25766) 
(-2.36661, 2.02342) (0.683459, 1.49773) (-0.151908, -1.75489) (0.179266, -0.860685) (0.593373, 0.940909) (-0.237397, 0.284082) 
(-2.3994, 2.05602) (0.792063, 1.52561) (-0.178736, -1.75951) (0.229055, -0.884594) (0.609905, 0.944715) (-0.234316, 0.323763) 
(-2.4256, 2.07638) (0.87697, 1.56013) (-0.191271, -1.77613) (0.274511, -0.905285) (0.623865, 0.945425) (-0.23028, 0.3678) 
(-2.44472, 2.10207) (0.967606, 1.6004) (-0.206911, -1.80296) (0.325295, -0.928084) (0.639936, 0.943328) (-0.223715, 0.41282) 
(-2.44912, 2.12463) (1.06604, 1.63957) (-0.227289, -1.84903) (0.385773, -0.955569) (0.656364, 0.938283) (-0.217152, 0.461832) 
(-2.44403, 2.14679) (1.14918, 1.6742) (-0.245218, -1.89014) (0.435951, -0.97773) (0.668905, 0.932798) (-0.210636, 0.498729) 
(-2.43026, 2.17626) (1.23653, 1.71357) (-0.274642, -1.93472) (0.488243, -1.00022) (0.680668, 0.925997) (-0.203194, 0.543257) 
(-2.41709, 2.20249) (1.3065, 1.74153) (-0.30758, -1.966) (0.532442, -1.0206) (0.689767, 0.917077) (-0.1973, 0.583155) 
(-2.3934, 2.23586) (1.39705, 1.77243) (-0.352218, -1.99126) (0.596193, -1.04996) (0.702127, 0.904178) (-0.186684, 0.648346) 
(-2.36657, 2.2654) (1.48305, 1.79349) (-0.380899, -2.00277) (0.657207, -1.0775) (0.709426, 0.889985) (-0.180418, 0.706899) 
(-2.34158, 2.28745) (1.55829, 1.80924) (-0.391, -2.01251) (0.707274, -1.09953) (0.71379, 0.876584) (-0.17491, 0.755207) 
(-2.32478, 2.3061) (1.64586, 1.82323) (-0.390586, -2.02553) (0.765778, -1.12545) (0.71692, 0.860697) (-0.167332, 0.814663) 
(-2.32025, 2.31361) (1.72307, 1.83241) (-0.381674, -2.04475) (0.814898, -1.14885) (0.715892, 0.845719) (-0.16022, 0.867103) 
(-2.32248, 2.31557) (1.80423, 1.83957) (-0.364599, -2.06573) (0.870498, -1.17297) (0.712337, 0.830299) (-0.155255, 0.92179) 
(-2.33012, 2.313) (1.88752, 1.8468) (-0.336038, -2.08006) (0.931448, -1.19982) (0.70521, 0.814081) (-0.147121, 0.979879) 
(-2.3435, 2.30694) (1.95473, 1.85803) (-0.307846, -2.08321) (0.982292, -1.22136) (0.697162, 0.801809) (-0.138437, 1.02942) 
(-2.36193, 2.29123) (2.02462, 1.87493) (-0.273634, -2.07514) (1.04158, -1.24667) (0.679135, 0.788179) (-0.12996, 1.08878) 
(-2.3791, 2.27299) (2.07492, 1.88994) (-0.245086, -2.05936) (1.09077, -1.26713) (0.664592, 0.777363) (-0.123881, 1.14121) 
(-2.39662, 2.25381) (2.12566, 1.90931) (-0.2156, -2.03762) (1.1443, -1.29021) (0.63768, 0.761723) (-0.115876, 1.19866) 
(-2.41177, 2.23751) (2.17812, 1.93627) (-0.187233, -2.01007) (1.20308, -1.31487) (0.611674, 0.744914) (-0.108029, 1.26005) 
(-2.42076, 2.22765) (2.22303, 1.9626) (-0.172933, -1.99084) (1.25251, -1.33519) (0.587658, 0.728661) (-0.1016, 1.31164) 
(-2.42515, 2.2214) (2.27636, 1.99021) (-0.168397, -1.98286) (1.30687, -1.35741) (0.563538, 0.708831) (-0.0955729, 1.36761) 
(-2.42334, 2.21828) (2.32188, 2.02469) (-0.17445, -1.98691) (1.36554, -1.3819) (0.531847, 0.684451) (-0.0890747, 1.42853) 
(-2.41926, 2.21838) (2.35155, 2.05424) (-0.183657, -1.9949) (1.41523, -1.40226) (0.504134, 0.660587) (-0.0837916, 1.47996) 
(-2.41415, 2.21988) (2.37184, 2.09778) (-0.201307, -2.00795) (1.47428, -1.42463) (0.470243, 0.633476) (-0.0745141, 1.53804) 
(-2.41147, 2.22232) (2.37854, 2.12964) (-0.21645, -2.01791) (1.51909, -1.44184) (0.443418, 0.608687) (-0.0687553, 1.58459) 
(-2.40893, 2.22571) (2.375, 2.17192) (-0.233091, -2.02523) (1.57286, -1.46202) (0.40964, 0.580851) (-0.0605, 1.64142) 
(-2.40859, 2.22738) (2.35649, 2.22261) (-0.251406, -2.0332) (1.63111, -1.48393) (0.371628, 0.5484) (-0.0525033, 1.70505) 
(-2.41016, 2.22793) (2.33226, 2.26613) (-0.268648, -2.04112) (1.68045, -1.50103) (0.336866, 0.519414) (-0.0450959, 1.75861) 
(-2.41215, 2.22773) (2.31259, 2.31073) (-0.286955, -2.04929) (1.73098, -1.51854) (0.297145, 0.486352) (-0.0378202, 1.8173) 
(-2.41479, 2.22714) (2.29696, 2.34666) (-0.300707, -2.05503) (1.78541, -1.5357) (0.253248, 0.448289) (-0.0278125, 1.88075) 
(-2.41735, 2.22613) (2.28584, 2.37587) (-0.308478, -2.05821) (1.8346, -1.55101) (0.208191, 0.410124) (-0.0191135, 1.94236) 
(-2.42021, 2.22504) (2.28254, 2.39346) (-0.313161, -2.05576) (1.87687, -1.56264) (0.17048, 0.378248) (-0.0121014, 1.99375) 
(-2.42299, 2.22536) (2.2878, 2.3993) (-0.315599, -2.05124) (1.8944, -1.56966) (0.134918, 0.345946) (-0.00503522, 2.04674) 
(-2.42956, 2.23271) (2.31119, 2.39293) (-0.311685, -2.03988) (1.88976, -1.56732) (0.0897314, 0.306234) (0.00433564, 2.1148) 
(-2.43343, 2.23892) (2.33644, 2.37585) (-0.301351, -2.03179) (1.8859, -1.56634) (0.0525089, 0.273991) (0.0114409, 2.16326) 
(-2.4344, 2.24295) (2.35982, 2.35391) (-0.292429, -2.02967) (1.89157, -1.56742) (0.0152097, 0.242338) (0.0168828, 2.2123) 
(-2.43356, 2.2471) (2.38225, 2.32625) (-0.291658, -2.03882) (1.89371, -1.56821) (-0.0284947, 0.205442) (0.0234094, 2.2639) 
(-2.43308, 2.25011) (2.39883, 2.30621) (-0.295497, -2.05525) (1.89297, -1.56807) (-0.0702356, 0.169313) (0.0298744, 2.31476) 
(-2.4328, 2.25183) (2.41726, 2.2965) (-0.29651, -2.07251) (1.8934, -1.56796) (-0.110064, 0.136598) (0.0312405, 2.33043) 
(-2.4323, 2.25326) (2.44344, 2.29682) (-0.298347, -2.09177) (1.89323, -1.56802) (-0.154267, 0.0981891) (0.0310051, 2.32596) 
(-2.4309, 2.25427) (2.45997, 2.30275) (-0.298991, -2.10721) (1.89316, -1.56808) (-0.190192, 0.0668667) (0.030233, 2.32079) 
(-2.42925, 2.25539) (2.46891, 2.30823) (-0.300667, -2.12163) (1.89318, -1.568) (-0.235916, 0.028524) (0.0310571, 2.32617) 
(-2.42847, 2.25604) (2.46971, 2.31417) (-0.298142, -2.13059) (1.89315, -1.56797) (-0.279702, -0.0091009) (0.0312305, 2.32882) 
(-2.42797, 2.2559) (2.46404, 2.32259) (-0.293054, -2.13415) (1.89316, -1.56799) (-0.325528, -0.0485869) (0.031014, 2.32738) 
(-2.42741, 2.2563) (2.45364, 2.33073) (-0.288767, -2.13479) (1.89317, -1.56803) (-0.363375, -0.0798523) (0.0310014, 2.32722) 
(-2.42743, 2.25682) (2.44073, 2.33626) (-0.286869, -2.13494) (1.89315, -1.56799) (-0.398934, -0.11041) (0.0310867, 2.32748) 
(-2.42785, 2.25646) (2.425, 2.34275) (-0.285135, -2.12926) (1.89313, -1.56796) (-0.44079, -0.148059) (0.0311363, 2.32778) 
(-2.42766, 2.25557) (2.41504, 2.34979) (-0.280621, -2.12257) (1.89314, -1.56799) (-0.48265, -0.184645) (0.0311328, 2.32784) 
(-2.42729, 2.25353) (2.41149, 2.35488) (-0.277768, -2.12277) (1.89314, -1.56799) (-0.528095, -0.225257) (0.0311348, 2.32781) 
(-2.42632, 2.25032) (2.40816, 2.35674) (-0.278122, -2.12273) (1.89315, -1.568) (-0.566867, -0.26065) (0.031145, 2.3278) 
(-2.42522, 2.2468) (2.40453, 2.35791) (-0.282294, -2.12249) (1.89311, -1.56798) (-0.612191, -0.299222) (0.0311293, 2.32782) 
(-2.4232, 2.24234) (2.40147, 2.35928) (-0.284701, -2.12129) (1.89313, -1.56798) (-0.652225, -0.331703) (0.031145, 2.32782) 
(-2.42013, 2.23599) (2.39934, 2.36076) (-0.282106, -2.11814) (1.89312, -1.56798) (-0.69447, -0.368514) (0.0311471, 2.32782) 
(-2.41658, 2.23208) (2.39681, 2.36048) (-0.278401, -2.11577) (1.89312, -1.56799) (-0.741302, -0.406886) (0.0311167, 2.32779) 
(-2.41304, 2.22925) (2.39569, 2.35934) (-0.277645, -2.1148) (1.89313, -1.56797) (-0.779598, -0.440869) (0.0311474, 2.32782) 
(-2.40661, 2.22371) (2.39349, 2.35815) (-0.278751, -2.1137) (1.89314, -1.56799) (-0.820216, -0.477021) (0.0311617, 2.32781) 
(-2.39673, 2.21987) (2.38723, 2.35798) (-0.279836, -2.11341) (1.89313, -1.56798) (-0.865909, -0.519208) (0.03114, 2.32781) 
(-2.39191, 2.22054) (2.38517, 2.35961) (-0.281078, -2.11251) (1.89312, -1.56797) (-0.904587, -0.553547) (0.0311552, 2.32782) 
(-2.3882, 2.22662) (2.38377, 2.36173) (-0.284938, -2.10856) (1.89314, -1.56799) (-0.948357, -0.591931) (0.031133, 2.3278) 
(-2.38916, 2.22863) (2.38507, 2.36248) (-0.290902, -2.10359) (1.89311, -1.56797) (-0.994704, -0.633672) (0.0311303, 2.32781) 
(-2.39193, 2.22815) (2.38763, 2.36233) (-0.29551, -2.10046) (1.89312, -1.56797) (-1.03426, -0.666739) (0.0311391, 2.32781) 
(-2.40365, 2.23032) (2.39149, 2.36129) (-0.29863, -2.09893) (1.89309, -1.56797) (-1.08326, -0.710279) (0.0311394, 2.32781) 
(-2.41655, 2.23526) (2.39566, 2.35998) (-0.29896, -2.09726) (1.89311, -1.56798) (-1.12188, -0.743335) (0.0311356, 2.3278) 
(-2.42665, 2.23886) (2.40309, 2.35647) (-0.298378, -2.0956) (1.89311, -1.56797) (-1.16741, -0.784804) (0.0311151, 2.32781) 
(-2.43164, 2.23835) (2.40814, 2.35495) (-0.298571, -2.09496) (1.89311, -1.56798) (-1.20601, -0.8186) (0.0311448, 2.32781) 
(-2.43456, 2.23615) (2.41343, 2.35567) (-0.298403, -2.09506) (1.89312, -1.56797) (-1.25113, -0.858791) (0.0311237, 2.32781) 
(-2.43574, 2.23429) (2.41774, 2.35739) (-0.297963, -2.09587) (1.89309, -1.56796) (-1.2962, -0.897151) (0.0311291, 2.3278) 
(-2.43565, 2.23334) (2.4203, 2.35846) (-0.297746, -2.09701) (1.89311, -1.56796) (-1.33242, -0.928706) (0.0311317, 2.32781) 
(-2.43485, 2.23348) (2.42344, 2.35988) (-0.293465, -2.0996) (1.89311, -1.56796) (-1.38453, -0.975109) (0.0311513, 2.32782) 
(-2.43376, 2.23452) (2.42564, 2.36114) (-0.282763, -2.10182) (1.8931, -1.56796) (-1.42325, -1.01048) (0.0311247, 2.3278) 
(-2.43253, 2.23568) (2.42932, 2.36117) (-0.269433, -2.10187) (1.89309, -1.56797) (-1.46356, -1.04735) (0.0311369, 2.3278) 
(-2.43191, 2.23609) (2.43139, 2.36035) (-0.265893, -2.10171) (1.89311, -1.56796) (-1.5103, -1.09105) (0.0311484, 2.32781) 
(-2.43114, 2.23646) (2.4308, 2.36087) (-0.266266, -2.10371) (1.89309, -1.56796) (-1.5535, -1.12938) (0.0311401, 2.3278) 
(-2.42942, 2.2355) (2.42966, 2.36113) (-0.266073, -2.10597) (1.89311, -1.56796) (-1.60256, -1.17173) (0.0311607, 2.3278) 
(-2.42872, 2.23448) (2.42725, 2.36016) (-0.267427, -2.10671) (1.89311, -1.56796) (-1.64351, -1.20907) (0.0311447, 2.3278) 
(-2.4292, 2.23371) (2.42522, 2.35912) (-0.272245, -2.1054) (1.8931, -1.56797) (-1.69056, -1.2509) (0.0311352, 2.3278) 
(-2.43005, 2.23286) (2.42492, 2.35828) (-0.274763, -2.10513) (1.89311, -1.56795) (-1.7306, -1.28623) (0.0311395, 2.3278) 
(-2.43042, 2.23169) (2.4261, 2.35776) (-0.27562, -2.10633) (1.89311, -1.56795) (-1.77359, -1.32391) (0.0311312, 2.32779) 
(-2.43033, 2.231) (2.42882, 2.35629) (-0.274853, -2.10725) (1.89309, -1.56796) (-1.8138, -1.36093) (0.031116, 2.3278) 
(-2.43008, 2.23074) (2.42845, 2.35563) (-0.274286, -2.10701) (1.89311, -1.56796) (-1.85955, -1.40247) (0.0311408, 2.3278) 
(-2.43059, 2.23093) (2.42874, 2.35477) (-0.273427, -2.10759) (1.89309, -1.56796) (-1.90193, -1.44071) (0.0311278, 2.32779) 
(-2.43091, 2.23147) (2.43069, 2.35265) (-0.271381, -2.10942) (1.89311, -1.56796) (-1.93847, -1.474) (0.0311346, 2.32778) 
