(2.49303, 1.92147) (0.196104, 0.474307) (2.2842, -1.89366) (-2.29624, 2.07726) (-2.97537, 2.2455) (-2.00354, -1.62145) 
(2.49055, 1.90881) (0.196104, 0.474307) (2.28457, -1.92063) (-2.29623, 2.0773) (-2.97537, 2.2455) (-2.00357, -1.62145) 
(2.4904, 1.90138) (0.196104, 0.474307) (2.26913, -1.93696) (-2.29664, 2.07945) (-2.97537, 2.2455) (-2.00357, -1.62146) 
(2.49235, 1.8977) (0.196104, 0.474307) (2.25389, -1.94905) (-2.2931, 2.08094) (-2.97537, 2.2455) (-2.00357, -1.62143) 
(2.49834, 1.89623) (0.196104, 0.474307) (2.23891, -1.96718) (-2.28055, 2.08208) (-2.97537, 2.2455) (-2.00354, -1.62144) 
(2.50241, 1.89396) (0.196104, 0.474307) (2.22868, -1.98572) (-2.26901, 2.08306) (-2.97537, 2.2455) (-2.00356, -1.62144) 
(2.50143, 1.88972) (0.196104, 0.474307) (2.21916, -2.01021) (-2.25502, 2.08317) (-2.97537, 2.2455) (-2.00355, -1.62144) 
(2.49484, 1.88672) (0.196104, 0.474307) (2.2115, -2.02788) (-2.24129, 2.08334) (-2.97537, 2.2455) (-2.00356, -1.62144) 
(2.47838, 1.88641) (0.196104, 0.474307) (2.19949, -2.04228) (-2.22535, 2.0828) (-2.97537, 2.2455) (-2.00356, -1.62146) 
(2.46491, 1.8889) (0.196104, 0.474307) (2.19306, -2.05148) (-2.21351, 2.08308) (-2.97537, 2.2455) (-2.00357, -1.62145) 
(2.44237, 1.89655) (0.196104, 0.474307) (2.18074, -2.0685) (-2.1954, 2.08285) (-2.97537, 2.2455) (-2.00358, -1.62145) 
(2.38917, 1.92313) (0.196104, 0.474307) (2.12003, -2.08439) (-2.15029, 2.0822) (-2.97537, 2.2455) (-2.00355, -1.62146) 
(2.35234, 1.94849) (0.196104, 0.474307) (2.08162, -2.07702) (-2.12422, 2.08247) (-2.97537, 2.2455) (-2.00354, -1.62147) 
(2.2978, 1.99116) (0.196104, 0.474307) (2.04364, -2.05711) (-2.08468, 2.08349) (-2.97537, 2.2455) (-2.00356, -1.62144) 
(2.27466, 2.00942) (0.196104, 0.474307) (2.03022, -2.04501) (-2.06577, 2.08307) (-2.97537, 2.2455) (-2.00357, -1.62144) 
(2.21626, 2.05307) (0.196104, 0.474307) (1.99218, -1.99977) (-2.02197, 2.08276) (-2.97537, 2.2455) (-2.00355, -1.62145) 
(2.15981, 2.09147) (0.196104, 0.474307) (1.9411, -1.94286) (-1.97408, 2.0823) (-2.97537, 2.2455) (-2.00357, -1.62145) 
(2.11003, 2.11871) (0.196104, 0.474307) (1.89717, -1.89602) (-1.9248, 2.08226) (-2.97537, 2.2455) (-2.00352, -1.62145) 
(2.09038, 2.12661) (0.196104, 0.474307) (1.88188, -1.88071) (-1.9081, 2.08145) (-2.97537, 2.2455) (-2.00354, -1.62143) 
(2.03879, 2.14204) (0.196104, 0.474307) (1.84829, -1.85437) (-1.85542, 2.08158) (-2.97537, 2.2455) (-2.00355, -1.62146) 
(1.96608, 2.15057) (0.196104, 0.474307) (1.81697, -1.83845) (-1.7922, 2.08107) (-2.97537, 2.2455) (-2.00356, -1.62143) 
(1.91006, 2.14963) (0.196104, 0.474307) (1.79166, -1.83441) (-1.74976, 2.08023) (-2.97537, 2.2455) (-2.00355, -1.62145) 
(1.85577, 2.14165) (0.196104, 0.474307) (1.76639, -1.84162) (-1.69655, 2.07903) (-2.97537, 2.2455) (-2.00354, -1.62146) 
(1.81536, 2.13158) (0.196104, 0.474307) (1.74701, -1.85221) (-1.6585, 2.079) (-2.97537, 2.2455) (-2.00354, -1.62144) 
(1.72641, 2.10871) (0.196104, 0.474307) (1.71063, -1.88748) (-1.582, 2.07963) (-2.97537, 2.2455) (-2.00357, -1.62144) 
(1.66286, 2.09845) (0.196104, 0.474307) (1.68552, -1.92507) (-1.52659, 2.07944) (-2.97537, 2.2455) (-2.00356, -1.62144) 
(1.6115, 2.09596) (0.196104, 0.474307) (1.6566, -1.94632) (-1.48036, 2.08012) (-2.97537, 2.2455) (-2.00357, -1.62145) 
(1.54124, 2.1003) (0.196104, 0.474307) (1.61164, -1.95769) (-1.41589, 2.08031) (-2.97537, 2.2455) (-2.00355, -1.62146) 
(1.51167, 2.10396) (0.196104, 0.474307) (1.59831, -1.95369) (-1.38837, 2.08018) (-2.97537, 2.2455) (-2.00355, -1.62145) 
(1.43086, 2.12197) (0.196104, 0.474307) (1.60259, -1.93262) (-1.31458, 2.07949) (-2.97537, 2.2455) (-2.00355, -1.62144) 
(1.37447, 2.14284) (0.196104, 0.474307) (1.61654, -1.90586) (-1.26428, 2.07981) (-2.97537, 2.2455) (-2.00354, -1.62145) 
(1.28939, 2.1816) (0.196104, 0.474307) (1.63713, -1.87649) (-1.19435, 2.07928) (-2.97537, 2.2455) (-2.00356, -1.62144) 
(1.23575, 2.20539) (0.196104, 0.474307) (1.6445, -1.85691) (-1.14698, 2.07947) (-2.97537, 2.2455) (-2.00357, -1.62143) 
(1.17326, 2.22722) (0.196104, 0.474307) (1.64925, -1.82809) (-1.09247, 2.07785) (-2.97537, 2.2455) (-2.00356, -1.62144) 
(1.11441, 2.23689) (0.196104, 0.474307) (1.65188, -1.8053) (-1.04162, 2.07648) (-2.97537, 2.2455) (-2.00355, -1.62144) 
(1.05926, 2.23538) (0.196104, 0.474307) (1.66722, -1.7936) (-0.989049, 2.0731) (-2.97537, 2.2455) (-2.00357, -1.62144) 
(1.00372, 2.22147) (0.196104, 0.474307) (1.70698, -1.78751) (-0.932444, 2.07004) (-2.97537, 2.2455) (-2.00355, -1.62145) 
(0.954424, 2.19701) (0.196104, 0.474307) (1.75126, -1.79839) (-0.878576, 2.06601) (-2.97537, 2.2455) (-2.00355, -1.62145) 
(0.900805, 2.1596) (0.196104, 0.474307) (1.80078, -1.82353) (-0.824225, 2.06068) (-2.97537, 2.2455) (-2.00355, -1.62145) 
(0.848865, 2.1212) (0.196104, 0.474307) (1.8383, -1.85555) (-0.775069, 2.05342) (-2.97537, 2.2455) (-2.00355, -1.62145) 
(0.805463, 2.09175) (0.196104, 0.474307) (1.8481, -1.88712) (-0.737459, 2.04865) (-2.97537, 2.2455) (-2.00354, -1.62144) 
(0.756181, 2.067) (0.196104, 0.474307) (1.86054, -1.89912) (-0.700051, 2.05043) (-2.97537, 2.2455) (-2.00356, -1.62145) 
(0.712607, 2.05671) (0.196104, 0.474307) (1.89367, -1.89138) (-0.656916, 2.056) (-2.97537, 2.2455) (-2.00355, -1.62145) 
(0.665179, 2.05969) (0.196104, 0.474307) (1.94942, -1.88144) (-0.605619, 2.06938) (-2.97537, 2.2455) (-2.00356, -1.62144) 
(0.61774, 2.07821) (0.196104, 0.474307) (1.99409, -1.85575) (-0.56447, 2.08537) (-2.97537, 2.2455) (-2.00357, -1.62145) 
(0.579221, 2.10782) (0.196104, 0.474307) (2.02346, -1.82608) (-0.536592, 2.09767) (-2.97537, 2.2455) (-2.00355, -1.62144) 
(0.539858, 2.15636) (0.196104, 0.474307) (2.04609, -1.77763) (-0.499829, 2.11826) (-2.97537, 2.2455) (-2.00355, -1.62146) 
(0.510557, 2.20625) (0.196104, 0.474307) (2.06177, -1.72296) (-0.462106, 2.14126) (-2.97537, 2.2455) (-2.00356, -1.62145) 
(0.479951, 2.26525) (0.196104, 0.474307) (2.07156, -1.66217) (-0.423905, 2.16222) (-2.97537, 2.2455) (-2.00354, -1.62146) 
(0.460959, 2.30561) (0.196104, 0.474307) (2.05908, -1.6122) (-0.392935, 2.17052) (-2.97537, 2.2455) (-2.00357, -1.62145) 
(0.437776, 2.3488) (0.196104, 0.474307) (2.0498, -1.56004) (-0.348498, 2.17862) (-2.97537, 2.2455) (-2.00355, -1.62145) 
(0.414321, 2.37472) (0.196104, 0.474307) (2.03485, -1.51023) (-0.304655, 2.179) (-2.97537, 2.2455) (-2.00354, -1.62147) 
(0.391996, 2.38839) (0.196104, 0.474307) (2.01449, -1.47428) (-0.27324, 2.17632) (-2.97537, 2.2455) (-2.00356, -1.62146) 
(0.358287, 2.40299) (0.196104, 0.474307) (1.99541, -1.43398) (-0.232497, 2.16587) (-2.97537, 2.2455) (-2.00354, -1.62146) 
(0.322416, 2.41239) (0.196104, 0.474307) (1.96812, -1.40417) (-0.216298, 2.16704) (-2.97537, 2.2455) (-2.00356, -1.62146) 
(0.288418, 2.42002) (0.196104, 0.474307) (1.93815, -1.39195) (-0.220691, 2.16152) (-2.97537, 2.2455) (-2.00357, -1.62145) 
(0.259103, 2.42811) (0.196104, 0.474307) (1.91074, -1.37805) (-0.222193, 2.16645) (-2.97537, 2.2455) (-2.00351, -1.62147) 
(0.215734, 2.43955) (0.196104, 0.474307) (1.88405, -1.3512) (-0.219761, 2.16248) (-2.97537, 2.2455) (-2.00356, -1.62146) 
(0.189236, 2.4444) (0.196104, 0.474307) (1.87709, -1.33534) (-0.218251, 2.16378) (-2.97537, 2.2455) (-2.00353, -1.62146) 
(0.143536, 2.45014) (0.196104, 0.474307) (1.87989, -1.30775) (-0.220064, 2.16275) (-2.97537, 2.2455) (-2.00357, -1.62145) 
(0.0649729, 2.46358) (0.196104, 0.474307) (1.91375, -1.2619) (-0.220161, 2.16248) (-2.97537, 2.2455) (-2.00356, -1.62145) 
(0.0185271, 2.47626) (0.196104, 0.474307) (1.93596, -1.22495) (-0.220067, 2.16291) (-2.97537, 2.2455) (-2.00352, -1.62146) 
(-0.0182851, 2.4921) (0.196104, 0.474307) (1.95745, -1.17993) (-0.220153, 2.16296) (-2.97537, 2.2455) (-2.00358, -1.62145) 
(-0.0429844, 2.50521) (0.196104, 0.474307) (1.97039, -1.14978) (-0.220172, 2.16284) (-2.97537, 2.2455) (-2.00354, -1.62147) 
(-0.0994663, 2.53773) (0.196104, 0.474307) (1.99306, -1.11036) (-0.220194, 2.16283) (-2.97537, 2.2455) (-2.00354, -1.62146) 
(-0.132589, 2.55841) (0.196104, 0.474307) (2.01102, -1.11365) (-0.220204, 2.16292) (-2.97537, 2.2455) (-2.00354, -1.62146) 
(-0.1763, 2.58933) (0.196104, 0.474307) (2.02966, -1.13328) (-0.220164, 2.16284) (-2.97537, 2.2455) (-2.00354, -1.62145) 
(-0.226749, 2.6268) (0.196104, 0.474307) (2.04144, -1.16512) (-0.220031, 2.1629) (-2.97537, 2.2455) (-2.00353, -1.62145) 
(-0.248355, 2.64203) (0.196104, 0.474307) (2.04565, -1.18191) (-0.220071, 2.16291) (-2.97537, 2.2455) (-2.00355, -1.62145) 
(-0.321813, 2.68882) (0.196104, 0.474307) (2.06125, -1.25242) (-0.22009, 2.16291) (-2.97537, 2.2455) (-2.00353, -1.62146) 
(-0.368595, 2.71984) (0.196104, 0.474307) (2.07824, -1.32149) (-0.220079, 2.1629) (-2.97537, 2.2455) (-2.00355, -1.62147) 
(-0.41082, 2.74794) (0.196104, 0.474307) (2.08982, -1.39775) (-0.220031, 2.16294) (-2.97537, 2.2455) (-2.00355, -1.62144) 
(-0.434856, 2.7625) (0.196104, 0.474307) (2.08521, -1.43314) (-0.220109, 2.16294) (-2.97537, 2.2455) (-2.00359, -1.62145) 
(-0.454464, 2.77364) (0.196104, 0.474307) (2.0643, -1.46973) (-0.220099, 2.16294) (-2.97537, 2.2455) (-2.00358, -1.62144) 
(-0.454338, 2.77356) (0.196104, 0.474307) (2.04606, -1.50072) (-0.220078, 2.16294) (-2.97537, 2.2455) (-2.00355, -1.62146) 
(-0.454338, 2.77356) (-2.11196, 0.407797) (2.01169, -1.52771) (-0.220051, 2.16295) (-2.97537, 2.2455) (-2.00357, -1.62144) 
(-0.454338, 2.77356) (-2.09618, 0.35382) (1.98147, -1.54072) (-0.220094, 2.16295) (-2.97537, 2.2455) (-2.00356, -1.62144) 
(-0.454338, 2.77356) (-2.09618, 0.353815) (1.93647, -1.54654) (-0.220101, 2.16294) (-2.97537, 2.2455) (-2.0036, -1.62141) 
(-0.454338, 2.77356) (-2.09618, 0.353815) (1.86489, -1.54493) (-0.220088, 2.16296) (-2.97537, 2.2455) (-2.00358, -1.62144) 
(-0.454338, 2.77356) (-2.09618, 0.353815) (1.76752, -1.53681) (-0.220073, 2.16295) (-2.97537, 2.2455) (-2.00359, -1.62143) 
(-0.454338, 2.77356) (-2.09618, 0.353815) (1.68241, -1.53098) (-0.220089, 2.16295) (-2.97537, 2.2455) (-2.00358, -1.62145) 
(-0.454338, 2.77356) (-2.09618, 0.353815) (1.5958, -1.53613) (-0.220086, 2.16293) (-2.97537, 2.2455) (-2.00357, -1.62142) 
(-0.454338, 2.77356) (-2.09618, 0.353815) (1.53969, -1.54569) (-0.22008, 2.16294) (-2.97537, 2.2455) (-2.0036, -1.62142) 
(-0.454338, 2.77356) (-2.09618, 0.353815) (1.53973, -1.54573) (-0.22008, 2.16294) (-2.97537, 2.2455) (-2.0036, -1.62142) 
(-0.454338, 2.77356) (-2.09618, 0.353815) (1.3755, -1.61106) (-0.220096, 2.16294) (-2.97537, 2.2455) (-2.00357, -1.62145) 
(-0.454338, 2.77356) (-2.09618, 0.353815) (1.28878, -1.66036) (-0.220091, 2.16296) (-2.97537, 2.2455) (-2.00358, -1.62144) 
(-0.454338, 2.77356) (-2.09618, 0.353815) (1.224, -1.70623) (-0.220069, 2.16294) (-2.97537, 2.2455) (-2.00358, -1.62146) 
(-0.454338, 2.77356) (-2.09618, 0.353815) (1.13452, -1.76685) (-0.220117, 2.16294) (-2.97537, 2.2455) (-2.0036, -1.62146) 
(-0.454338, 2.77356) (-2.09618, 0.353815) (1.04732, -1.80668) (-0.220117, 2.16292) (-2.97537, 2.2455) (-2.00358, -1.62146) 
(-0.454338, 2.77356) (-2.09618, 0.353815) (0.974065, -1.82347) (-0.220122, 2.16295) (-2.97537, 2.2455) (-2.00357, -1.62148) 
(-0.454338, 2.77356) (-2.09618, 0.353815) (0.888512, -1.83538) (-0.22013, 2.1629) (-2.97537, 2.2455) (-2.00356, -1.62146) 
(-0.40584, 2.72261) (-2.09618, 0.353815) (0.779811, -1.8444) (-0.220102, 2.16295) (-2.97537, 2.2455) (-2.00357, -1.62147) 
(-0.375862, 2.69335) (-2.09618, 0.353815) (0.697181, -1.84261) (-0.220125, 2.16294) (-2.97537, 2.2455) (-2.00357, -1.62148) 
(-0.375739, 2.69323) (-2.09618, 0.353815) (0.697209, -1.84251) (-0.220125, 2.16294) (-2.97537, 2.2455) (-2.00357, -1.62148) 
(-0.375739, 2.69323) (-2.09618, 0.353815) (0.697209, -1.84251) (-0.220125, 2.16294) (-2.97537, 2.2455) (-2.00357, -1.62148) 
(-0.290797, 2.56807) (-2.09618, 0.353815) (0.368914, -1.82331) (-0.220141, 2.16291) (-2.97537, 2.2455) (-2.00356, -1.62145) 
(-0.27475, 2.52136) (-2.09618, 0.353815) (0.272989, -1.84244) (-0.22023, 2.16286) (-2.97537, 2.2455) (-2.00359, -1.62145) 
(-0.270198, 2.47493) (-2.09618, 0.353815) (0.182537, -1.86405) (-0.220265, 2.16287) (-2.97537, 2.2455) (-2.00358, -1.62146) 
(-0.268998, 2.45246) (-2.09618, 0.353815) (0.132109, -1.87802) (-0.220227, 2.16286) (-2.97537, 2.2455) (-2.00357, -1.62146) 
(-0.273889, 2.42651) (-2.09618, 0.353815) (0.075974, -1.89742) (-0.22023, 2.16287) (-2.97537, 2.2455) (-2.0036, -1.62144) 
(-0.299242, 2.34721) (-2.09618, 0.353815) (-0.0729384, -1.96676) (-0.220252, 2.16287) (-2.97537, 2.2455) (-2.00361, -1.62142) 
(-0.319942, 2.29251) (-2.09618, 0.353815) (-0.176767, -2.01235) (-0.220259, 2.16285) (-2.97537, 2.2455) (-2.00362, -1.6214) 
(-0.339029, 2.24558) (-2.09618, 0.353815) (-0.283536, -2.06152) (-0.220226, 2.16288) (-2.97537, 2.2455) (-2.00364, -1.62139) 
(-0.350962, 2.2112) (-2.09618, 0.353815) (-0.361759, -2.08957) (-0.220251, 2.16286) (-2.97537, 2.2455) (-2.00358, -1.62141) 
(-0.368911, 2.18632) (-2.09618, 0.353815) (-0.483107, -2.11019) (-0.220269, 2.16287) (-2.97537, 2.2455) (-2.00361, -1.62142) 
(-0.378372, 2.17924) (-2.09618, 0.353815) (-0.587655, -2.12999) (-0.220186, 2.1629) (-2.97537, 2.2455) (-2.00363, -1.62143) 
(-0.381934, 2.17489) (-2.09618, 0.353815) (-0.678721, -2.14012) (-0.220146, 2.16291) (-2.97537, 2.2455) (-2.00362, -1.62142) 
(-0.380247, 2.16242) (-2.09618, 0.353815) (-0.78382, -2.13236) (-0.220187, 2.16293) (-2.97537, 2.2455) (-2.00363, -1.62143) 
(-0.380342, 2.15901) (-2.09618, 0.353815) (-0.827613, -2.12684) (-0.220146, 2.16293) (-2.97537, 2.2455) (-2.00364, -1.62146) 
(-0.380801, 2.15872) (-2.09618, 0.353815) (-0.846447, -2.12505) (-0.22015, 2.16292) (-2.97537, 2.2455) (-2.00395, -1.62165) 
(-0.383942, 2.15111) (-2.09618, 0.353815) (-1.09722, -2.12693) (-0.220184, 2.16294) (-2.97537, 2.2455) (-2.00609, -1.62106) 
(-0.381618, 2.14147) (-2.09618, 0.353815) (-1.16212, -2.1371) (-0.220179, 2.16291) (-2.97537, 2.2455) (-2.00981, -1.62182) 
(-0.371757, 2.12708) (-2.09618, 0.353815) (-1.23735, -2.15454) (-0.220072, 2.16296) (-2.97537, 2.2455) (-2.01854, -1.62137) 
(-0.358283, 2.11578) (-2.09618, 0.353815) (-1.29847, -2.17625) (-0.21981, 2.16306) (-2.97537, 2.2455) (-2.01446, -1.62178) 
(-0.361418, 2.11134) (-2.09618, 0.353815) (-1.36334, -2.2048) (-0.220273, 2.16284) (-2.97537, 2.2455) (-2.00674, -1.62199) 
(-0.352219, 2.11701) (-2.09618, 0.353815) (-1.42828, -2.23899) (-0.220282, 2.16288) (-2.97537, 2.2455) (-2.00342, -1.62178) 
(-0.345063, 2.10547) (-2.09618, 0.353815) (-1.48055, -2.26854) (-0.22025, 2.16289) (-2.97537, 2.2455) (-2.00401, -1.6219) 
(-0.333246, 2.0758) (-2.09618, 0.353815) (-1.5425, -2.28531) (-0.220272, 2.16286) (-2.97537, 2.2455) (-2.00392, -1.62184) 
(-0.324279, 2.06269) (-2.09618, 0.353815) (-1.59038, -2.28609) (-0.220269, 2.16286) (-2.97537, 2.2455) (-2.00367, -1.62187) 
(-0.317912, 2.05561) (-2.09618, 0.353815) (-1.65469, -2.27681) (-0.220235, 2.16288) (-2.97537, 2.2455) (-2.00419, -1.6218) 
(-0.315505, 2.05091) (-2.09618, 0.353815) (-1.70168, -2.26312) (-0.220304, 2.16286) (-2.97537, 2.2455) (-2.00447, -1.62186) 
(-0.309849, 2.05565) (-2.09618, 0.353815) (-1.76538, -2.23808) (-0.220254, 2.16289) (-2.97537, 2.2455) (-2.0038, -1.62147) 
(-0.294653, 2.07341) (-2.09618, 0.353815) (-1.82273, -2.20881) (-0.21995, 2.16296) (-2.97537, 2.2455) (-2.00414, -1.62185) 
(-0.294613, 2.07352) (-2.09618, 0.353815) (-1.82276, -2.2087) (-0.219949, 2.16296) (-2.97537, 2.2455) (-2.00414, -1.62186) 
(-0.287437, 2.08195) (-2.09618, 0.353815) (-1.9813, -2.14104) (-0.218733, 2.16325) (-2.97537, 2.2455) (-2.00704, -1.62179) 
(-0.303472, 2.09904) (-2.09618, 0.353815) (-2.05521, -2.1286) (-0.220026, 2.16285) (-2.97537, 2.2455) (-2.01178, -1.62153) 
(-0.306731, 2.12369) (-2.09618, 0.353815) (-2.12392, -2.11679) (-0.21916, 2.16318) (-2.97537, 2.2455) (-2.01219, -1.62191) 
(-0.306883, 2.13865) (-2.09618, 0.353815) (-2.18527, -2.11104) (-0.219279, 2.16314) (-2.97537, 2.2455) (-2.00927, -1.62261) 
(-0.313846, 2.15602) (-2.09618, 0.353815) (-2.2679, -2.10638) (-0.220052, 2.16292) (-2.97537, 2.2455) (-2.00232, -1.62125) 
(-0.328569, 2.17608) (-2.09618, 0.353815) (-2.35496, -2.09928) (-0.217878, 2.16376) (-2.97537, 2.2455) (-2.00367, -1.62163) 
(-0.329897, 2.18811) (-2.09618, 0.353815) (-2.42341, -2.08828) (-0.218329, 2.1641) (-2.97537, 2.2455) (-2.00312, -1.62166) 
(-0.329839, 2.1948) (-2.09618, 0.353815) (-2.50882, -2.07261) (-0.22092, 2.16551) (-2.97537, 2.2455) (-2.00338, -1.62168) 
(-0.329081, 2.19724) (-2.09618, 0.353815) (-2.57521, -2.03832) (-0.224917, 2.16656) (-2.97537, 2.2455) (-2.00371, -1.62156) 
(-0.327438, 2.19553) (-2.09618, 0.353815) (-2.61779, -2.00845) (-0.224828, 2.16732) (-2.97537, 2.2455) (-2.00359, -1.62177) 
(-0.331478, 2.19282) (-2.09618, 0.353815) (-2.65093, -1.96969) (-0.228368, 2.16874) (-2.97537, 2.2455) (-2.00264, -1.62156) 
(-0.337277, 2.19117) (-2.09618, 0.353815) (-2.66847, -1.94178) (-0.227765, 2.16953) (-2.97537, 2.2455) (-2.00304, -1.62182) 
(-0.344494, 2.18874) (-2.09618, 0.353815) (-2.68759, -1.904) (-0.232238, 2.16471) (-2.97537, 2.2455) (-2.00292, -1.62176) 
(-0.356694, 2.18933) (-2.09618, 0.353815) (-2.70049, -1.87393) (-0.24234, 2.16286) (-2.97537, 2.2455) (-2.00271, -1.62188) 
(-0.36775, 2.19378) (-2.09618, 0.353815) (-2.71116, -1.85198) (-0.255105, 2.16243) (-2.97537, 2.2455) (-2.00316, -1.62179) 
(-0.380004, 2.1992) (-2.09618, 0.353815) (-2.71898, -1.82961) (-0.27233, 2.16104) (-2.97537, 2.2455) (-2.00313, -1.62195) 
(-0.414828, 2.21693) (-2.09618, 0.353815) (-2.71273, -1.78137) (-0.319571, 2.15312) (-2.97537, 2.2455) (-2.00289, -1.6219) 
(-0.45062, 2.2439) (-2.09618, 0.353815) (-2.68712, -1.74261) (-0.362518, 2.1488) (-2.97537, 2.2455) (-2.0034, -1.62166) 
(-0.490647, 2.27495) (-2.09618, 0.353815) (-2.65009, -1.70383) (-0.410933, 2.1458) (-2.97537, 2.2455) (-2.00331, -1.62167) 
(-0.535249, 2.30362) (-2.09618, 0.353815) (-2.59169, -1.66437) (-0.461613, 2.14508) (-2.97537, 2.2455) (-2.00293, -1.6218) 
(-0.644062, 2.35983) (-2.09618, 0.353815) (-2.43991, -1.63083) (-0.578827, 2.142) (-2.97537, 2.2455) (-2.00637, -1.62133) 
(-0.728113, 2.39435) (-2.09618, 0.353815) (-2.35511, -1.64388) (-0.667318, 2.14252) (-2.97537, 2.2455) (-2.00639, -1.62132) 
(-0.815595, 2.42713) (-2.09618, 0.353815) (-2.29125, -1.66009) (-0.759304, 2.14879) (-2.97537, 2.2455) (-2.00639, -1.62132) 
(-0.916717, 2.46258) (-2.09618, 0.353815) (-2.24041, -1.67224) (-0.893825, 2.16213) (-2.97537, 2.2455) (-2.00639, -1.62132) 
(-0.971101, 2.48085) (-2.09618, 0.353815) (-2.21946, -1.66751) (-0.984064, 2.17345) (-2.97537, 2.2455) (-2.00639, -1.62132) 
(-1.01045, 2.48833) (-2.09618, 0.353815) (-2.21564, -1.65855) (-1.05684, 2.18506) (-2.97537, 2.2455) (-2.00639, -1.62132) 
(-1.01024, 2.48823) (-2.09618, 0.353815) (-2.21584, -1.65855) (-1.05661, 2.18505) (-2.97537, 2.2455) (-2.00639, -1.62132) 
(-1.14058, 2.48992) (-2.09618, 0.353815) (-2.288, -1.60978) (-1.30658, 2.23223) (-2.97537, 2.2455) (-2.00639, -1.62132) 
(-1.1886, 2.48568) (-2.09618, 0.353815) (-2.34087, -1.59791) (-1.38867, 2.24658) (-2.97537, 2.2455) (-2.00639, -1.62132) 
(-1.25228, 2.4749) (-2.09618, 0.353815) (-2.40964, -1.59428) (-1.47704, 2.26045) (-2.97537, 2.2455) (-2.00639, -1.62132) 
(-1.35222, 2.45222) (-2.09618, 0.353815) (-2.50895, -1.60431) (-1.58487, 2.27459) (-2.97537, 2.2455) (-2.00639, -1.62132) 
(-1.44169, 2.44071) (-2.09618, 0.353815) (-2.58686, -1.6193) (-1.67041, 2.27966) (-2.97537, 2.2455) (-2.00333, -1.62163) 
(-1.50945, 2.43939) (-2.09618, 0.353815) (-2.64414, -1.63095) (-1.73276, 2.28225) (-2.97537, 2.2455) (-2.00333, -1.62182) 
(-1.60032, 2.44406) (-2.09618, 0.353815) (-2.69789, -1.64234) (-1.81166, 2.27956) (-2.97537, 2.2455) (-2.00357, -1.62154) 
(-1.6549, 2.44757) (-2.09618, 0.353815) (-2.71917, -1.647) (-1.85247, 2.27653) (-2.97537, 2.2455) (-2.00365, -1.62162) 
(-1.78228, 2.4469) (-2.09618, 0.353815) (-2.75204, -1.65562) (-1.93359, 2.26525) (-2.97537, 2.2455) (-2.00356, -1.62165) 
(-1.88826, 2.43272) (-2.09618, 0.353815) (-2.76423, -1.65869) (-1.99487, 2.25195) (-2.97537, 2.2455) (-2.00362, -1.62165) 
(-1.9697, 2.40636) (-2.09618, 0.353815) (-2.7709, -1.66051) (-2.04744, 2.23409) (-2.97537, 2.2455) (-2.00322, -1.62156) 
(-2.02749, 2.378) (-2.09618, 0.353815) (-2.77491, -1.66126) (-2.08826, 2.21934) (-2.97537, 2.2455) (-2.00394, -1.62173) 
(-2.06542, 2.35316) (-2.09618, 0.353815) (-2.77701, -1.66132) (-2.11942, 2.20791) (-2.97537, 2.2455) (-2.00351, -1.62162) 
(-2.11217, 2.31828) (-2.09618, 0.353815) (-2.77898, -1.66053) (-2.1603, 2.18535) (-2.97537, 2.2455) (-2.00332, -1.62272) 
(-2.15989, 2.28682) (-2.09618, 0.353815) (-2.7796, -1.65878) (-2.18475, 2.16323) (-2.97537, 2.2455) (-2.00376, -1.62112) 
(-2.20366, 2.25641) (-2.09618, 0.353815) (-2.77876, -1.65582) (-2.20474, 2.14471) (-2.97537, 2.2455) (-2.00358, -1.62173) 
(-2.25799, 2.22266) (-2.09618, 0.353815) (-2.77655, -1.65146) (-2.23094, 2.12195) (-2.97537, 2.2455) (-2.00378, -1.62184) 
(-2.29644, 2.19897) (-2.09618, 0.353815) (-2.77511, -1.64883) (-2.24295, 2.11211) (-2.97537, 2.2455) (-2.00376, -1.62151) 
(-2.34777, 2.15835) (-2.09618, 0.353815) (-2.77328, -1.64596) (-2.25512, 2.09849) (-2.97537, 2.2455) (-2.00358, -1.62192) 
(-2.38215, 2.12774) (-2.09618, 0.353815) (-2.77309, -1.64483) (-2.26454, 2.0716) (-2.97537, 2.2455) (-2.00411, -1.62195) 
(-2.40178, 2.10744) (-2.09618, 0.353815) (-2.7743, -1.64553) (-2.26429, 2.06087) (-2.97537, 2.2455) (-2.00466, -1.62185) 
(-2.4179, 2.08551) (-2.09618, 0.353815) (-2.77776, -1.64753) (-2.26134, 2.05825) (-2.97537, 2.2455) (-2.00275, -1.62131) 
(-2.4268, 2.06673) (-2.09618, 0.353815) (-2.78122, -1.65012) (-2.25737, 2.05006) (-2.97537, 2.2455) (-2.00348, -1.62149) 
(-2.43072, 2.05496) (-2.09618, 0.353815) (-2.7839, -1.65225) (-2.25506, 2.04638) (-2.97537, 2.2455) (-2.00315, -1.62155) 
(-2.43167, 2.04542) (-2.09618, 0.353815) (-2.78644, -1.65506) (-2.24576, 2.04238) (-2.97537, 2.2455) (-2.00302, -1.62143) 
(-2.42982, 2.04237) (-2.09618, 0.353815) (-2.78817, -1.65795) (-2.24504, 2.04163) (-2.97537, 2.2455) (-2.00307, -1.62138) 
(-2.42816, 2.04375) (-2.09618, 0.353815) (-2.78921, -1.66031) (-2.24567, 2.04259) (-2.97537, 2.2455) (-2.00297, -1.62133) 
(-2.42392, 2.04417) (-2.09618, 0.353815) (-2.78971, -1.66266) (-2.24634, 2.04337) (-2.97537, 2.2455) (-2.00321, -1.62137) 
(-2.42216, 2.04615) (-2.09618, 0.353815) (-2.78947, -1.66344) (-2.24634, 2.04337) (-2.97537, 2.2455) (-2.0032, -1.62132) 
(-2.42009, 2.06568) (-2.09618, 0.353815) (-2.78786, -1.66646) (-2.24605, 2.04289) (-2.97537, 2.2455) (-2.00315, -1.62135) 
(-2.42174, 2.08787) (-2.09618, 0.353815) (-2.78501, -1.66766) (-2.24576, 2.04294) (-2.97537, 2.2455) (-2.00316, -1.62137) 
(-2.42537, 2.10157) (-2.09618, 0.353815) (-2.78102, -1.66785) (-2.24619, 2.04292) (-2.97537, 2.2455) (-2.00308, -1.62139) 
(-2.4245, 2.10887) (-2.09618, 0.353815) (-2.77515, -1.66815) (-2.2469, 2.04234) (-2.97537, 2.2455) (-2.00311, -1.62141) 
(-2.40206, 2.13034) (-2.09618, 0.353815) (-2.7699, -1.66803) (-2.24645, 2.04246) (-2.97537, 2.2455) (-2.00319, -1.62141) 
(-2.3872, 2.18453) (-2.09618, 0.353815) (-2.76484, -1.66837) (-2.24453, 2.04332) (-2.97537, 2.2455) (-2.00327, -1.62142) 
(-2.36694, 2.23931) (-2.09618, 0.353815) (-2.76067, -1.66872) (-2.24459, 2.04333) (-2.97537, 2.2455) (-2.0033, -1.62144) 
(-2.33065, 2.2989) (-2.09618, 0.353815) (-2.75656, -1.66932) (-2.24677, 2.04257) (-2.97537, 2.2455) (-2.00336, -1.62141) 
(-2.30346, 2.32464) (-2.09618, 0.353815) (-2.75466, -1.67014) (-2.24572, 2.04284) (-2.97537, 2.2455) (-2.00348, -1.62144) 
(-2.24936, 2.36773) (-2.09618, 0.353815) (-2.75136, -1.67113) (-2.2457, 2.04311) (-2.97537, 2.2455) (-2.00358, -1.62185) 
(-2.19133, 2.40363) (-2.09618, 0.353815) (-2.74832, -1.67142) (-2.24606, 2.04314) (-2.97537, 2.2455) (-2.00311, -1.6217) 
(-2.1454, 2.42639) (-2.09618, 0.353815) (-2.74662, -1.67174) (-2.24522, 2.04326) (-2.97537, 2.2455) (-2.0037, -1.62183) 
(-2.11491, 2.44509) (-2.09618, 0.353815) (-2.7462, -1.672) (-2.24524, 2.04325) (-2.97537, 2.2455) (-2.00379, -1.62199) 
(-2.08869, 2.47618) (-2.09618, 0.353815) (-2.74662, -1.67296) (-2.24523, 2.04327) (-2.97537, 2.2455) (-2.00379, -1.62151) 
(-2.06155, 2.5219) (-2.09618, 0.353815) (-2.74849, -1.67487) (-2.24526, 2.04324) (-2.97537, 2.2455) (-2.00347, -1.62157) 
(-2.0433, 2.54525) (-2.09618, 0.353815) (-2.75043, -1.67643) (-2.24526, 2.04323) (-2.97537, 2.2455) (-2.00375, -1.62166) 
(-2.01661, 2.54973) (-2.09618, 0.353815) (-2.75332, -1.67887) (-2.24526, 2.04323) (-2.97537, 2.2455) (-2.00384, -1.62186) 
(-1.99327, 2.54015) (-2.09618, 0.353815) (-2.75597, -1.68096) (-2.24512, 2.04323) (-2.97537, 2.2455) (-2.00343, -1.62176) 
(-1.97654, 2.52919) (-2.09618, 0.353815) (-2.75743, -1.68227) (-2.24515, 2.04323) (-2.97537, 2.2455) (-2.00354, -1.62163) 
(-1.93587, 2.49169) (-2.09618, 0.353815) (-2.76089, -1.68408) (-2.24527, 2.04324) (-2.97537, 2.2455) (-2.00364, -1.62168) 
(-1.89183, 2.452) (-2.09618, 0.353815) (-2.76204, -1.68366) (-2.2451, 2.04321) (-2.97537, 2.2455) (-2.00363, -1.6217) 
(-1.85121, 2.41706) (-2.09618, 0.353815) (-2.76121, -1.68212) (-2.24527, 2.04323) (-2.97537, 2.2455) (-2.00356, -1.6216) 
(-1.80648, 2.3784) (-2.09618, 0.353815) (-2.75753, -1.67877) (-2.24529, 2.04317) (-2.97537, 2.2455) (-2.00361, -1.62161) 
(-1.75413, 2.32958) (-2.09618, 0.353815) (-2.74574, -1.67144) (-2.24528, 2.04324) (-2.97537, 2.2455) (-2.00357, -1.62164) 
(-1.70417, 2.29247) (-2.09618, 0.353815) (-2.72837, -1.66354) (-2.24525, 2.04324) (-2.97537, 2.2455) (-2.0036, -1.62166) 
(-1.661, 2.26565) (-2.09618, 0.353815) (-2.70637, -1.65541) (-2.24526, 2.04313) (-2.97537, 2.2455) (-2.0036, -1.62161) 
(-1.60576, 2.23932) (-2.09618, 0.353815) (-2.66845, -1.64338) (-2.24517, 2.04307) (-2.97537, 2.2455) (-2.00359, -1.6216) 
(-1.55573, 2.22324) (-2.09618, 0.353815) (-2.66822, -1.64331) (-2.24515, 2.04306) (-2.97537, 2.2455) (-2.0034, -1.62181) 
(-1.47238, 2.20698) (-2.09618, 0.353815) (-2.54177, -1.61838) (-2.24518, 2.04298) (-2.97537, 2.2455) (-2.00308, -1.62194) 
(-1.41493, 2.19736) (-2.09618, 0.353815) (-2.47474, -1.61055) (-2.2451, 2.04307) (-2.97537, 2.2455) (-2.00258, -1.62169) 
(-1.36703, 2.18904) (-2.09618, 0.353815) (-2.4088, -1.60707) (-2.24511, 2.0428) (-2.97537, 2.2455) (-2.00258, -1.62169) 
(-1.33582, 2.179) (-2.09618, 0.353815) (-2.35027, -1.61408) (-2.24511, 2.0428) (-2.97537, 2.2455) (-2.00258, -1.62169) 
(-1.32442, 2.17258) (-2.09618, 0.353815) (-2.30537, -1.63084) (-2.24511, 2.0428) (-2.97537, 2.2455) (-2.00258, -1.62169) 
(-1.32093, 2.17647) (-2.09618, 0.353815) (-2.25087, -1.66782) (-2.24511, 2.04281) (-2.97537, 2.2455) (-2.00258, -1.62169) 
(-1.32539, 2.19113) (-2.09618, 0.353815) (-2.20018, -1.71507) (-2.24515, 2.0428) (-2.97537, 2.2455) (-2.00258, -1.62169) 
(-1.32653, 2.20492) (-2.09618, 0.353815) (-2.16271, -1.76897) (-2.24515, 2.0428) (-2.97537, 2.2455) (-2.00258, -1.62169) 
(-1.31818, 2.2287) (-2.09618, 0.353815) (-2.13113, -1.85062) (-2.24515, 2.04281) (-2.97537, 2.2455) (-2.00258, -1.62169) 
(-1.32587, 2.24573) (-2.09618, 0.353815) (-2.12157, -1.94397) (-2.2451, 2.04286) (-2.97537, 2.2455) (-2.00258, -1.62169) 
(-1.33055, 2.25312) (-2.09618, 0.353815) (-2.11761, -1.99793) (-2.24502, 2.04292) (-2.97537, 2.2455) (-2.00258, -1.62169) 
(-1.33291, 2.27245) (-2.09618, 0.353815) (-2.10884, -2.05063) (-2.24518, 2.0428) (-2.97537, 2.2455) (-2.00258, -1.62169) 
(-1.32708, 2.2912) (-2.09618, 0.353815) (-2.07626, -2.08173) (-2.24517, 2.04282) (-2.97537, 2.2455) (-2.00258, -1.62169) 
(-1.31748, 2.30102) (-2.09618, 0.353815) (-2.04253, -2.10412) (-2.24514, 2.04282) (-2.97537, 2.2455) (-2.00258, -1.62169) 
(-1.29942, 2.30643) (-2.09618, 0.353815) (-2.01017, -2.11739) (-2.24513, 2.04279) (-2.97537, 2.2455) (-2.00258, -1.62169) 
(-1.25688, 2.30651) (-2.09618, 0.353815) (-1.95451, -2.12977) (-2.24514, 2.04281) (-2.97537, 2.2455) (-2.00258, -1.62169) 
(-1.20214, 2.2923) (-2.09618, 0.353815) (-1.89283, -2.13917) (-2.24493, 2.04294) (-2.97537, 2.2455) (-2.00258, -1.62169) 
(-1.15125, 2.26787) (-2.09618, 0.353815) (-1.8391, -2.14437) (-2.24508, 2.04284) (-2.97537, 2.2455) (-2.00258, -1.62169) 
(-1.07451, 2.22858) (-2.09618, 0.353815) (-1.75581, -2.14817) (-2.24508, 2.04285) (-2.97537, 2.2455) (-2.00258, -1.62169) 
(-1.00213, 2.19209) (-2.09618, 0.353815) (-1.66536, -2.146) (-2.2451, 2.04279) (-2.97537, 2.2455) (-2.00258, -1.62169) 
(-0.966988, 2.17697) (-2.09618, 0.353815) (-1.61795, -2.143) (-2.24514, 2.04282) (-2.97537, 2.2455) (-2.00258, -1.62169) 
(-0.897982, 2.15548) (-2.09618, 0.353815) (-1.54081, -2.13604) (-2.24504, 2.04289) (-2.97537, 2.2455) (-2.00258, -1.62169) 
(-0.795107, 2.15047) (-2.09618, 0.353815) (-1.47338, -2.12963) (-2.24507, 2.04281) (-2.97537, 2.2455) (-2.00258, -1.62169) 
(-0.723821, 2.15553) (-2.09618, 0.353815) (-1.43248, -2.12339) (-2.24514, 2.0428) (-2.97537, 2.2455) (-2.00258, -1.62169) 
(-0.658512, 2.16989) (-2.09618, 0.353815) (-1.39716, -2.11172) (-2.24496, 2.04289) (-2.97537, 2.2455) (-2.00278, -1.62067) 
(-0.61148, 2.18667) (-2.09618, 0.353815) (-1.37277, -2.10009) (-2.24514, 2.0428) (-2.97537, 2.2455) (-2.00278, -1.62066) 
(-0.506459, 2.24024) (-2.09618, 0.353815) (-1.32433, -2.07492) (-2.24516, 2.04281) (-2.97537, 2.2455) (-2.00283, -1.62069) 
(-0.432135, 2.28811) (-2.09618, 0.353815) (-1.29451, -2.05361) (-2.24513, 2.04285) (-2.97537, 2.2455) (-2.00291, -1.62119) 
(-0.367697, 2.31985) (-2.09618, 0.353815) (-1.26481, -2.02487) (-2.24509, 2.04281) (-2.97537, 2.2455) (-2.00251, -1.62116) 
(-0.294896, 2.33699) (-2.09618, 0.353815) (-1.23311, -2.01528) (-2.24507, 2.04281) (-2.97537, 2.2455) (-2.00217, -1.62161) 
(-0.263066, 2.33953) (-2.09618, 0.353815) (-1.21955, -2.01371) (-2.24505, 2.04282) (-2.97537, 2.2455) (-2.00208, -1.62172) 
(-0.263066, 2.33953) (-2.09618, 0.353815) (-1.21955, -2.01371) (-2.24505, 2.04282) (-2.97537, 2.2455) (-2.00208, -1.62172) 
(-0.0571271, 2.32578) (-2.09618, 0.353815) (-1.10579, -2.00849) (-2.24515, 2.0428) (-2.97537, 2.2455) (-2.00432, -1.62078) 
(0.0340395, 2.30133) (-2.09618, 0.353815) (-1.04357, -2.01225) (-2.24511, 2.04285) (-2.97537, 2.2455) (-2.01029, -1.61947) 
(0.10879, 2.27548) (-2.09618, 0.353815) (-0.989167, -2.01469) (-2.24513, 2.04281) (-2.97537, 2.2455) (-2.0183, -1.62068) 
(0.192681, 2.23966) (-2.09618, 0.353815) (-0.907361, -2.02485) (-2.24505, 2.04288) (-2.97537, 2.2455) (-2.01629, -1.6203) 
(0.261791, 2.21435) (-2.09618, 0.353815) (-0.847567, -2.03247) (-2.24516, 2.04302) (-2.97537, 2.2455) (-2.01626, -1.62037) 
(0.312052, 2.20347) (-2.09618, 0.353815) (-0.822362, -2.0339) (-2.24523, 2.04304) (-2.97537, 2.2455) (-2.0165, -1.62099) 
(0.382597, 2.19756) (-2.09618, 0.353815) (-0.793399, -2.03211) (-2.24523, 2.04303) (-2.97537, 2.2455) (-2.01665, -1.62096) 
(0.447921, 2.20446) (-2.09618, 0.353815) (-0.772708, -2.02694) (-2.24523, 2.043) (-2.97537, 2.2455) (-2.01665, -1.62095) 
(0.509475, 2.21539) (-2.09618, 0.353815) (-0.76283, -2.01362) (-2.24506, 2.04302) (-2.97537, 2.2455) (-2.01625, -1.62059) 
(0.593053, 2.23424) (-2.09618, 0.353815) (-0.759564, -1.99112) (-2.24512, 2.04287) (-2.97537, 2.2455) (-2.01564, -1.6204) 
(0.667747, 2.25434) (-2.09618, 0.353815) (-0.771298, -1.97187) (-2.24515, 2.04282) (-2.97537, 2.2455) (-2.01233, -1.62005) 
(0.733321, 2.27523) (-2.09618, 0.353815) (-0.786015, -1.94953) (-2.24508, 2.04285) (-2.97537, 2.2455) (-2.0077, -1.62006) 
(0.798218, 2.2974) (-2.09618, 0.353815) (-0.799907, -1.91222) (-2.24522, 2.043) (-2.97537, 2.2455) (-2.00113, -1.62049) 
(0.846419, 2.31294) (-2.09618, 0.353815) (-0.800844, -1.89217) (-2.24525, 2.04298) (-2.97537, 2.2455) (-2.00284, -1.62144) 
(0.922346, 2.32688) (-2.09618, 0.353815) (-0.780245, -1.87302) (-2.24516, 2.0431) (-2.97537, 2.2455) (-2.00281, -1.62147) 
(0.995726, 2.33313) (-2.09618, 0.353815) (-0.743977, -1.85225) (-2.24522, 2.04305) (-2.97537, 2.2455) (-2.00299, -1.62189) 
(1.08582, 2.3213) (-2.09618, 0.353815) (-0.692138, -1.83498) (-2.24516, 2.0428) (-2.97537, 2.2455) (-2.00358, -1.62161) 
(1.15637, 2.30658) (-2.09618, 0.353815) (-0.640721, -1.8253) (-2.24516, 2.04281) (-2.97537, 2.2455) (-2.01019, -1.62212) 
(1.24013, 2.2908) (-2.09618, 0.353815) (-0.576902, -1.80911) (-2.24523, 2.04298) (-2.97537, 2.2455) (-2.00392, -1.62204) 
(1.29638, 2.27875) (-2.09618, 0.353815) (-0.540812, -1.79463) (-2.2453, 2.04318) (-2.97537, 2.2455) (-2.00013, -1.62186) 
(1.34516, 2.26745) (-2.09618, 0.353815) (-0.514699, -1.78375) (-2.24533, 2.04319) (-2.97537, 2.2455) (-1.99674, -1.62153) 
(1.48165, 2.21872) (-2.09618, 0.353815) (-0.433622, -1.76204) (-2.24533, 2.04318) (-2.97537, 2.2455) (-1.98207, -1.62192) 
(1.52976, 2.19663) (-2.09618, 0.353815) (-0.386373, -1.7454) (-2.24536, 2.04317) (-2.97537, 2.2455) (-1.97732, -1.62191) 
(1.5296, 2.19663) (-2.09618, 0.353815) (-0.386376, -1.74539) (-2.24536, 2.04316) (-2.97537, 2.2455) (-1.97732, -1.62191) 
(1.60392, 2.13732) (-2.09618, 0.353815) (-0.238292, -1.68103) (-2.24507, 2.04317) (-2.97537, 2.2455) (-1.97831, -1.6217) 
(1.62998, 2.1166) (-2.09618, 0.353815) (-0.164706, -1.65221) (-2.24509, 2.04317) (-2.97537, 2.2455) (-1.9777, -1.62182) 
(1.66478, 2.08962) (-2.09618, 0.353815) (-0.0724966, -1.62423) (-2.24533, 2.04318) (-2.97537, 2.2455) (-1.97799, -1.62171) 
(1.71854, 2.07015) (-2.09618, 0.353815) (0.0269838, -1.58436) (-2.24526, 2.04319) (-2.97537, 2.2455) (-1.97749, -1.6218) 
(1.76618, 2.06919) (-2.09618, 0.353815) (0.0990564, -1.56677) (-2.24536, 2.0432) (-2.97537, 2.2455) (-1.97733, -1.62222) 
(1.7994, 2.07516) (-2.09618, 0.353815) (0.15319, -1.56643) (-2.24536, 2.04315) (-2.97537, 2.2455) (-1.97753, -1.6219) 
(1.83567, 2.09012) (-2.09618, 0.353815) (0.22282, -1.5697) (-2.24535, 2.04324) (-2.97537, 2.2455) (-1.97785, -1.62212) 
(1.88398, 2.1348) (-2.09618, 0.353815) (0.327561, -1.57949) (-2.24534, 2.0432) (-2.97537, 2.2455) (-1.97749, -1.62214) 
(1.92048, 2.17652) (-2.09618, 0.353815) (0.390587, -1.59153) (-2.24533, 2.04319) (-2.97537, 2.2455) (-1.97754, -1.62198) 
(1.95528, 2.21692) (-2.09618, 0.353815) (0.439885, -1.60552) (-2.24516, 2.04318) (-2.97537, 2.2455) (-1.97789, -1.62197) 
(2.05415, 2.29931) (-2.09618, 0.353815) (0.557774, -1.64508) (-2.24533, 2.04319) (-2.97537, 2.2455) (-1.97808, -1.62215) 
(2.10938, 2.31966) (-2.09618, 0.353815) (0.632652, -1.66861) (-2.24534, 2.04318) (-2.97537, 2.2455) (-1.97889, -1.62195) 
(2.18131, 2.3269) (-2.09618, 0.353815) (0.736631, -1.68893) (-2.24517, 2.04323) (-2.97537, 2.2455) (-1.97885, -1.62205) 
(2.25581, 2.32158) (-2.09618, 0.353815) (0.810443, -1.69424) (-2.24535, 2.04317) (-2.97537, 2.2455) (-1.97733, -1.62168) 
(2.29787, 2.31283) (-2.09618, 0.353815) (0.852159, -1.69497) (-2.24538, 2.04317) (-2.97537, 2.2455) (-1.97814, -1.62231) 
(2.39861, 2.26514) (-2.09618, 0.353815) (0.951251, -1.69777) (-2.24535, 2.04318) (-2.97537, 2.2455) (-1.97901, -1.6219) 
(2.44413, 2.24808) (-2.09618, 0.353815) (1.0059, -1.69672) (-2.24536, 2.04317) (-2.97537, 2.2455) (-1.97921, -1.62198) 
(2.47189, 2.23165) (-2.09618, 0.353815) (1.06047, -1.68846) (-2.24536, 2.04317) (-2.97537, 2.2455) (-1.97916, -1.62206) 
(2.48712, 2.22159) (-2.09618, 0.353815) (1.12429, -1.67) (-2.24528, 2.04318) (-2.97537, 2.2455) (-1.97905, -1.62197) 
(2.4907, 2.22136) (-2.09618, 0.353815) (1.15736, -1.65727) (-2.24538, 2.04317) (-2.97537, 2.2455) (-1.97939, -1.62197) 
(2.48775, 2.21657) (-2.09618, 0.353815) (1.24051, -1.61726) (-2.24537, 2.04316) (-2.97537, 2.2455) (-1.97938, -1.62205) 
(2.47322, 2.20757) (-2.09618, 0.353815) (1.29621, -1.59219) (-2.24537, 2.04315) (-2.97537, 2.2455) (-1.97901, -1.62218) 
(2.44949, 2.1972) (-2.09618, 0.353815) (1.35273, -1.57529) (-2.24529, 2.04315) (-2.97537, 2.2455) (-1.97883, -1.62201) 
(2.42935, 2.19275) (-2.09618, 0.353815) (1.38946, -1.5668) (-2.24519, 2.04315) (-2.97537, 2.2455) (-1.97895, -1.62193) 
(2.40429, 2.18117) (-2.09618, 0.353815) (1.43898, -1.5539) (-2.24531, 2.04315) (-2.97537, 2.2455) (-1.97765, -1.62182) 
(2.38395, 2.16848) (-2.09618, 0.353815) (1.51013, -1.5445) (-2.24533, 2.04315) (-2.97537, 2.2455) (-1.97776, -1.62182) 
(2.37079, 2.15943) (-2.09618, 0.353815) (1.5726, -1.55414) (-2.2453, 2.04315) (-2.97537, 2.2455) (-1.97795, -1.62226) 
(2.37914, 2.14922) (-2.09618, 0.353815) (1.64002, -1.58126) (-2.24531, 2.04315) (-2.97537, 2.2455) (-1.9776, -1.62221) 
(2.40506, 2.13938) (-2.09618, 0.353815) (1.725, -1.59752) (-2.24537, 2.04318) (-2.97537, 2.2455) (-1.97756, -1.62198) 
(2.43474, 2.13011) (-2.09618, 0.353815) (1.78809, -1.59338) (-2.24533, 2.04318) (-2.97537, 2.2455) (-1.97732, -1.62204) 
(2.48207, 2.1175) (-2.09618, 0.353815) (1.8583, -1.58108) (-2.24521, 2.04315) (-2.97537, 2.2455) (-1.97773, -1.62197) 
(2.52193, 2.10416) (-2.09618, 0.353815) (1.90928, -1.56854) (-2.24536, 2.04316) (-2.97537, 2.2455) (-1.97751, -1.62193) 
(2.55248, 2.09317) (-2.09618, 0.353815) (1.94834, -1.55664) (-2.24536, 2.04316) (-2.97537, 2.2455) (-1.97704, -1.62193) 
(2.5925, 2.07817) (-2.09618, 0.353815) (1.99336, -1.53397) (-2.24537, 2.04315) (-2.97537, 2.2455) (-1.97714, -1.62189) 
(2.6167, 2.0663) (-2.09618, 0.353815) (2.0183, -1.50213) (-2.24536, 2.04317) (-2.97537, 2.2455) (-1.97731, -1.62206) 
(2.63661, 2.06284) (-2.09618, 0.353815) (2.02933, -1.46541) (-2.24536, 2.04316) (-2.97537, 2.2455) (-1.97724, -1.62218) 
(2.65223, 2.06706) (-2.09618, 0.353815) (2.03709, -1.41914) (-2.24536, 2.04316) (-2.97537, 2.2455) (-1.97694, -1.62227) 
(2.65994, 2.08005) (-2.09618, 0.353815) (2.04949, -1.38327) (-2.24538, 2.04316) (-2.97537, 2.2455) (-1.97704, -1.62215) 
(2.66521, 2.10841) (-2.09618, 0.353815) (2.07088, -1.35523) (-2.24537, 2.04317) (-2.97537, 2.2455) (-1.97703, -1.6222) 
(2.67287, 2.14769) (-2.09618, 0.353815) (2.09057, -1.33211) (-2.24538, 2.04315) (-2.97537, 2.2455) (-1.97709, -1.62223) 
(2.68075, 2.20176) (-2.09618, 0.353815) (2.11025, -1.30951) (-2.24535, 2.04316) (-2.97537, 2.2455) (-1.97864, -1.62174) 
(2.68407, 2.25697) (-2.09618, 0.353815) (2.13634, -1.28423) (-2.24529, 2.04315) (-2.97537, 2.2455) (-1.97881, -1.62169) 
(2.68326, 2.29958) (-2.09618, 0.353815) (2.16101, -1.25921) (-2.24531, 2.04316) (-2.97537, 2.2455) (-1.97908, -1.62179) 
(2.6783, 2.35694) (-2.09618, 0.353815) (2.2253, -1.22502) (-2.24536, 2.04316) (-2.97537, 2.2455) (-1.97887, -1.62193) 
(2.67199, 2.38965) (-2.09618, 0.353815) (2.28207, -1.19991) (-2.24532, 2.04314) (-2.97537, 2.2455) (-1.97887, -1.62189) 
(2.66937, 2.40378) (-2.09618, 0.353815) (2.30386, -1.18595) (-2.24525, 2.04315) (-2.97537, 2.2455) (-1.97884, -1.62191) 
(2.66179, 2.4499) (-2.09618, 0.353815) (2.36759, -1.12341) (-2.24536, 2.04317) (-2.97537, 2.2455) (-1.97883, -1.62186) 
(2.66013, 2.46359) (-2.09618, 0.353815) (2.40207, -1.09276) (-2.24532, 2.04315) (-2.97537, 2.2455) (-1.97906, -1.62208) 
(2.65648, 2.47537) (-2.09618, 0.353815) (2.42397, -1.06351) (-2.24523, 2.04319) (-2.97537, 2.2455) (-1.97884, -1.62179) 
(2.65383, 2.48038) (-2.09618, 0.353815) (2.42767, -1.05096) (-2.24537, 2.04317) (-2.97537, 2.2455) (-1.97897, -1.62176) 
(2.64255, 2.47838) (-2.09618, 0.353815) (2.44099, -1.04608) (-2.24536, 2.04317) (-2.97537, 2.2455) (-1.9789, -1.6219) 
(2.62432, 2.4696) (-2.09618, 0.353815) (2.46295, -1.0528) (-2.24537, 2.04319) (-2.97537, 2.2455) (-1.97898, -1.62193) 
(2.61066, 2.46186) (-2.09618, 0.353815) (2.48702, -1.05879) (-2.24531, 2.04314) (-2.97537, 2.2455) (-1.97884, -1.62192) 
(2.59355, 2.43927) (-2.09618, 0.353815) (2.50408, -1.07481) (-2.24531, 2.04317) (-2.97537, 2.2455) (-1.97879, -1.6219) 
(2.58984, 2.42483) (-2.09618, 0.353815) (2.51131, -1.0875) (-2.24536, 2.04316) (-2.97537, 2.2455) (-1.97885, -1.6218) 
(2.58612, 2.38774) (-2.09618, 0.353815) (2.53012, -1.12315) (-2.24532, 2.04315) (-2.97537, 2.2455) (-1.97887, -1.62184) 
(2.5727, 2.3276) (-2.09618, 0.353815) (2.55293, -1.18398) (-2.24516, 2.04315) (-2.97537, 2.2455) (-1.9784, -1.62206) 
(2.55376, 2.2776) (-2.09618, 0.353815) (2.57276, -1.23179) (-2.24532, 2.04316) (-2.97537, 2.2455) (-1.97752, -1.62187) 
(2.53581, 2.23965) (-2.09618, 0.353815) (2.58324, -1.27348) (-2.24531, 2.04315) (-2.97537, 2.2455) (-1.97884, -1.62187) 
(2.51678, 2.20892) (-2.09618, 0.353815) (2.58777, -1.31072) (-2.24536, 2.04316) (-2.97537, 2.2455) (-1.97858, -1.62171) 
(2.48832, 2.16839) (-2.09618, 0.353815) (2.59416, -1.38089) (-2.2453, 2.04316) (-2.97537, 2.2455) (-1.97562, -1.62161) 
(2.47311, 2.17178) (-2.09618, 0.353815) (2.59583, -1.41461) (-2.24532, 2.04318) (-2.97537, 2.2455) (-1.96939, -1.6215) 
(2.45286, 2.18998) (-2.09618, 0.353815) (2.5876, -1.41924) (-2.2453, 2.04316) (-2.97537, 2.2455) (-1.96464, -1.6214) 
(2.43297, 2.21812) (-2.09618, 0.353815) (2.59851, -1.40412) (-2.24535, 2.04316) (-2.97537, 2.2455) (-1.96525, -1.62139) 
(2.42351, 2.23694) (-2.09618, 0.353815) (2.61245, -1.39015) (-2.2453, 2.04316) (-2.97537, 2.2455) (-1.96555, -1.62142) 
(2.42351, 2.23694) (-2.09618, 0.353815) (2.61245, -1.39015) (-2.2453, 2.04316) (-2.97537, 2.2455) (-1.96555, -1.62142) 
(2.3804, 2.32021) (-2.09618, 0.353815) (2.64616, -1.32698) (-2.24539, 2.04315) (-2.97537, 2.2455) (-1.96506, -1.62108) 
(2.36421, 2.34729) (-2.09618, 0.353815) (2.65368, -1.30305) (-2.24532, 2.04315) (-2.97537, 2.2455) (-1.96514, -1.62106) 
(2.36763, 2.35723) (-2.09618, 0.353815) (2.66539, -1.28926) (-2.24536, 2.04318) (-2.97537, 2.2455) (-1.96509, -1.62107) 
(2.37966, 2.35529) (-2.09618, 0.353815) (2.65835, -1.27043) (-2.24537, 2.04314) (-2.97537, 2.2455) (-1.96513, -1.62108) 
(2.40278, 2.33548) (-2.09618, 0.353815) (2.65465, -1.24872) (-2.24538, 2.04316) (-2.97537, 2.2455) (-1.96514, -1.62107) 
(2.425, 2.30396) (-2.09618, 0.353815) (2.65669, -1.23403) (-2.24536, 2.04318) (-2.97537, 2.2455) (-1.96498, -1.62169) 
(2.44774, 2.26346) (-2.09618, 0.353815) (2.65518, -1.21975) (-2.24536, 2.04317) (-2.97537, 2.2455) (-1.96545, -1.62037) 
(2.46203, 2.23141) (-2.09618, 0.353815) (2.65511, -1.20543) (-2.24537, 2.04316) (-2.97537, 2.2455) (-1.96545, -1.62037) 
(2.47782, 2.19999) (-2.09618, 0.353815) (2.65973, -1.1897) (-2.24537, 2.04315) (-2.97537, 2.2455) (-1.96545, -1.62037) 
(2.48319, 2.1708) (-2.09618, 0.353815) (2.67023, -1.16305) (-2.24533, 2.04314) (-2.97537, 2.2455) (-1.97559, -1.62108) 
(2.48465, 2.15391) (-2.09618, 0.353815) (2.67489, -1.1462) (-2.24529, 2.04322) (-2.97537, 2.2455) (-1.98382, -1.62169) 
(2.48189, 2.14382) (-2.09618, 0.353815) (2.67366, -1.15171) (-2.24536, 2.04317) (-2.97537, 2.2455) (-1.98713, -1.62121) 
(2.48063, 2.1338) (-2.09618, 0.353815) (2.66852, -1.15753) (-2.24532, 2.04315) (-2.97537, 2.2455) (-1.99751, -1.62467) 
(2.48758, 2.12671) (-2.09618, 0.353815) (2.66637, -1.1618) (-2.24532, 2.04314) (-2.97537, 2.2455) (-2.00237, -1.62041) 
(2.49631, 2.11951) (-2.09618, 0.353815) (2.67045, -1.16514) (-2.2453, 2.04314) (-2.97537, 2.2455) (-2.009, -1.62179) 
(2.50183, 2.11514) (-2.09618, 0.353815) (2.67524, -1.17396) (-2.24538, 2.04315) (-2.97537, 2.2455) (-2.00652, -1.62227) 
(2.50077, 2.1197) (-2.09618, 0.353815) (2.6801, -1.17858) (-2.24538, 2.04317) (-2.97537, 2.2455) (-2.00256, -1.62168) 
(2.49616, 2.12719) (-2.09618, 0.353815) (2.68111, -1.18365) (-2.24537, 2.04317) (-2.97537, 2.2455) (-1.99576, -1.62149) 
(2.49449, 2.13273) (-2.09618, 0.353815) (2.68378, -1.18532) (-2.24537, 2.04316) (-2.97537, 2.2455) (-1.99638, -1.62151) 
(2.48605, 2.15386) (-2.09618, 0.353815) (2.68768, -1.18874) (-2.24538, 2.04314) (-2.97537, 2.2455) (-1.99686, -1.6215) 
(2.47618, 2.1768) (-2.09618, 0.353815) (2.68331, -1.1857) (-2.24532, 2.04317) (-2.97537, 2.2455) (-1.99679, -1.62147) 
(2.46202, 2.20381) (-2.09618, 0.353815) (2.68681, -1.18403) (-2.2453, 2.04319) (-2.97537, 2.2455) (-1.99681, -1.62148) 
(2.44096, 2.22935) (-2.09618, 0.353815) (2.68595, -1.18097) (-2.24532, 2.04317) (-2.97537, 2.2455) (-1.9969, -1.62146) 
(2.42375, 2.2466) (-2.09618, 0.353815) (2.69072, -1.18109) (-2.24537, 2.04318) (-2.97537, 2.2455) (-1.99682, -1.62145) 
(2.39862, 2.27025) (-2.09618, 0.353815) (2.69347, -1.18293) (-2.24537, 2.04316) (-2.97537, 2.2455) (-1.99685, -1.62149) 
(2.38148, 2.29026) (-2.09618, 0.353815) (2.68029, -1.18316) (-2.24537, 2.0432) (-2.97537, 2.2455) (-1.99685, -1.62148) 
(2.36432, 2.31241) (-2.09618, 0.353815) (2.67568, -1.19507) (-2.24531, 2.04317) (-2.97537, 2.2455) (-1.99685, -1.62148) 
(2.35551, 2.32369) (-2.09618, 0.353815) (2.67815, -1.21626) (-2.24533, 2.04317) (-2.97537, 2.2455) (-1.99688, -1.62147) 
(2.35211, 2.3253) (-2.09618, 0.353815) (2.67253, -1.23715) (-2.24529, 2.04316) (-2.97537, 2.2455) (-1.99682, -1.62149) 
(2.35283, 2.31467) (-2.09618, 0.353815) (2.65693, -1.28879) (-2.24534, 2.04317) (-2.97537, 2.2455) (-1.99686, -1.62147) 
(2.36901, 2.27905) (-2.09618, 0.353815) (2.64696, -1.37) (-2.24532, 2.04315) (-2.97537, 2.2455) (-1.99684, -1.6215) 
(2.38286, 2.25636) (-2.09618, 0.353815) (2.64275, -1.41769) (-2.24531, 2.04316) (-2.97537, 2.2455) (-1.99687, -1.62148) 
(2.40423, 2.22553) (-2.09618, 0.353815) (2.63235, -1.47393) (-2.24535, 2.04318) (-2.97537, 2.2455) (-1.99685, -1.62151) 
(2.41825, 2.20422) (-2.09618, 0.353815) (2.6183, -1.50062) (-2.2454, 2.04317) (-2.97537, 2.2455) (-1.99682, -1.62151) 
(2.44085, 2.16295) (-2.09618, 0.353815) (2.59259, -1.54135) (-2.24539, 2.04317) (-2.97537, 2.2455) (-1.99683, -1.6215) 
(2.45487, 2.13259) (-2.09618, 0.353815) (2.57217, -1.57152) (-2.24536, 2.04317) (-2.97537, 2.2455) (-1.9968, -1.62152) 
(2.4689, 2.10809) (-2.09618, 0.353815) (2.53717, -1.59266) (-2.24535, 2.04318) (-2.97537, 2.2455) (-1.99681, -1.62152) 
(2.4774, 2.09416) (-2.09618, 0.353815) (2.50085, -1.60128) (-2.2452, 2.04314) (-2.97537, 2.2455) (-1.99683, -1.62151) 
(2.47968, 2.08595) (-2.09618, 0.353815) (2.47328, -1.60443) (-2.24531, 2.04317) (-2.97537, 2.2455) (-1.99685, -1.6215) 
(2.47964, 2.08601) (-2.09618, 0.353815) (2.4733, -1.60435) (-2.24531, 2.04317) (-2.97537, 2.2455) (-1.99685, -1.6215) 
(2.48318, 2.07985) (-2.09618, 0.353815) (2.38105, -1.60556) (-2.24532, 2.04316) (-2.97537, 2.2455) (-1.99682, -1.62152) 
(2.4954, 2.09487) (-2.09618, 0.353815) (2.3277, -1.59939) (-2.24532, 2.04315) (-2.97537, 2.2455) (-1.99683, -1.62151) 
(2.50696, 2.11492) (-2.09618, 0.353815) (2.29935, -1.6) (-2.24531, 2.04317) (-2.97537, 2.2455) (-1.99685, -1.6215) 
(2.51794, 2.14865) (-2.09618, 0.353815) (2.26292, -1.6011) (-2.24538, 2.04317) (-2.97537, 2.2455) (-1.9968, -1.62152) 
(2.52379, 2.17866) (-2.09618, 0.353815) (2.24236, -1.60425) (-2.24533, 2.04317) (-2.97537, 2.2455) (-1.99737, -1.62202) 
(2.52676, 2.21198) (-2.09618, 0.353815) (2.22883, -1.6135) (-2.24537, 2.04319) (-2.97537, 2.2455) (-1.99738, -1.622) 
(2.52778, 2.23272) (-2.09618, 0.353815) (2.21818, -1.63159) (-2.24537, 2.04318) (-2.97537, 2.2455) (-1.99738, -1.62205) 
(2.5311, 2.24509) (-2.09618, 0.353815) (2.21582, -1.65809) (-2.24538, 2.04316) (-2.97537, 2.2455) (-1.99741, -1.622) 
(2.53725, 2.24611) (-2.09618, 0.353815) (2.22017, -1.68188) (-2.24538, 2.04318) (-2.97537, 2.2455) (-1.99736, -1.62201) 
(2.54585, 2.24045) (-2.09618, 0.353815) (2.22518, -1.71584) (-2.24537, 2.04318) (-2.97537, 2.2455) (-1.99741, -1.62201) 
(2.55213, 2.23136) (-2.09618, 0.353815) (2.22226, -1.74382) (-2.24531, 2.04317) (-2.97537, 2.2455) (-1.9974, -1.62202) 
(2.55632, 2.20808) (-2.09618, 0.353815) (2.21271, -1.77534) (-2.24538, 2.04318) (-2.97537, 2.2455) (-1.99743, -1.62202) 
(2.55749, 2.17374) (-2.09618, 0.353815) (2.2014, -1.80207) (-2.24532, 2.04317) (-2.97537, 2.2455) (-1.99742, -1.62202) 
(2.55756, 2.14799) (-2.09618, 0.353815) (2.1997, -1.81686) (-2.24533, 2.04317) (-2.97537, 2.2455) (-1.99742, -1.62203) 
(2.55737, 2.11311) (-2.09618, 0.353815) (2.20368, -1.82859) (-2.24536, 2.04319) (-2.97537, 2.2455) (-1.99738, -1.62205) 
(2.5549, 2.07954) (-2.09618, 0.353815) (2.20673, -1.82958) (-2.24532, 2.04317) (-2.97537, 2.2455) (-1.99742, -1.62204) 
(2.55032, 2.05295) (-2.09618, 0.353815) (2.21018, -1.82508) (-2.24535, 2.04318) (-2.97537, 2.2455) (-1.9974, -1.62202) 
(2.54352, 2.03132) (-2.09618, 0.353815) (2.2227, -1.82122) (-2.24539, 2.04319) (-2.97537, 2.2455) (-1.99684, -1.62158) 
(2.53936, 2.01954) (-2.09618, 0.353815) (2.23043, -1.8173) (-2.24538, 2.04318) (-2.97537, 2.2455) (-1.99686, -1.6215) 
(2.5338, 2.00726) (-2.09618, 0.353815) (2.24389, -1.80636) (-2.24537, 2.04318) (-2.97537, 2.2455) (-1.99687, -1.62149) 
(2.53472, 2.01422) (-2.09618, 0.353815) (2.24835, -1.80396) (-2.24533, 2.04318) (-2.97537, 2.2455) (-2.00126, -1.62136) 
(2.53602, 2.0306) (-2.09618, 0.353815) (2.24996, -1.79481) (-2.24531, 2.04315) (-2.97537, 2.2455) (-1.97544, -1.62275) 
(2.53349, 2.04735) (-2.09618, 0.353815) (2.25382, -1.78468) (-2.24532, 2.04318) (-2.97537, 2.2455) (-1.92785, -1.62332) 
(2.53348, 2.04745) (-2.09618, 0.353815) (2.25383, -1.78466) (-2.24532, 2.04318) (-2.97537, 2.2455) (-1.92763, -1.62334) 
(2.52701, 2.07258) (-2.09618, 0.353815) (2.26315, -1.78269) (-2.24535, 2.04316) (-2.97537, 2.2455) (-1.87736, -1.62281) 
(2.52611, 2.08333) (-2.09618, 0.353815) (2.26215, -1.78312) (-2.24539, 2.04318) (-2.97537, 2.2455) (-1.84629, -1.62156) 
(2.52657, 2.09385) (-2.09618, 0.353815) (2.25757, -1.78099) (-2.24534, 2.04316) (-2.97537, 2.2455) (-1.80551, -1.62124) 
(2.52739, 2.10164) (-2.09618, 0.353815) (2.25149, -1.7798) (-2.24538, 2.04318) (-2.97537, 2.2455) (-1.77086, -1.61964) 
(2.5277, 2.10496) (-2.09618, 0.353815) (2.24816, -1.77911) (-2.24534, 2.04315) (-2.97537, 2.2455) (-1.75151, -1.62297) 
(2.52903, 2.10809) (-2.09618, 0.353815) (2.24443, -1.77771) (-2.24532, 2.04317) (-2.97537, 2.2455) (-1.72298, -1.62007) 
(2.53349, 2.11168) (-2.09618, 0.353815) (2.23222, -1.7762) (-2.24532, 2.04317) (-2.97537, 2.2455) (-1.66737, -1.61992) 
(2.53563, 2.11204) (-2.09618, 0.353815) (2.2326, -1.77665) (-2.24538, 2.04317) (-2.97537, 2.2455) (-1.64006, -1.61872) 
(2.53682, 2.11288) (-2.09618, 0.353815) (2.23193, -1.7759) (-2.24537, 2.04317) (-2.97537, 2.2455) (-1.6073, -1.61849) 
(2.53623, 2.11448) (-2.09618, 0.353815) (2.23153, -1.77586) (-2.24535, 2.04316) (-2.97537, 2.2455) (-1.58963, -1.61779) 
(2.53519, 2.11893) (-2.09618, 0.353815) (2.24082, -1.77726) (-2.24533, 2.04317) (-2.97537, 2.2455) (-1.56957, -1.61629) 
(2.53397, 2.12282) (-2.09618, 0.353815) (2.24732, -1.77742) (-2.24539, 2.04319) (-2.97537, 2.2455) (-1.55784, -1.60779) 
(2.53313, 2.12461) (-2.09618, 0.353815) (2.25294, -1.77793) (-2.24541, 2.04316) (-2.97537, 2.2455) (-1.54704, -1.60135) 
(2.53202, 2.12533) (-2.09618, 0.353815) (2.26045, -1.7784) (-2.24538, 2.04319) (-2.97537, 2.2455) (-1.54238, -1.59528) 
(2.53181, 2.12489) (-2.09618, 0.353815) (2.26418, -1.77837) (-2.24534, 2.04318) (-2.97537, 2.2455) (-1.54392, -1.59226) 
(2.5322, 2.12426) (-2.09618, 0.353815) (2.26524, -1.77841) (-2.24537, 2.04319) (-2.97537, 2.2455) (-1.54361, -1.59164) 
(2.53287, 2.1235) (-2.09618, 0.353815) (2.26722, -1.77811) (-2.24539, 2.04319) (-2.97537, 2.2455) (-1.54354, -1.59131) 
(2.53346, 2.12357) (-2.09618, 0.353815) (2.26886, -1.7765) (-2.24541, 2.04315) (-2.97537, 2.2455) (-1.54289, -1.59064) 
(2.5337, 2.12356) (-2.09618, 0.353815) (2.27056, -1.77558) (-2.2454, 2.04316) (-2.97537, 2.2455) (-1.54277, -1.5907) 
(2.53428, 2.1229) (-2.09618, 0.353815) (2.27185, -1.77497) (-2.24539, 2.04319) (-2.97537, 2.2455) (-1.54232, -1.59048) 
(2.53501, 2.12276) (-2.09618, 0.353815) (2.27228, -1.77441) (-2.24539, 2.04318) (-2.97537, 2.2455) (-1.54445, -1.59773) 
(2.53574, 2.12273) (-2.09618, 0.353815) (2.27426, -1.77441) (-2.24535, 2.04316) (-2.97537, 2.2455) (-1.54254, -1.60136) 
(2.5363, 2.1227) (-2.09618, 0.353815) (2.27775, -1.77511) (-2.24539, 2.04318) (-2.97537, 2.2455) (-1.54351, -1.60209) 
(2.53716, 2.12264) (-2.09618, 0.353815) (2.2824, -1.77702) (-2.24538, 2.04317) (-2.97537, 2.2455) (-1.5498, -1.59975) 
(2.53756, 2.1229) (-2.09618, 0.353815) (2.28435, -1.77827) (-2.24533, 2.04317) (-2.97537, 2.2455) (-1.55658, -1.59754) 
(2.5381, 2.12269) (-2.09618, 0.353815) (2.29023, -1.78032) (-2.24538, 2.04318) (-2.97537, 2.2455) (-1.57372, -1.59179) 
(2.53785, 2.1227) (-2.09618, 0.353815) (2.30108, -1.78285) (-2.24538, 2.04319) (-2.97537, 2.2455) (-1.58946, -1.59004) 
(2.53801, 2.1232) (-2.09618, 0.353815) (2.307, -1.78346) (-2.24538, 2.04318) (-2.97537, 2.2455) (-1.62633, -1.59587) 
(2.53869, 2.12334) (-2.09618, 0.353815) (2.30648, -1.78173) (-2.24538, 2.04318) (-2.97537, 2.2455) (-1.66042, -1.60447) 
(2.53891, 2.12345) (-2.09618, 0.353815) (2.30602, -1.78066) (-2.24539, 2.04317) (-2.97537, 2.2455) (-1.69256, -1.61621) 
(2.53919, 2.12371) (-2.09618, 0.353815) (2.3026, -1.77918) (-2.24537, 2.0432) (-2.97537, 2.2455) (-1.7377, -1.62301) 
(2.53904, 2.1238) (-2.09618, 0.353815) (2.29492, -1.77847) (-2.24539, 2.04319) (-2.97537, 2.2455) (-1.78668, -1.62151) 
(2.53861, 2.12374) (-2.09618, 0.353815) (2.28999, -1.77781) (-2.24539, 2.04316) (-2.97537, 2.2455) (-1.81935, -1.62182) 
(2.53799, 2.12428) (-2.09618, 0.353815) (2.28328, -1.77938) (-2.24538, 2.04317) (-2.97537, 2.2455) (-1.86069, -1.62025) 
(2.53753, 2.12377) (-2.09618, 0.353815) (2.27983, -1.77973) (-2.24533, 2.04319) (-2.97537, 2.2455) (-1.88463, -1.62005) 
(2.53636, 2.12345) (-2.09618, 0.353815) (2.27649, -1.78062) (-2.24538, 2.04317) (-2.97537, 2.2455) (-1.9243, -1.62048) 
(2.53537, 2.12322) (-2.09618, 0.353815) (2.275, -1.78087) (-2.24535, 2.04317) (-2.97537, 2.2455) (-1.95779, -1.62135) 
(2.53449, 2.12329) (-2.09618, 0.353815) (2.27519, -1.78162) (-2.24535, 2.04316) (-2.97537, 2.2455) (-1.98492, -1.62067) 
(2.53349, 2.12267) (-2.09618, 0.353815) (2.2754, -1.78257) (-2.24537, 2.04321) (-2.97537, 2.2455) (-2.00072, -1.62059) 
(2.53349, 2.12266) (-2.09618, 0.353815) (2.2754, -1.78257) (-2.24537, 2.04321) (-2.97537, 2.2455) (-2.00066, -1.62059) 
(2.53264, 2.12247) (-2.09618, 0.353815) (2.27645, -1.78706) (-2.2454, 2.04318) (-2.97537, 2.2455) (-2.02144, -1.61981) 
(2.53164, 2.12271) (-2.09618, 0.353815) (2.2783, -1.79077) (-2.24538, 2.04317) (-2.97537, 2.2455) (-2.02715, -1.61964) 
(2.53188, 2.12325) (-2.09618, 0.353815) (2.28057, -1.79528) (-2.24532, 2.04317) (-2.97537, 2.2455) (-2.02035, -1.61972) 
(2.53504, 2.12401) (-2.09618, 0.353815) (2.27926, -1.79776) (-2.24539, 2.04318) (-2.97537, 2.2455) (-2.01308, -1.61986) 
(2.53939, 2.12376) (-2.09618, 0.353815) (2.27642, -1.79833) (-2.24539, 2.0432) (-2.97537, 2.2455) (-2.01364, -1.61982) 
(2.5411, 2.12383) (-2.09618, 0.353815) (2.27297, -1.79843) (-2.24538, 2.04319) (-2.97537, 2.2455) (-2.0138, -1.6199) 
(2.54166, 2.12389) (-2.09618, 0.353815) (2.25783, -1.79929) (-2.24537, 2.0432) (-2.97537, 2.2455) (-2.01366, -1.61985) 
(2.5397, 2.12465) (-2.09618, 0.353815) (2.25531, -1.80012) (-2.24537, 2.04321) (-2.97537, 2.2455) (-2.01363, -1.61986) 
(2.53523, 2.12451) (-2.09618, 0.353815) (2.26035, -1.80253) (-2.24539, 2.04318) (-2.97537, 2.2455) (-2.01365, -1.61987) 
(2.53366, 2.12442) (-2.09618, 0.353815) (2.26293, -1.80381) (-2.24535, 2.04317) (-2.97537, 2.2455) (-2.01365, -1.61987) 
(2.53005, 2.12415) (-2.09618, 0.353815) (2.26939, -1.81009) (-2.24534, 2.04318) (-2.97537, 2.2455) (-2.01368, -1.61984) 
(2.52926, 2.12315) (-2.09618, 0.353815) (2.27376, -1.81733) (-2.2454, 2.04317) (-2.97537, 2.2455) (-2.01364, -1.61984) 
(2.52891, 2.12124) (-2.09618, 0.353815) (2.27036, -1.82253) (-2.24532, 2.04317) (-2.97537, 2.2455) (-2.01364, -1.61985) 
