(1.45955, -0.43926) (2.59575, -0.373525) (-2.22082, 0.467521) (-1.464, 0.48406) (0.053217, 2.48095) (0.0827769, -2.04073) 
(1.45453, -0.441008) (2.59655, -0.371981) (-2.21932, 0.467976) (-1.46398, 0.484049) (0.0532647, 2.48083) (0.0827844, -2.04072) 
(1.45097, -0.440234) (2.5972, -0.370424) (-2.21751, 0.468312) (-1.46258, 0.4833) (0.0509882, 2.47287) (0.082032, -2.04164) 
(1.44688, -0.438016) (2.59749, -0.369772) (-2.21458, 0.46913) (-1.41423, 0.483326) (0.0604491, 2.43332) (0.080085, -2.00241) 
(1.44479, -0.435875) (2.59759, -0.369467) (-2.21178, 0.469002) (-1.36575, 0.487382) (0.0609446, 2.41761) (0.076492, -1.98642) 
(1.42413, -0.416715) (2.5967, -0.369121) (-2.19652, 0.467838) (-1.28341, 0.486678) (0.0530724, 2.37821) (0.0613558, -1.95487) 
(1.39875, -0.40483) (2.59474, -0.3696) (-2.16948, 0.470108) (-1.23215, 0.489906) (0.0420955, 2.35421) (0.0469451, -1.92466) 
(1.36875, -0.398064) (2.59193, -0.370446) (-2.13913, 0.470467) (-1.18154, 0.491344) (0.0327046, 2.33329) (0.0313396, -1.88946) 
(1.32189, -0.396688) (2.58706, -0.372843) (-2.10446, 0.466455) (-1.12394, 0.493774) (0.0179133, 2.31562) (0.0166816, -1.84988) 
(1.26317, -0.398702) (2.57982, -0.378224) (-2.06458, 0.460732) (-1.07129, 0.49618) (0.00465409, 2.30029) (0.00873318, -1.81639) 
(1.18867, -0.400154) (2.56749, -0.387943) (-2.01683, 0.446995) (-1.01319, 0.496949) (-0.0120065, 2.29043) (0.000691775, -1.77743) 
(1.12822, -0.400764) (2.55296, -0.398203) (-1.97541, 0.433946) (-0.968337, 0.499143) (-0.0251193, 2.28303) (-0.00648306, -1.74419) 
(1.03491, -0.402739) (2.52392, -0.41467) (-1.91254, 0.417439) (-0.906213, 0.502339) (-0.0402877, 2.27842) (-0.0189832, -1.70724) 
(0.961956, -0.402873) (2.49928, -0.422865) (-1.86465, 0.407787) (-0.85666, 0.504324) (-0.054956, 2.27578) (-0.0292655, -1.67968) 
(0.903398, -0.398431) (2.47185, -0.426089) (-1.81321, 0.402898) (-0.812264, 0.505983) (-0.0680339, 2.27566) (-0.0335946, -1.65493) 
(0.845605, -0.390041) (2.44026, -0.424643) (-1.76155, 0.402295) (-0.760167, 0.50859) (-0.0823371, 2.27838) (-0.0379421, -1.62392) 
(0.76594, -0.371324) (2.398, -0.412769) (-1.69312, 0.405969) (-0.69228, 0.51164) (-0.100211, 2.28463) (-0.0333594, -1.58994) 
(0.684271, -0.349526) (2.36226, -0.399737) (-1.63116, 0.415014) (-0.638494, 0.514448) (-0.113674, 2.29267) (-0.0268618, -1.56364) 
(0.593762, -0.325046) (2.32058, -0.389147) (-1.57013, 0.428509) (-0.589695, 0.516356) (-0.125449, 2.30012) (-0.0210079, -1.53229) 
(0.49606, -0.303161) (2.27709, -0.380261) (-1.51105, 0.438963) (-0.539054, 0.519386) (-0.135408, 2.31074) (-0.0131239, -1.49876) 
(0.414154, -0.290876) (2.23316, -0.376398) (-1.4668, 0.446917) (-0.493478, 0.522961) (-0.143245, 2.3205) (-0.0105211, -1.46833) 
(0.300017, -0.287179) (2.17275, -0.381362) (-1.40589, 0.454176) (-0.421653, 0.523116) (-0.151138, 2.33706) (-0.00832337, -1.42413) 
(0.204227, -0.28885) (2.11482, -0.389317) (-1.35217, 0.458498) (-0.357161, 0.525882) (-0.156625, 2.35191) (-0.00575058, -1.38296) 
(0.109419, -0.292517) (2.0538, -0.398031) (-1.29481, 0.459691) (-0.299767, 0.526761) (-0.157657, 2.36798) (-0.00343012, -1.3391) 
(0.0137284, -0.299407) (1.99124, -0.407361) (-1.23489, 0.454178) (-0.242958, 0.528354) (-0.156511, 2.38134) (-0.000758996, -1.29751) 
(-0.0922988, -0.306279) (1.92916, -0.42233) (-1.16515, 0.444317) (-0.184446, 0.53048) (-0.153119, 2.39911) (0.00166789, -1.25608) 
(-0.164904, -0.302206) (1.87313, -0.430955) (-1.11212, 0.438252) (-0.136672, 0.531566) (-0.145287, 2.41273) (0.000953775, -1.22759) 
(-0.252465, -0.293444) (1.79676, -0.427926) (-1.04714, 0.43934) (-0.0808263, 0.533735) (-0.13351, 2.43174) (-0.00461099, -1.20331) 
(-0.338443, -0.28408) (1.72683, -0.420152) (-0.982406, 0.444332) (-0.0228435, 0.534457) (-0.122026, 2.45288) (-0.0162744, -1.17417) 
(-0.426275, -0.271795) (1.65622, -0.414472) (-0.915902, 0.451758) (0.0328587, 0.53601) (-0.111293, 2.4737) (-0.0338743, -1.1492) 
(-0.511941, -0.259477) (1.58796, -0.406388) (-0.852134, 0.461514) (0.0848153, 0.538158) (-0.106429, 2.49609) (-0.0520249, -1.12755) 
(-0.60463, -0.248312) (1.50445, -0.393715) (-0.774502, 0.475598) (0.147296, 0.540881) (-0.101158, 2.52107) (-0.0745393, -1.09908) 
(-0.707052, -0.242198) (1.41323, -0.381657) (-0.691775, 0.486163) (0.214077, 0.543763) (-0.0960663, 2.54803) (-0.102324, -1.06251) 
(-0.789461, -0.240984) (1.33854, -0.380504) (-0.628047, 0.487012) (0.267092, 0.544934) (-0.087047, 2.56981) (-0.127542, -1.0277) 
(-0.874508, -0.241746) (1.26809, -0.386162) (-0.565193, 0.483009) (0.318789, 0.546466) (-0.0741018, 2.59485) (-0.151124, -0.996997) 
(-0.97364, -0.242345) (1.1825, -0.39314) (-0.48942, 0.47473) (0.37926, 0.54856) (-0.0551895, 2.62603) (-0.173086, -0.976866) 
(-1.05802, -0.242121) (1.10379, -0.398391) (-0.421721, 0.464913) (0.431358, 0.551165) (-0.033602, 2.64976) (-0.196892, -0.952866) 
(-1.1377, -0.235192) (1.01921, -0.406446) (-0.346813, 0.450353) (0.489112, 0.553548) (-0.0155552, 2.67912) (-0.220329, -0.928171) 
(-1.2151, -0.218705) (0.935463, -0.414576) (-0.264556, 0.435308) (0.551923, 0.554272) (0.00594826, 2.71058) (-0.240255, -0.902553) 
(-1.28313, -0.199483) (0.857265, -0.416196) (-0.192545, 0.425521) (0.609461, 0.557427) (0.020946, 2.7407) (-0.247806, -0.880518) 
(-1.35442, -0.174415) (0.784954, -0.409718) (-0.121511, 0.420319) (0.667128, 0.55951) (0.0309519, 2.74865) (-0.257576, -0.848914) 
(-1.42903, -0.139995) (0.704827, -0.40526) (-0.0427684, 0.417101) (0.728853, 0.561963) (0.0508448, 2.78534) (-0.258841, -0.822838) 
(-1.49697, -0.11032) (0.633675, -0.400999) (0.0273302, 0.415533) (0.782562, 0.563694) (0.0612145, 2.82174) (-0.258681, -0.801189) 
(-1.56208, -0.0819081) (0.557367, -0.393066) (0.107226, 0.417082) (0.839602, 0.565845) (0.0821065, 2.83123) (-0.259599, -0.769413) 
(-1.60728, -0.0643405) (0.506252, -0.386431) (0.161614, 0.420796) (0.878682, 0.567717) (0.0935224, 2.8266) (-0.258621, -0.74639) 
(-1.69497, -0.0316429) (0.407269, -0.381707) (0.265015, 0.425786) (0.959957, 0.570895) (0.101814, 2.82339) (-0.251992, -0.721269) 
(-1.75686, -0.0137354) (0.333912, -0.379164) (0.338507, 0.424015) (1.01941, 0.572525) (0.106879, 2.82527) (-0.240663, -0.698681) 
(-1.8134, -0.00357724) (0.27241, -0.377862) (0.403954, 0.420207) (1.07097, 0.574656) (0.108015, 2.82391) (-0.225372, -0.677947) 
(-1.87919, 0.00652427) (0.208473, -0.378419) (0.480891, 0.415248) (1.12742, 0.575589) (0.110777, 2.82119) (-0.212386, -0.660852) 
(-1.93088, 0.0177777) (0.164914, -0.382708) (0.534304, 0.405686) (1.18063, 0.580048) (0.113648, 2.81882) (-0.202397, -0.645586) 
(-1.98211, 0.0324675) (0.132455, -0.37713) (0.585094, 0.379029) (1.24366, 0.584553) (0.116876, 2.81429) (-0.18806, -0.633973) 
(-2.01771, 0.051185) (0.128629, -0.36955) (0.638763, 0.347019) (1.29422, 0.589822) (0.117747, 2.81125) (-0.170021, -0.626132) 
(-2.03895, 0.0705619) (0.12452, -0.358301) (0.701097, 0.327671) (1.34737, 0.593976) (0.123276, 2.80852) (-0.14225, -0.615672) 
(-2.04691, 0.0843698) (0.120181, -0.345284) (0.754811, 0.319812) (1.39465, 0.597037) (0.123375, 2.8072) (-0.116551, -0.612425) 
(-2.04738, 0.0917839) (0.119108, -0.329335) (0.804573, 0.313808) (1.44103, 0.597623) (0.123099, 2.80642) (-0.0987791, -0.613151) 
(-2.04679, 0.100109) (0.13326, -0.308089) (0.878258, 0.311291) (1.5087, 0.597327) (0.122568, 2.80782) (-0.072334, -0.619558) 
(-2.05055, 0.10448) (0.157438, -0.298111) (0.938412, 0.314125) (1.56703, 0.598476) (0.121986, 2.80767) (-0.0521851, -0.62909) 
(-2.05449, 0.109928) (0.185064, -0.29619) (1.00059, 0.322326) (1.62689, 0.596694) (0.12327, 2.80737) (-0.030701, -0.643719) 
(-2.05646, 0.115625) (0.217791, -0.309462) (1.06333, 0.327708) (1.67999, 0.595403) (0.121366, 2.80823) (-0.0138342, -0.661457) 
(-2.05961, 0.118242) (0.265878, -0.340094) (1.13695, 0.335423) (1.73879, 0.596673) (0.121888, 2.80787) (-9.98599e-05, -0.683045) 
(-2.06308, 0.118374) (0.311661, -0.373622) (1.20899, 0.347208) (1.79229, 0.597121) (0.122523, 2.80755) (0.00908362, -0.703443) 
(-2.06683, 0.114028) (0.363511, -0.413635) (1.3065, 0.357572) (1.86222, 0.597554) (0.123347, 2.80724) (0.0147735, -0.72917) 
(-2.06878, 0.108381) (0.40581, -0.441516) (1.39221, 0.346733) (1.91729, 0.599293) (0.12177, 2.80791) (0.015215, -0.750857) 
(-2.0743, 0.105395) (0.457801, -0.467146) (1.48245, 0.321226) (1.98226, 0.60131) (0.122231, 2.80833) (0.0110639, -0.776704) 
(-2.08072, 0.105302) (0.503824, -0.484197) (1.54922, 0.299898) (2.03484, 0.6032) (0.122344, 2.80867) (0.00698159, -0.794609) 
(-2.08865, 0.103719) (0.566129, -0.498398) (1.62501, 0.282629) (2.09984, 0.607428) (0.123138, 2.80797) (0.00274061, -0.814172) 
(-2.09434, 0.102229) (0.624503, -0.504802) (1.68305, 0.274351) (2.15253, 0.613392) (0.122656, 2.80796) (0.00316695, -0.829285) 
(-2.09887, 0.100515) (0.69267, -0.50739) (1.74654, 0.267374) (2.20726, 0.616386) (0.121836, 2.80799) (0.00716557, -0.84104) 
(-2.10123, 0.0996734) (0.768571, -0.502307) (1.81639, 0.267241) (2.26365, 0.619477) (0.122986, 2.80832) (0.0140111, -0.85436) 
(-2.10225, 0.0988167) (0.827824, -0.492271) (1.86801, 0.271655) (2.30741, 0.623682) (0.122316, 2.80818) (0.0220744, -0.863775) 
(-2.10305, 0.0992848) (0.889188, -0.475904) (1.91898, 0.282737) (2.35288, 0.628853) (0.122661, 2.80723) (0.0328632, -0.872947) 
