(2.09296, -1.60764) (-2.1082, -1.6561) (0.105741, 2.28338) (-2.14058, 1.87705) (2.06494, 1.90366) (0.0928047, -1.95012) 
(2.09901, -1.60773) (-2.1077, -1.65618) (0.104486, 2.28013) (-2.14148, 1.87591) (2.06394, 1.90362) (0.0919686, -1.95191) 
(2.10441, -1.60496) (-2.10752, -1.6559) (0.102228, 2.27689) (-2.13791, 1.86986) (2.05792, 1.89656) (0.09172, -1.94894) 
(2.10244, -1.60826) (-2.1077, -1.65609) (0.100655, 2.27822) (-2.13096, 1.86006) (2.05226, 1.88932) (0.0912567, -1.94268) 
(2.09802, -1.60758) (-2.10788, -1.65409) (0.101351, 2.27577) (-2.12623, 1.85472) (2.0461, 1.87787) (0.0905012, -1.93042) 
(2.09315, -1.60546) (-2.10543, -1.649) (0.0956984, 2.27846) (-2.11903, 1.8471) (2.03483, 1.86107) (0.0892113, -1.91488) 
(2.08478, -1.60397) (-2.09897, -1.63397) (0.0750407, 2.26943) (-2.10317, 1.83374) (2.02476, 1.84911) (0.0877563, -1.89489) 
(2.07197, -1.60698) (-2.09339, -1.61612) (0.0591586, 2.24625) (-2.08821, 1.82082) (2.01425, 1.8372) (0.0879831, -1.87976) 
(2.05606, -1.61203) (-2.0897, -1.59859) (0.0506437, 2.22385) (-2.07749, 1.81419) (2.00496, 1.82765) (0.087503, -1.86691) 
(2.0357, -1.62006) (-2.08373, -1.57827) (0.0486844, 2.19305) (-2.06318, 1.8025) (1.98533, 1.81298) (0.0868528, -1.84867) 
(2.01233, -1.62927) (-2.06933, -1.55579) (0.0582875, 2.16771) (-2.04354, 1.78306) (1.96629, 1.79442) (0.0862599, -1.81757) 
(1.9955, -1.63119) (-2.0511, -1.53858) (0.0729488, 2.15268) (-2.0254, 1.76618) (1.94854, 1.77938) (0.0855402, -1.79347) 
(1.97374, -1.62488) (-2.01674, -1.51407) (0.109206, 2.12798) (-1.99745, 1.73812) (1.92319, 1.75511) (0.0837731, -1.76045) 
(1.9674, -1.62044) (-2.00473, -1.50766) (0.123063, 2.11987) (-1.99055, 1.73161) (1.91807, 1.7484) (0.0831107, -1.75119) 
(1.9423, -1.58814) (-1.94187, -1.48236) (0.182406, 2.08958) (-1.95142, 1.69817) (1.88669, 1.71351) (0.0811279, -1.70672) 
(1.92921, -1.54989) (-1.89101, -1.46581) (0.218251, 2.06267) (-1.92468, 1.67647) (1.86287, 1.68312) (0.0794725, -1.66998) 
(1.92297, -1.5144) (-1.85363, -1.45404) (0.24206, 2.03785) (-1.89921, 1.65803) (1.84222, 1.65761) (0.0788527, -1.63495) 
(1.91633, -1.45774) (-1.80149, -1.43574) (0.258785, 2.0058) (-1.8556, 1.62359) (1.81252, 1.61587) (0.0770744, -1.5834) 
(1.91133, -1.42126) (-1.77071, -1.41895) (0.261261, 1.97816) (-1.82801, 1.60247) (1.79041, 1.5897) (0.0756236, -1.54699) 
(1.90105, -1.37873) (-1.73621, -1.39326) (0.25224, 1.9409) (-1.79102, 1.57183) (1.76173, 1.55723) (0.074374, -1.50312) 
(1.88211, -1.33385) (-1.69639, -1.35407) (0.225462, 1.89516) (-1.74962, 1.53737) (1.7263, 1.5211) (0.0720864, -1.44862) 
(1.86374, -1.30402) (-1.6693, -1.31978) (0.200705, 1.86156) (-1.7169, 1.5112) (1.70065, 1.49899) (0.0703508, -1.4088) 
(1.83173, -1.26477) (-1.6339, -1.2647) (0.163749, 1.80152) (-1.67224, 1.47417) (1.6671, 1.46212) (0.0670658, -1.35036) 
(1.81771, -1.25182) (-1.62165, -1.24333) (0.151825, 1.77881) (-1.65824, 1.4636) (1.65617, 1.4512) (0.0664971, -1.32672) 
(1.76034, -1.20965) (-1.57894, -1.16913) (0.117607, 1.71185) (-1.61204, 1.41902) (1.62425, 1.40723) (0.0635828, -1.24297) 
(1.70331, -1.17779) (-1.54242, -1.11017) (0.0993607, 1.64658) (-1.58942, 1.386) (1.60155, 1.36499) (0.0625938, -1.1769) 
(1.66161, -1.15608) (-1.51602, -1.07033) (0.10144, 1.61007) (-1.57328, 1.35602) (1.58355, 1.33517) (0.0611004, -1.13161) 
(1.63455, -1.14096) (-1.4966, -1.04413) (0.105198, 1.58847) (-1.56465, 1.33551) (1.57278, 1.31477) (0.0602353, -1.09872) 
(1.57279, -1.10141) (-1.44311, -0.984756) (0.131498, 1.52807) (-1.55097, 1.28523) (1.54268, 1.26775) (0.0571766, -1.01466) 
(1.53799, -1.07298) (-1.40267, -0.947338) (0.154641, 1.4908) (-1.53505, 1.25622) (1.52167, 1.24069) (0.055655, -0.96398) 
(1.50127, -1.03389) (-1.35135, -0.908642) (0.188933, 1.45536) (-1.52203, 1.23409) (1.49173, 1.21203) (0.0525293, -0.904026) 
(1.47295, -0.992669) (-1.3011, -0.879637) (0.227318, 1.41124) (-1.50161, 1.21462) (1.46534, 1.17911) (0.0504054, -0.848679) 
(1.46265, -0.973362) (-1.28028, -0.868363) (0.238974, 1.39021) (-1.49245, 1.20545) (1.45478, 1.16745) (0.0495052, -0.828347) 
(1.42998, -0.88875) (-1.20352, -0.828563) (0.274715, 1.32818) (-1.45213, 1.15997) (1.42173, 1.11665) (0.044591, -0.747427) 
(1.41251, -0.833973) (-1.16383, -0.805319) (0.28694, 1.2919) (-1.43009, 1.13539) (1.40946, 1.08854) (0.0398302, -0.692129) 
(1.39423, -0.779869) (-1.12545, -0.777874) (0.29267, 1.2607) (-1.40772, 1.11315) (1.39309, 1.05958) (0.0358919, -0.635967) 
(1.37801, -0.738538) (-1.09768, -0.752847) (0.295638, 1.22948) (-1.38534, 1.08929) (1.37914, 1.03968) (0.0310845, -0.59324) 
(1.36158, -0.701648) (-1.07169, -0.724696) (0.291646, 1.19504) (-1.36122, 1.06565) (1.37089, 1.01334) (0.0294598, -0.550883) 
(1.33433, -0.655545) (-1.03644, -0.675487) (0.267471, 1.14108) (-1.33324, 1.03666) (1.36267, 0.971087) (0.0274431, -0.489144) 
(1.30403, -0.62069) (-1.00978, -0.626195) (0.237291, 1.10203) (-1.30643, 1.00713) (1.36258, 0.934693) (0.0232213, -0.432093) 
(1.27421, -0.596623) (-0.990067, -0.578041) (0.206145, 1.07157) (-1.28482, 0.980075) (1.36345, 0.907226) (0.01543, -0.390834) 
(1.24061, -0.577022) (-0.973676, -0.528154) (0.176162, 1.03721) (-1.27449, 0.959332) (1.36856, 0.882395) (0.00817431, -0.350933) 
(1.22338, -0.569996) (-0.965796, -0.504989) (0.164088, 1.02332) (-1.27292, 0.94642) (1.36735, 0.86927) (0.00251244, -0.33362) 
(1.15359, -0.548442) (-0.940617, -0.427016) (0.134183, 0.97197) (-1.25791, 0.897119) (1.36939, 0.827573) (-0.0133877, -0.272817) 
(1.10078, -0.535606) (-0.919921, -0.376062) (0.12778, 0.93588) (-1.24564, 0.860086) (1.36638, 0.796341) (-0.0170921, -0.231964) 
(1.0537, -0.524037) (-0.900605, -0.332227) (0.126037, 0.901356) (-1.23794, 0.8243) (1.36075, 0.762619) (-0.0140463, -0.184892) 
(1.01199, -0.513284) (-0.879164, -0.29273) (0.130846, 0.859335) (-1.23106, 0.785645) (1.35353, 0.729095) (-0.00113634, -0.14655) 
(0.975815, -0.501512) (-0.855659, -0.25471) (0.14777, 0.817721) (-1.2271, 0.745609) (1.34235, 0.693415) (0.00924874, -0.119705) 
(0.946227, -0.486235) (-0.828431, -0.214225) (0.176765, 0.776646) (-1.22417, 0.70152) (1.3308, 0.653515) (0.0168743, -0.0869453) 
(0.924568, -0.465259) (-0.798375, -0.179267) (0.207142, 0.73487) (-1.22386, 0.65759) (1.3118, 0.610134) (0.0218877, -0.0593315) 
(0.911631, -0.444234) (-0.772525, -0.155286) (0.228143, 0.697921) (-1.22068, 0.624499) (1.29706, 0.574653) (0.018702, -0.0417511) 
(0.899867, -0.41161) (-0.734946, -0.124733) (0.245726, 0.651323) (-1.2173, 0.580285) (1.27922, 0.537868) (0.0167021, -0.0135352) 
(0.891189, -0.373783) (-0.695587, -0.0931386) (0.254858, 0.609885) (-1.20807, 0.536327) (1.26573, 0.496771) (0.0118069, 0.00964647) 
(0.88549, -0.341478) (-0.667286, -0.0688605) (0.252325, 0.578012) (-1.19988, 0.50263) (1.259, 0.464274) (0.00639888, 0.0270038) 
(0.876414, -0.295189) (-0.631217, -0.0367329) (0.240358, 0.5417) (-1.18439, 0.451554) (1.25351, 0.419542) (0.00226816, 0.0466534) 
(0.866741, -0.256696) (-0.605179, -0.0117386) (0.221373, 0.518114) (-1.17012, 0.407172) (1.25361, 0.386503) (0.00136113, 0.0645262) 
(0.858338, -0.228675) (-0.587687, 0.00542111) (0.197643, 0.498945) (-1.1563, 0.37183) (1.24808, 0.356892) (0.00640592, 0.0761588) 
(0.84461, -0.198323) (-0.569497, 0.0240018) (0.171838, 0.477605) (-1.1344, 0.321416) (1.23948, 0.321584) (0.0136575, 0.100064) 
(0.831142, -0.177189) (-0.554752, 0.0346908) (0.157315, 0.457925) (-1.11563, 0.277669) (1.23517, 0.289038) (0.0251863, 0.124239) 
(0.809746, -0.15636) (-0.535038, 0.0435985) (0.150368, 0.428948) (-1.09093, 0.221727) (1.23205, 0.25604) (0.0444663, 0.147581) 
(0.792465, -0.144755) (-0.520318, 0.0493377) (0.150173, 0.41074) (-1.07507, 0.180801) (1.23505, 0.232311) (0.0596708, 0.15956) 
(0.769808, -0.134448) (-0.504154, 0.0648645) (0.153003, 0.382225) (-1.05441, 0.131291) (1.2355, 0.208207) (0.0834054, 0.172904) 
(0.7507, -0.128955) (-0.493772, 0.0887536) (0.151082, 0.355208) (-1.03556, 0.08678) (1.23832, 0.192327) (0.107317, 0.180256) 
(0.748045, -0.128167) (-0.492661, 0.0934227) (0.15058, 0.35041) (-1.03226, 0.0788166) (1.23781, 0.189712) (0.11166, 0.180907) 
(0.727191, -0.115908) (-0.483113, 0.150893) (0.123227, 0.301131) (-1.00315, -0.00413992) (1.22964, 0.153768) (0.157504, 0.181004) 
(0.723988, -0.0976141) (-0.477998, 0.186325) (0.0722178, 0.272016) (-0.983135, -0.0653957) (1.22404, 0.127375) (0.183403, 0.173707) 
(0.728358, -0.0767151) (-0.473032, 0.210531) (0.0296389, 0.245449) (-0.970781, -0.105043) (1.21773, 0.103299) (0.203237, 0.163053) 
(0.738615, -0.0411099) (-0.464493, 0.233753) (-0.00492749, 0.212401) (-0.94686, -0.15074) (1.20909, 0.0744212) (0.223662, 0.152149) 
(0.751582, -0.00433782) (-0.458736, 0.245027) (-0.0215171, 0.185837) (-0.926127, -0.177824) (1.20698, 0.0534578) (0.241515, 0.144186) 
(0.770772, 0.0415071) (-0.448857, 0.256972) (-0.0369041, 0.149228) (-0.891233, -0.213788) (1.20191, 0.0295066) (0.263795, 0.13772) 
(0.796289, 0.0935698) (-0.433309, 0.268409) (-0.0424957, 0.0999593) (-0.857465, -0.243888) (1.20646, 0.00406418) (0.270418, 0.139091) 
(0.815256, 0.133887) (-0.418743, 0.275206) (-0.0456782, 0.0598388) (-0.831543, -0.264703) (1.20968, -0.0148149) (0.281763, 0.141861) 
(0.823632, 0.153146) (-0.410793, 0.278172) (-0.0456463, 0.0410361) (-0.81681, -0.276116) (1.21283, -0.0238312) (0.288975, 0.142037) 
(0.847662, 0.220087) (-0.381141, 0.289685) (-0.0330959, -0.039441) (-0.758146, -0.325947) (1.23009, -0.0562511) (0.312356, 0.152887) 
(0.851729, 0.264426) (-0.359667, 0.295261) (-0.0226544, -0.0934199) (-0.718049, -0.362642) (1.2507, -0.07316) (0.32531, 0.16342) 
(0.845501, 0.299546) (-0.34419, 0.295842) (-0.0128061, -0.133783) (-0.694302, -0.390299) (1.26264, -0.0759798) (0.33362, 0.173568) 
(0.832489, 0.332585) (-0.329526, 0.294104) (-0.00681264, -0.170659) (-0.671984, -0.421254) (1.27082, -0.0831498) (0.34091, 0.184586) 
(0.812024, 0.366346) (-0.315653, 0.290966) (-0.0030304, -0.206741) (-0.653123, -0.444978) (1.2806, -0.0928876) (0.346381, 0.195752) 
(0.762848, 0.425559) (-0.296054, 0.286857) (-0.00447285, -0.276372) (-0.61752, -0.482555) (1.29153, -0.107207) (0.354453, 0.215243) 
(0.716131, 0.474377) (-0.27749, 0.289499) (-0.0131179, -0.332036) (-0.589238, -0.50468) (1.29847, -0.120048) (0.361458, 0.225532) 
(0.672382, 0.521551) (-0.259422, 0.296008) (-0.0270014, -0.384057) (-0.569107, -0.522912) (1.30328, -0.132499) (0.368187, 0.233921) 
(0.626135, 0.574898) (-0.235369, 0.310922) (-0.0461615, -0.453061) (-0.547486, -0.549845) (1.30667, -0.146325) (0.386892, 0.245191) 
(0.597985, 0.612468) (-0.217365, 0.326747) (-0.0582482, -0.506457) (-0.540954, -0.568353) (1.30666, -0.157258) (0.404293, 0.256732) 
(0.560406, 0.678698) (-0.190468, 0.35976) (-0.0658575, -0.580721) (-0.530033, -0.603797) (1.3053, -0.173876) (0.42905, 0.262172) 
(0.541411, 0.728125) (-0.171062, 0.38501) (-0.062976, -0.631654) (-0.531899, -0.619378) (1.30271, -0.185465) (0.445738, 0.262609) 
(0.521639, 0.800098) (-0.142627, 0.416214) (-0.0470089, -0.688591) (-0.53756, -0.642295) (1.29766, -0.198296) (0.470167, 0.261913) 
(0.50962, 0.866686) (-0.121425, 0.438765) (-0.0304705, -0.740598) (-0.546306, -0.660434) (1.29131, -0.210096) (0.484773, 0.260163) 
(0.497143, 0.950057) (-0.0973867, 0.462527) (-0.00537208, -0.805806) (-0.557767, -0.677995) (1.28078, -0.222007) (0.499773, 0.261483) 
(0.484941, 1.01532) (-0.0777678, 0.477632) (0.022012, -0.855248) (-0.568664, -0.691057) (1.26905, -0.22935) (0.513435, 0.264006) 
(0.461389, 1.09694) (-0.0500497, 0.492185) (0.0663795, -0.922958) (-0.577694, -0.707649) (1.24817, -0.241545) (0.524657, 0.27093) 
(0.428679, 1.164) (-0.0210087, 0.501532) (0.110006, -0.991125) (-0.582063, -0.726433) (1.21954, -0.248605) (0.539131, 0.281764) 
(0.396025, 1.2072) (0.00359495, 0.504498) (0.131739, -1.04076) (-0.583066, -0.742496) (1.19463, -0.25809) (0.550927, 0.293996) 
(0.352131, 1.24677) (0.0333191, 0.500252) (0.142309, -1.10251) (-0.581689, -0.759749) (1.16565, -0.268267) (0.559936, 0.307968) 
(0.352055, 1.24668) (0.0333398, 0.500181) (0.142229, -1.10252) (-0.581665, -0.759747) (1.16561, -0.268267) (0.55991, 0.307989) 
(0.245455, 1.29968) (0.0914814, 0.472525) (0.132884, -1.23499) (-0.570335, -0.791672) (1.10701, -0.294049) (0.577466, 0.337678) 
(0.171668, 1.31899) (0.125074, 0.449482) (0.112428, -1.32387) (-0.559146, -0.808933) (1.07127, -0.30644) (0.585608, 0.353239) 
(0.1129, 1.32992) (0.148352, 0.431929) (0.0875205, -1.39466) (-0.549054, -0.820569) (1.04439, -0.314691) (0.597977, 0.37299) 
(0.0439894, 1.34701) (0.175539, 0.409589) (0.0443191, -1.48768) (-0.532176, -0.833194) (1.01676, -0.32222) (0.617692, 0.406286) 
(-0.0209375, 1.37072) (0.198093, 0.389724) (-0.0109687, -1.57527) (-0.51381, -0.843356) (0.984198, -0.326031) (0.636857, 0.434562) 
(-0.0773839, 1.3988) (0.219257, 0.372149) (-0.056916, -1.63568) (-0.496967, -0.856021) (0.949454, -0.324421) (0.654513, 0.453294) 
(-0.120006, 1.42422) (0.235623, 0.359992) (-0.0923676, -1.67694) (-0.48103, -0.865062) (0.930094, -0.329919) (0.67274, 0.463386) 
(-0.190608, 1.47382) (0.261946, 0.342159) (-0.150214, -1.73272) (-0.447763, -0.883453) (0.897103, -0.323217) (0.699808, 0.476297) 
(-0.250115, 1.52552) (0.282978, 0.329698) (-0.182686, -1.77779) (-0.419002, -0.896013) (0.872786, -0.315659) (0.721941, 0.479224) 
(-0.264071, 1.53859) (0.287642, 0.327184) (-0.187803, -1.78806) (-0.411746, -0.898382) (0.867991, -0.314192) (0.727657, 0.479271) 
(-0.360838, 1.6278) (0.32106, 0.317841) (-0.208459, -1.84018) (-0.358849, -0.912354) (0.834753, -0.291037) (0.760448, 0.48684) 
(-0.410576, 1.66525) (0.338377, 0.315539) (-0.215425, -1.86669) (-0.324019, -0.917015) (0.818264, -0.286368) (0.767817, 0.490989) 
(-0.469369, 1.70059) (0.354682, 0.315693) (-0.235635, -1.89828) (-0.281875, -0.921759) (0.806946, -0.2749) (0.771662, 0.501127) 
(-0.51092, 1.71978) (0.363108, 0.314673) (-0.253103, -1.91313) (-0.251035, -0.927683) (0.796992, -0.268746) (0.780584, 0.509553) 
(-0.583611, 1.74244) (0.376101, 0.306969) (-0.278053, -1.92298) (-0.203428, -0.937793) (0.788167, -0.252954) (0.795247, 0.5286) 
(-0.641679, 1.75304) (0.387272, 0.297053) (-0.300919, -1.91421) (-0.168881, -0.948793) (0.78141, -0.241314) (0.806458, 0.547067) 
(-0.715145, 1.75681) (0.400687, 0.282755) (-0.33735, -1.88588) (-0.12116, -0.962796) (0.776984, -0.225364) (0.807465, 0.558112) 
(-0.773916, 1.75652) (0.411632, 0.271667) (-0.344511, -1.8642) (-0.0835882, -0.974285) (0.775492, -0.211862) (0.807502, 0.568347) 
(-0.804184, 1.75615) (0.416899, 0.267121) (-0.350179, -1.85652) (-0.0655154, -0.97943) (0.775784, -0.204854) (0.808471, 0.573047) 
(-0.924954, 1.76185) (0.445396, 0.258333) (-0.363465, -1.84608) (0.0209953, -1.00443) (0.779745, -0.177982) (0.803026, 0.599333) 
(-0.983574, 1.77149) (0.460256, 0.262085) (-0.36526, -1.8512) (0.0690594, -1.01739) (0.786273, -0.164613) (0.796808, 0.61316) 
(-1.04354, 1.78618) (0.476712, 0.272788) (-0.372334, -1.87411) (0.12016, -1.03007) (0.793044, -0.15246) (0.789519, 0.623333) 
(-1.10579, 1.80839) (0.494645, 0.29148) (-0.384569, -1.91009) (0.175259, -1.04455) (0.800102, -0.143434) (0.780552, 0.641725) 
(-1.13393, 1.82085) (0.500849, 0.301243) (-0.391862, -1.92668) (0.201154, -1.05206) (0.803239, -0.139442) (0.775058, 0.649857) 
(-1.21202, 1.86617) (0.51852, 0.329685) (-0.416528, -1.97859) (0.274266, -1.07108) (0.811633, -0.13025) (0.763483, 0.677395) 
(-1.27678, 1.91242) (0.532683, 0.350291) (-0.437856, -2.00877) (0.333938, -1.08756) (0.82631, -0.122448) (0.761936, 0.701595) 
(-1.32399, 1.94691) (0.546439, 0.362425) (-0.448005, -2.02567) (0.376954, -1.09934) (0.838123, -0.120401) (0.76426, 0.719652) 
(-1.38729, 1.98777) (0.567064, 0.372433) (-0.455163, -2.04902) (0.435008, -1.11628) (0.856276, -0.12242) (0.769292, 0.742651) 
(-1.41136, 2.00108) (0.577316, 0.375946) (-0.456333, -2.05801) (0.45722, -1.12207) (0.863013, -0.122293) (0.773026, 0.750916) 
(-1.48208, 2.02965) (0.617285, 0.383862) (-0.451191, -2.08324) (0.524881, -1.14123) (0.882283, -0.12806) (0.784377, 0.773922) 
(-1.5525, 2.04085) (0.67494, 0.385552) (-0.436042, -2.10185) (0.595413, -1.16191) (0.901501, -0.138012) (0.803292, 0.798471) 
(-1.61004, 2.03593) (0.730404, 0.383282) (-0.417967, -2.11637) (0.653696, -1.1781) (0.91369, -0.148328) (0.818802, 0.81837) 
(-1.64453, 2.02708) (0.764801, 0.381499) (-0.406729, -2.12363) (0.690109, -1.18893) (0.920742, -0.156066) (0.828748, 0.834175) 
(-1.70075, 2.00476) (0.820155, 0.379179) (-0.392654, -2.13249) (0.753314, -1.20568) (0.930838, -0.173221) (0.836556, 0.851784) 
(-1.75105, 1.98328) (0.869535, 0.382773) (-0.39003, -2.13945) (0.81297, -1.2223) (0.936501, -0.190092) (0.833007, 0.866974) 
(-1.78926, 1.96759) (0.913714, 0.395871) (-0.395506, -2.14751) (0.863555, -1.23632) (0.939356, -0.20383) (0.834788, 0.886006) 
(-1.83176, 1.95133) (0.965831, 0.42333) (-0.409657, -2.15413) (0.922015, -1.25332) (0.938849, -0.219804) (0.827974, 0.901906) 
(-1.8695, 1.93934) (1.01212, 0.460938) (-0.429842, -2.15707) (0.976161, -1.26724) (0.935079, -0.235731) (0.821057, 0.914631) 
(-1.91316, 1.9262) (1.05756, 0.51179) (-0.450655, -2.15956) (1.03444, -1.28381) (0.92886, -0.251944) (0.810629, 0.927117) 
(-1.95134, 1.91509) (1.09672, 0.565332) (-0.460375, -2.15412) (1.08464, -1.29805) (0.920673, -0.263976) (0.801391, 0.938784) 
(-1.9947, 1.9018) (1.13786, 0.626094) (-0.461005, -2.13886) (1.14086, -1.31456) (0.911654, -0.27548) (0.786632, 0.951471) 
(-2.03623, 1.88873) (1.17449, 0.680196) (-0.460529, -2.12879) (1.19633, -1.33035) (0.898329, -0.285541) (0.771378, 0.969889) 
(-2.07365, 1.87348) (1.21371, 0.733617) (-0.461677, -2.12649) (1.25112, -1.34591) (0.884564, -0.292756) (0.754147, 0.995276) 
(-2.1024, 1.86294) (1.25092, 0.783252) (-0.463512, -2.12241) (1.30543, -1.36115) (0.867975, -0.296364) (0.740966, 1.0229) 
(-2.12218, 1.85939) (1.29495, 0.840746) (-0.460382, -2.11171) (1.36427, -1.37836) (0.846326, -0.29324) (0.73105, 1.05069) 
(-2.12861, 1.86442) (1.34225, 0.89173) (-0.454271, -2.10728) (1.41815, -1.39424) (0.823751, -0.294079) (0.721482, 1.079) 
(-2.12577, 1.87449) (1.39118, 0.935443) (-0.448814, -2.1061) (1.46889, -1.40768) (0.808044, -0.2955) (0.708134, 1.10979) 
(-2.11606, 1.88985) (1.44844, 0.984269) (-0.442614, -2.10498) (1.52291, -1.42401) (0.792601, -0.290674) (0.689858, 1.14436) 
(-2.10177, 1.90544) (1.50197, 1.02732) (-0.438069, -2.10222) (1.5777, -1.44016) (0.77595, -0.285314) (0.67124, 1.17605) 
(-2.0839, 1.92276) (1.55181, 1.06949) (-0.436732, -2.09903) (1.63733, -1.45787) (0.761782, -0.276263) (0.646943, 1.2122) 
(-2.07273, 1.93532) (1.59024, 1.10722) (-0.438844, -2.09967) (1.68726, -1.47269) (0.749768, -0.265703) (0.624739, 1.24577) 
(-2.06759, 1.94254) (1.6267, 1.15012) (-0.445418, -2.10721) (1.74186, -1.48937) (0.739867, -0.253356) (0.601675, 1.28688) 
(-2.07058, 1.94537) (1.66332, 1.19873) (-0.45519, -2.1138) (1.79122, -1.50472) (0.732254, -0.237523) (0.576496, 1.32868) 
(-2.07796, 1.94561) (1.69414, 1.24767) (-0.462349, -2.11931) (1.83593, -1.51852) (0.727667, -0.222628) (0.557373, 1.36508) 
(-2.0879, 1.94782) (1.73035, 1.31883) (-0.468033, -2.12665) (1.89509, -1.53773) (0.72592, -0.203803) (0.533362, 1.41143) 
(-2.09554, 1.94931) (1.75987, 1.38219) (-0.470035, -2.12939) (1.9319, -1.54943) (0.72598, -0.187293) (0.512376, 1.45536) 
(-2.10129, 1.9501) (1.78125, 1.43571) (-0.470187, -2.12935) (1.94081, -1.55176) (0.730641, -0.17077) (0.48747, 1.50162) 
(-2.10537, 1.95017) (1.79697, 1.47493) (-0.469292, -2.13044) (1.9324, -1.54922) (0.736523, -0.157227) (0.466693, 1.53965) 
(-2.10849, 1.95029) (1.81548, 1.51203) (-0.466985, -2.13147) (1.92932, -1.54824) (0.746354, -0.145067) (0.445881, 1.57911) 
(-2.10916, 1.94948) (1.83181, 1.54175) (-0.465974, -2.13327) (1.93249, -1.54924) (0.754324, -0.13561) (0.422913, 1.61741) 
(-2.10857, 1.94857) (1.85363, 1.58679) (-0.464029, -2.13821) (1.93754, -1.55101) (0.772299, -0.121363) (0.384485, 1.68698) 
(-2.10789, 1.94922) (1.86746, 1.61329) (-0.461131, -2.13322) (1.93679, -1.55084) (0.789532, -0.116945) (0.356965, 1.73677) 
(-2.10676, 1.94999) (1.87798, 1.6349) (-0.460995, -2.12807) (1.937, -1.55081) (0.8089, -0.11705) (0.331405, 1.78273) 
(-2.10708, 1.95091) (1.88151, 1.64413) (-0.459899, -2.12505) (1.93658, -1.55074) (0.817896, -0.115318) (0.318398, 1.80697) 
(-2.10618, 1.95178) (1.89782, 1.67338) (-0.456195, -2.12425) (1.93682, -1.55072) (0.849716, -0.10299) (0.276787, 1.88468) 
(-2.10606, 1.95193) (1.91006, 1.68977) (-0.455503, -2.12536) (1.9368, -1.55082) (0.863041, -0.0916308) (0.256697, 1.92472) 
(-2.10641, 1.95236) (1.92811, 1.70982) (-0.454588, -2.12823) (1.93688, -1.55084) (0.880842, -0.0804022) (0.23204, 1.97324) 
(-2.10703, 1.95243) (1.94966, 1.72983) (-0.452805, -2.12847) (1.93686, -1.55081) (0.893912, -0.0646776) (0.206144, 2.02334) 
(-2.1079, 1.95195) (1.97242, 1.75064) (-0.453697, -2.12495) (1.93682, -1.55075) (0.906269, -0.0480133) (0.181765, 2.07413) 
(-2.10852, 1.95189) (1.98233, 1.75917) (-0.455406, -2.12345) (1.93683, -1.55082) (0.910388, -0.0382192) (0.169405, 2.09887) 
(-2.11115, 1.95107) (2.0049, 1.78558) (-0.453127, -2.13075) (1.93683, -1.55077) (0.920853, -0.00654418) (0.129923, 2.17446) 
(-2.11271, 1.95138) (2.01016, 1.79762) (-0.452019, -2.13473) (1.93683, -1.5508) (0.92263, 0.0148364) (0.108072, 2.22099) 
(-2.11495, 1.95113) (2.00818, 1.80124) (-0.452663, -2.13644) (1.93683, -1.55078) (0.920413, 0.0307638) (0.0857062, 2.26743) 
(-2.1156, 1.9515) (2.0064, 1.79816) (-0.452471, -2.13504) (1.93682, -1.55077) (0.917273, 0.0406587) (0.0729263, 2.29537) 
(-2.11583, 1.9519) (2.00244, 1.79162) (-0.451855, -2.13153) (1.93682, -1.55077) (0.914361, 0.0538966) (0.0656233, 2.30607) 
(-2.11602, 1.95162) (2.00086, 1.78695) (-0.451521, -2.12843) (1.93683, -1.55077) (0.911315, 0.0675294) (0.0711106, 2.29936) 
(-2.11656, 1.95156) (1.99263, 1.78397) (-0.454704, -2.11966) (1.93682, -1.55079) (0.914591, 0.0851594) (0.0699456, 2.29977) 
(-2.11689, 1.95172) (1.99167, 1.78499) (-0.45715, -2.1145) (1.93682, -1.55077) (0.918305, 0.0993805) (0.0678207, 2.30374) 
(-2.11749, 1.95173) (1.99149, 1.79043) (-0.456979, -2.10972) (1.93681, -1.55077) (0.920267, 0.110044) (0.0684109, 2.30277) 
(-2.11787, 1.95188) (1.98764, 1.80123) (-0.457289, -2.10363) (1.9368, -1.55076) (0.928725, 0.124366) (0.0682403, 2.30323) 
(-2.11747, 1.95129) (1.98432, 1.81361) (-0.457221, -2.09669) (1.93684, -1.55077) (0.938157, 0.135543) (0.0683671, 2.30308) 
(-2.11695, 1.95054) (1.98261, 1.82441) (-0.455989, -2.09248) (1.93681, -1.55079) (0.950009, 0.146471) (0.0682987, 2.30314) 
(-2.11617, 1.95025) (1.98199, 1.8326) (-0.453232, -2.09367) (1.93683, -1.55077) (0.964469, 0.155451) (0.0682917, 2.30311) 
(-2.11521, 1.94944) (1.98353, 1.83564) (-0.448455, -2.10482) (1.9368, -1.55078) (0.977207, 0.161374) (0.0683581, 2.30321) 
(-2.11545, 1.94995) (1.98748, 1.83594) (-0.416617, -2.13496) (1.93681, -1.55076) (0.993155, 0.165489) (0.0682896, 2.3031) 
(-2.11614, 1.95105) (1.99452, 1.83493) (-0.381918, -2.13254) (1.93682, -1.55077) (1.00665, 0.167468) (0.0684034, 2.30319) 
(-2.11693, 1.95201) (1.99976, 1.82923) (-0.37276, -2.11682) (1.93681, -1.55078) (1.02167, 0.166027) (0.0683031, 2.30313) 
(-2.11755, 1.95351) (2.00462, 1.82263) (-0.370735, -2.10741) (1.93681, -1.55077) (1.03473, 0.163552) (0.0682976, 2.30314) 
(-2.11805, 1.95455) (2.01127, 1.81638) (-0.368616, -2.09912) (1.93681, -1.55077) (1.05004, 0.156915) (0.0683724, 2.30314) 
(-2.11974, 1.95572) (2.01621, 1.81076) (-0.370264, -2.09465) (1.9368, -1.55077) (1.0635, 0.149029) (0.0682798, 2.30311) 
(-2.12111, 1.95674) (2.01826, 1.80523) (-0.373936, -2.09619) (1.93683, -1.55077) (1.0742, 0.139338) (0.0683244, 2.30313) 
(-2.1214, 1.95624) (2.0177, 1.80132) (-0.378308, -2.09716) (1.9368, -1.55078) (1.08367, 0.129023) (0.0682906, 2.3031) 
(-2.12184, 1.95502) (2.01625, 1.79841) (-0.38057, -2.09815) (1.9368, -1.55077) (1.09032, 0.118142) (0.0684012, 2.30315) 
(-2.12176, 1.95375) (2.01346, 1.7939) (-0.382138, -2.09949) (1.93682, -1.55077) (1.09692, 0.102033) (0.0683173, 2.30312) 
(-2.12048, 1.95166) (2.0111, 1.79026) (-0.383033, -2.10025) (1.93678, -1.55076) (1.10011, 0.0859884) (0.0683076, 2.30311) 
(-2.11984, 1.95065) (2.01022, 1.78725) (-0.402927, -2.11192) (1.9368, -1.55076) (1.10035, 0.0705787) (0.0683106, 2.30311) 
(-2.11846, 1.94895) (2.00991, 1.78512) (-0.442026, -2.11735) (1.9368, -1.55079) (1.09885, 0.0556309) (0.0683365, 2.30312) 
(-2.11807, 1.94833) (2.00965, 1.78365) (-0.460842, -2.10697) (1.93681, -1.55076) (1.09564, 0.0449684) (0.0683234, 2.30311) 
(-2.1176, 1.94769) (2.01048, 1.78106) (-0.459507, -2.08533) (1.93681, -1.55078) (1.08786, 0.0269418) (0.0683319, 2.30311) 
(-2.11734, 1.94766) (2.01067, 1.78065) (-0.456834, -2.08464) (1.93679, -1.55078) (1.0848, 0.0231638) (0.0683069, 2.30313) 
(-2.11737, 1.94655) (2.01304, 1.77639) (-0.446899, -2.09606) (1.93679, -1.55077) (1.06634, 0.00450207) (0.0683007, 2.30311) 
(-2.1177, 1.94591) (2.01506, 1.77334) (-0.443329, -2.09872) (1.9368, -1.55078) (1.04895, -0.00713897) (0.0683117, 2.3031) 
(-2.11836, 1.94523) (2.01711, 1.77103) (-0.442039, -2.10053) (1.93681, -1.55077) (1.02609, -0.0116276) (0.0683312, 2.30311) 
(-2.11878, 1.94496) (2.01872, 1.76944) (-0.44471, -2.10507) (1.93681, -1.55076) (0.998101, -0.0210064) (0.0683092, 2.30311) 
(-2.11906, 1.945) (2.01987, 1.76828) (-0.448608, -2.10752) (1.93681, -1.55077) (0.968903, -0.0243933) (0.0683462, 2.30311) 
(-2.11914, 1.94446) (2.02079, 1.76805) (-0.453153, -2.11028) (1.9368, -1.55078) (0.940071, -0.0371276) (0.0683276, 2.30311) 
(-2.11946, 1.94466) (2.02165, 1.76945) (-0.458484, -2.11471) (1.9368, -1.55076) (0.903841, -0.0519518) (0.0683133, 2.3031) 
(-2.11938, 1.94402) (2.02167, 1.77066) (-0.46134, -2.11726) (1.93682, -1.55076) (0.873302, -0.0676011) (0.0683212, 2.30311) 
(-2.11954, 1.94394) (2.02172, 1.77136) (-0.461729, -2.11779) (1.9368, -1.55077) (0.859642, -0.075689) (0.0683225, 2.3031) 
(-2.12001, 1.94401) (2.02302, 1.77535) (-0.455154, -2.12212) (1.93681, -1.55075) (0.798916, -0.107265) (0.0683388, 2.30309) 
(-2.12056, 1.94455) (2.02267, 1.77649) (-0.449342, -2.12677) (1.93679, -1.55077) (0.769717, -0.122946) (0.0683216, 2.30312) 
(-2.12127, 1.94503) (2.02221, 1.77752) (-0.429442, -2.13299) (1.9368, -1.55077) (0.722977, -0.145533) (0.0682973, 2.3031) 
(-2.12185, 1.94553) (2.02243, 1.77824) (-0.404171, -2.13444) (1.93678, -1.55077) (0.684168, -0.16476) (0.0683, 2.30311) 
(-2.12332, 1.94654) (2.02279, 1.77861) (-0.374655, -2.12886) (1.93678, -1.55077) (0.646111, -0.182717) (0.0683312, 2.30312) 
(-2.12461, 1.94772) (2.02212, 1.77923) (-0.342914, -2.12819) (1.9368, -1.55077) (0.582255, -0.213822) (0.0683149, 2.30309) 
(-2.12526, 1.94849) (2.02173, 1.77867) (-0.340732, -2.13927) (1.9368, -1.55076) (0.535256, -0.237714) (0.0683259, 2.30311) 
(-2.12566, 1.94953) (2.0214, 1.77817) (-0.342903, -2.13603) (1.93679, -1.55077) (0.494183, -0.258126) (0.0683296, 2.30311) 
(-2.12638, 1.95113) (2.02163, 1.77761) (-0.353443, -2.11783) (1.9368, -1.55077) (0.441597, -0.284759) (0.0682999, 2.30309) 
(-2.12745, 1.95271) (2.02175, 1.77633) (-0.363145, -2.11399) (1.9368, -1.55076) (0.393482, -0.309816) (0.0683489, 2.30312) 
(-2.12806, 1.95379) (2.02224, 1.77551) (-0.375551, -2.1235) (1.93682, -1.55076) (0.354316, -0.329348) (0.0683396, 2.30311) 
(-2.12932, 1.95507) (2.02334, 1.77399) (-0.401997, -2.14088) (1.93677, -1.55076) (0.299255, -0.355042) (0.0683228, 2.30311) 
(-2.13088, 1.95727) (2.0241, 1.7729) (-0.414255, -2.14981) (1.93682, -1.55077) (0.25263, -0.379615) (0.0683287, 2.30311) 
(-2.13165, 1.95793) (2.02521, 1.77184) (-0.41959, -2.16161) (1.93678, -1.55076) (0.208649, -0.400718) (0.0683118, 2.30308) 
(-2.13119, 1.95661) (2.02631, 1.77121) (-0.424432, -2.18099) (1.93679, -1.55076) (0.160682, -0.425265) (0.068314, 2.30311) 
(-2.13048, 1.95628) (2.02767, 1.7706) (-0.414384, -2.19775) (1.9368, -1.55076) (0.112065, -0.448724) (0.0683484, 2.30312) 
(-2.13016, 1.95602) (2.02847, 1.77019) (-0.391235, -2.20837) (1.93678, -1.55077) (0.0620406, -0.473123) (0.0683234, 2.30313) 
(-2.1298, 1.95525) (2.02892, 1.76961) (-0.380651, -2.2141) (1.93677, -1.55076) (0.0077776, -0.499085) (0.0683323, 2.30309) 
(-2.12851, 1.95451) (2.02969, 1.76896) (-0.410448, -2.2159) (1.93678, -1.55077) (-0.0423619, -0.524057) (0.0683194, 2.30312) 
(-2.12765, 1.95351) (2.03049, 1.7685) (-0.395431, -2.20527) (1.93676, -1.55076) (-0.092312, -0.549509) (0.0683267, 2.30311) 
(-2.12699, 1.95245) (2.03136, 1.76871) (-0.37067, -2.20767) (1.93678, -1.55077) (-0.145599, -0.576659) (0.0683535, 2.30313) 
(-2.1271, 1.95193) (2.03265, 1.76914) (-0.354645, -2.21937) (1.93677, -1.55076) (-0.193497, -0.602432) (0.0683914, 2.30313) 
(-2.12726, 1.95208) (2.03322, 1.76939) (-0.346476, -2.23659) (1.93678, -1.55077) (-0.237378, -0.626064) (0.0683454, 2.30311) 
(-2.12725, 1.95223) (2.0332, 1.76954) (-0.346553, -2.25331) (1.93678, -1.55076) (-0.291882, -0.654006) (0.068294, 2.30308) 
(-2.12753, 1.95248) (2.03305, 1.76952) (-0.342138, -2.27014) (1.93678, -1.55076) (-0.33859, -0.677352) (0.0683474, 2.30312) 
(-2.12675, 1.95236) (2.03223, 1.76985) (-0.324368, -2.3001) (1.93678, -1.55076) (-0.387378, -0.703199) (0.068361, 2.3031) 
(-2.12608, 1.95285) (2.03264, 1.76996) (-0.303889, -2.33527) (1.93679, -1.55076) (-0.441663, -0.730881) (0.0683278, 2.30311) 
(-2.12601, 1.95392) (2.03364, 1.77011) (-0.297269, -2.36336) (1.93679, -1.55077) (-0.492713, -0.75477) (0.06834, 2.30309) 
(-2.12571, 1.9545) (2.03435, 1.77062) (-0.292997, -2.37889) (1.93678, -1.55076) (-0.543936, -0.780696) (0.068313, 2.3031) 
(-2.12563, 1.95446) (2.03477, 1.77077) (-0.290005, -2.38862) (1.93677, -1.55077) (-0.586231, -0.800279) (0.0683267, 2.3031) 
(-2.1252, 1.95391) (2.03472, 1.77064) (-0.294017, -2.39834) (1.93676, -1.55076) (-0.636635, -0.826096) (0.0683155, 2.30309) 
(-2.12529, 1.95389) (2.03451, 1.77031) (-0.30004, -2.40411) (1.9368, -1.55076) (-0.692351, -0.854082) (0.0683175, 2.30307) 
(-2.12603, 1.95426) (2.0338, 1.76993) (-0.302672, -2.41453) (1.93677, -1.55076) (-0.746513, -0.881854) (0.0683332, 2.30307) 
(-2.12753, 1.95499) (2.03305, 1.76961) (-0.307526, -2.42328) (1.93677, -1.55076) (-0.795977, -0.907452) (0.0684384, 2.30313) 
(-2.12856, 1.95586) (2.03191, 1.7698) (-0.310027, -2.42583) (1.93675, -1.55076) (-0.844955, -0.934493) (0.0683472, 2.3031) 
(-2.12915, 1.95598) (2.03158, 1.7699) (-0.309105, -2.43205) (1.93677, -1.55076) (-0.890715, -0.958369) (0.0683073, 2.30308) 
(-2.12946, 1.95657) (2.03125, 1.77028) (-0.311197, -2.44371) (1.9368, -1.55076) (-0.940057, -0.984487) (0.0683271, 2.30307) 
(-2.13107, 1.95789) (2.03087, 1.77027) (-0.309775, -2.44728) (1.93677, -1.55075) (-0.990408, -1.01015) (0.0683117, 2.30309) 
(-2.13284, 1.95926) (2.02995, 1.76988) (-0.306699, -2.44455) (1.93675, -1.55076) (-1.03899, -1.03437) (0.0683383, 2.30307) 
(-2.13192, 1.96033) (2.02873, 1.76929) (-0.304951, -2.43785) (1.93677, -1.55076) (-1.1001, -1.06532) (0.0683469, 2.30309) 
(-2.13125, 1.96085) (2.02838, 1.76883) (-0.305107, -2.43307) (1.93677, -1.55075) (-1.14671, -1.09026) (0.068346, 2.30307) 
(-2.13047, 1.96361) (2.02836, 1.76887) (-0.306625, -2.4295) (1.93677, -1.55076) (-1.1986, -1.11731) (0.0683276, 2.30309) 
(-2.12684, 1.96552) (2.02845, 1.76864) (-0.310099, -2.42364) (1.93679, -1.55076) (-1.25402, -1.14765) (0.0683303, 2.30308) 
(-2.12357, 1.9642) (2.02844, 1.76831) (-0.313599, -2.41942) (1.93677, -1.55076) (-1.29779, -1.1704) (0.0683325, 2.30308) 
(-2.125, 1.96575) (2.02859, 1.76813) (-0.315646, -2.41637) (1.93676, -1.55076) (-1.3355, -1.19088) (0.068334, 2.30308) 
(-2.12627, 1.96529) (2.02867, 1.76759) (-0.337125, -2.4004) (1.93678, -1.55075) (-1.40672, -1.22831) (0.0683348, 2.30311) 
(-2.12543, 1.96397) (2.02865, 1.76685) (-0.36372, -2.38391) (1.93678, -1.55075) (-1.45783, -1.25514) (0.0683491, 2.30309) 
(-2.12638, 1.96286) (2.02872, 1.7663) (-0.374583, -2.37684) (1.93679, -1.55075) (-1.5008, -1.27889) (0.068326, 2.30309) 
(-2.13393, 1.95739) (2.02871, 1.76565) (-0.380544, -2.37162) (1.93677, -1.55076) (-1.56129, -1.31197) (0.0683449, 2.30307) 
(-2.13737, 1.95153) (2.02898, 1.76496) (-0.383332, -2.367) (1.93678, -1.55077) (-1.60396, -1.33387) (0.0683267, 2.30308) 
(-2.14054, 1.94399) (2.02904, 1.76397) (-0.383945, -2.36271) (1.93678, -1.55076) (-1.66193, -1.36331) (0.0683227, 2.30308) 
(-2.14471, 1.93775) (2.02876, 1.76318) (-0.381141, -2.35916) (1.93677, -1.55077) (-1.71945, -1.39303) (0.068341, 2.30307) 
(-2.14718, 1.93158) (2.02854, 1.76234) (-0.38005, -2.3556) (1.93677, -1.55075) (-1.7698, -1.41988) (0.0683303, 2.30308) 
(-2.14863, 1.92802) (2.02832, 1.76192) (-0.378931, -2.35366) (1.93678, -1.55077) (-1.80771, -1.43981) (0.0683162, 2.30305) 
(-2.14883, 1.92547) (2.02815, 1.76153) (-0.377075, -2.35262) (1.93678, -1.55077) (-1.86223, -1.46943) (0.068331, 2.3031) 
(-2.14771, 1.92542) (2.02837, 1.76165) (-0.375507, -2.35237) (1.93675, -1.55077) (-1.9084, -1.49314) (0.0683206, 2.30309) 
