(1.62705, -0.448777) (2.6736, -0.424188) (-2.36273, 0.507224) (-1.55994, 0.472796) (-0.0238378, 2.35979) (0.0658446, -2.10853) 
(1.63026, -0.450602) (2.6751, -0.423593) (-2.36259, 0.508805) (-1.55996, 0.472822) (-0.0238673, 2.35977) (0.0658033, -2.10858) 
(1.63251, -0.452185) (2.67646, -0.422882) (-2.3602, 0.511319) (-1.5603, 0.473115) (-0.0231014, 2.35567) (0.0665441, -2.11216) 
(1.63428, -0.454409) (2.67817, -0.422252) (-2.3579, 0.514529) (-1.52686, 0.471256) (-0.023594, 2.31616) (0.0611273, -2.07637) 
(1.6345, -0.457371) (2.68005, -0.421938) (-2.35683, 0.519255) (-1.43096, 0.466436) (-0.0228749, 2.26743) (0.0523613, -2.02929) 
(1.62956, -0.458641) (2.68013, -0.422158) (-2.35207, 0.520769) (-1.38994, 0.465956) (-0.0204627, 2.23664) (0.045166, -2.00377) 
(1.61232, -0.455944) (2.67817, -0.423952) (-2.34473, 0.522014) (-1.33522, 0.462648) (-0.0093134, 2.20108) (0.0394838, -1.9661) 
(1.59173, -0.448822) (2.67154, -0.426089) (-2.33859, 0.522294) (-1.29494, 0.461086) (0.00679806, 2.16667) (0.0366378, -1.92559) 
(1.55991, -0.435261) (2.65715, -0.430908) (-2.31631, 0.523793) (-1.24832, 0.462509) (0.0263362, 2.13349) (0.0389963, -1.88969) 
(1.51672, -0.409481) (2.63728, -0.440368) (-2.26844, 0.53151) (-1.18989, 0.46563) (0.0532352, 2.09299) (0.0414083, -1.8476) 
(1.4706, -0.375444) (2.61192, -0.450208) (-2.21052, 0.543024) (-1.13973, 0.469252) (0.0774721, 2.05681) (0.0436764, -1.80824) 
(1.42405, -0.339977) (2.58033, -0.454073) (-2.16031, 0.556693) (-1.09471, 0.472309) (0.098967, 2.01687) (0.0445042, -1.77131) 
(1.36693, -0.300578) (2.53396, -0.453571) (-2.10593, 0.586475) (-1.04089, 0.472986) (0.125461, 1.97116) (0.0397052, -1.72615) 
(1.32582, -0.274859) (2.48873, -0.447003) (-2.05971, 0.614305) (-1.00198, 0.471876) (0.146035, 1.93392) (0.0335022, -1.70396) 
(1.2944, -0.259431) (2.44919, -0.438188) (-2.01979, 0.632562) (-0.973149, 0.470981) (0.163247, 1.90542) (0.0249976, -1.68416) 
(1.22729, -0.237319) (2.36243, -0.411692) (-1.93872, 0.658914) (-0.914727, 0.464348) (0.201257, 1.84234) (0.0040305, -1.62433) 
(1.17992, -0.23168) (2.29866, -0.389612) (-1.88136, 0.672796) (-0.879899, 0.460655) (0.228373, 1.79675) (-0.010307, -1.57975) 
(1.1245, -0.237415) (2.22922, -0.368589) (-1.81222, 0.676172) (-0.834887, 0.463631) (0.26279, 1.74706) (-0.0218693, -1.53446) 
(1.08291, -0.248921) (2.18013, -0.355952) (-1.76389, 0.671985) (-0.806394, 0.472295) (0.283395, 1.71166) (-0.0332713, -1.50152) 
(1.0321, -0.266334) (2.12445, -0.348941) (-1.70273, 0.654338) (-0.771977, 0.482057) (0.30989, 1.67119) (-0.0510635, -1.45749) 
(0.972664, -0.285511) (2.06069, -0.344929) (-1.63735, 0.620262) (-0.730944, 0.491112) (0.333001, 1.62751) (-0.0714635, -1.42) 
(0.914462, -0.301837) (1.99402, -0.345988) (-1.56717, 0.584045) (-0.69777, 0.495109) (0.35546, 1.58908) (-0.0933626, -1.385) 
(0.859951, -0.310629) (1.93014, -0.354601) (-1.49965, 0.553881) (-0.662263, 0.492483) (0.371379, 1.55202) (-0.11584, -1.35261) 
(0.823177, -0.314569) (1.88739, -0.362425) (-1.4599, 0.535525) (-0.639684, 0.490288) (0.382807, 1.52254) (-0.132431, -1.32953) 
(0.767275, -0.314525) (1.8196, -0.37687) (-1.39554, 0.515172) (-0.605937, 0.49245) (0.397094, 1.47621) (-0.160177, -1.28939) 
(0.700873, -0.303387) (1.74954, -0.38903) (-1.34202, 0.506774) (-0.568211, 0.500131) (0.413096, 1.42528) (-0.196354, -1.2307) 
(0.647527, -0.284571) (1.69463, -0.392303) (-1.29643, 0.501699) (-0.534024, 0.511734) (0.430671, 1.38135) (-0.226301, -1.1833) 
(0.594859, -0.259061) (1.64479, -0.387987) (-1.24103, 0.504011) (-0.50832, 0.526222) (0.449911, 1.33531) (-0.257812, -1.13292) 
(0.546398, -0.230369) (1.59582, -0.380118) (-1.18771, 0.519309) (-0.484051, 0.542672) (0.467961, 1.28917) (-0.286392, -1.08795) 
(0.503913, -0.205594) (1.54761, -0.368524) (-1.14838, 0.541971) (-0.456677, 0.563686) (0.484627, 1.24241) (-0.311565, -1.04735) 
(0.462092, -0.184004) (1.49355, -0.348336) (-1.10513, 0.577842) (-0.428522, 0.58797) (0.5036, 1.19171) (-0.340647, -1.00504) 
(0.421714, -0.169378) (1.43713, -0.321878) (-1.05949, 0.607842) (-0.396258, 0.610293) (0.524685, 1.13994) (-0.370473, -0.969067) 
(0.381245, -0.16203) (1.37485, -0.288201) (-1.01451, 0.627955) (-0.357648, 0.632972) (0.544937, 1.08667) (-0.404785, -0.930718) 
(0.356608, -0.160993) (1.33646, -0.267082) (-0.984222, 0.638111) (-0.331788, 0.648237) (0.557037, 1.05556) (-0.42895, -0.905943) 
(0.305992, -0.166321) (1.27002, -0.231758) (-0.936243, 0.653406) (-0.280992, 0.675439) (0.580981, 0.99878) (-0.472667, -0.858243) 
(0.257993, -0.178933) (1.21633, -0.205058) (-0.900777, 0.674052) (-0.235301, 0.697859) (0.605553, 0.94701) (-0.50331, -0.813611) 
(0.212168, -0.195989) (1.16887, -0.188494) (-0.861082, 0.690089) (-0.189446, 0.718931) (0.625978, 0.903733) (-0.52699, -0.774841) 
(0.163666, -0.218021) (1.12097, -0.177499) (-0.819999, 0.695519) (-0.143749, 0.738988) (0.644233, 0.861439) (-0.546495, -0.733165) 
(0.112287, -0.241453) (1.07303, -0.172484) (-0.775569, 0.696214) (-0.0930879, 0.762613) (0.666093, 0.822383) (-0.564201, -0.689609) 
(0.0634327, -0.261804) (1.02911, -0.17333) (-0.732104, 0.689314) (-0.0422526, 0.782865) (0.689708, 0.782087) (-0.577488, -0.647044) 
(0.0237575, -0.273583) (0.995953, -0.176595) (-0.694693, 0.673763) (0.000435428, 0.800137) (0.709813, 0.751551) (-0.591401, -0.611056) 
(-0.0205766, -0.280435) (0.959957, -0.179612) (-0.640326, 0.649642) (0.0505187, 0.820638) (0.733529, 0.716183) (-0.609632, -0.565498) 
(-0.058918, -0.278668) (0.929039, -0.183118) (-0.58753, 0.63374) (0.0972739, 0.837478) (0.757768, 0.681383) (-0.632555, -0.520285) 
(-0.0929155, -0.271809) (0.906722, -0.185712) (-0.542786, 0.620838) (0.139776, 0.852263) (0.778323, 0.649242) (-0.653115, -0.485969) 
(-0.128902, -0.254396) (0.885294, -0.184776) (-0.487435, 0.617069) (0.184843, 0.86391) (0.801051, 0.607333) (-0.675333, -0.452907) 
(-0.162507, -0.229914) (0.870193, -0.179296) (-0.447597, 0.623804) (0.239041, 0.87567) (0.822918, 0.565803) (-0.700655, -0.41756) 
(-0.192282, -0.204347) (0.860112, -0.171243) (-0.409316, 0.624799) (0.285439, 0.884538) (0.843105, 0.527924) (-0.727477, -0.377964) 
(-0.217983, -0.178928) (0.850168, -0.16525) (-0.370828, 0.634627) (0.329069, 0.888634) (0.862357, 0.492146) (-0.758031, -0.332318) 
(-0.242162, -0.156526) (0.840034, -0.163757) (-0.33387, 0.655845) (0.370185, 0.890388) (0.881976, 0.456134) (-0.792352, -0.286061) 
(-0.268583, -0.137848) (0.827871, -0.169712) (-0.299065, 0.683783) (0.407908, 0.888834) (0.901204, 0.423407) (-0.822702, -0.2406) 
(-0.296517, -0.12172) (0.815263, -0.187556) (-0.259359, 0.72329) (0.455585, 0.884002) (0.917515, 0.392558) (-0.850419, -0.196235) 
(-0.320417, -0.113818) (0.803909, -0.203892) (-0.221617, 0.758323) (0.490091, 0.878362) (0.933257, 0.367921) (-0.869531, -0.155628) 
(-0.352867, -0.110573) (0.788931, -0.22551) (-0.171676, 0.790612) (0.542458, 0.869957) (0.950371, 0.342015) (-0.890068, -0.113244) 
(-0.373392, -0.112888) (0.780186, -0.235777) (-0.145537, 0.809506) (0.573753, 0.86293) (0.961574, 0.325375) (-0.900787, -0.0871392) 
(-0.419803, -0.126965) (0.766863, -0.247905) (-0.0956442, 0.842592) (0.644789, 0.851731) (0.986798, 0.293935) (-0.925477, -0.0258536) 
(-0.436127, -0.134007) (0.761625, -0.249099) (-0.0824606, 0.849763) (0.665879, 0.84791) (0.992764, 0.282988) (-0.934361, -0.00507228) 
(-0.497077, -0.172119) (0.73473, -0.246939) (-0.0378117, 0.874213) (0.742684, 0.838152) (1.01789, 0.235064) (-0.967524, 0.0687273) 
(-0.547321, -0.214164) (0.702492, -0.240647) (0.00712765, 0.883146) (0.804707, 0.831402) (1.03868, 0.198073) (-0.990341, 0.11837) 
(-0.591122, -0.250563) (0.679367, -0.233328) (0.0488784, 0.879289) (0.860365, 0.825291) (1.05353, 0.169385) (-1.00205, 0.155493) 
(-0.645846, -0.287571) (0.656087, -0.222093) (0.103239, 0.867664) (0.925962, 0.818047) (1.0733, 0.134665) (-1.0081, 0.203368) 
(-0.693063, -0.313618) (0.638066, -0.212052) (0.152802, 0.851068) (0.982458, 0.811332) (1.09183, 0.102224) (-1.00622, 0.2506) 
(-0.742011, -0.330428) (0.624743, -0.205163) (0.213393, 0.821936) (1.03985, 0.803317) (1.11112, 0.066295) (-0.996253, 0.288349) 
(-0.789989, -0.338624) (0.610486, -0.204441) (0.281548, 0.789226) (1.09707, 0.796507) (1.13278, 0.0302092) (-0.980755, 0.324213) 
(-0.836164, -0.338212) (0.596039, -0.206616) (0.331487, 0.763144) (1.15247, 0.78996) (1.14934, -0.00220585) (-0.963082, 0.349552) 
(-0.880946, -0.331145) (0.584986, -0.212227) (0.379033, 0.744061) (1.20177, 0.783796) (1.16466, -0.0287291) (-0.946287, 0.373009) 
(-0.946003, -0.311141) (0.569265, -0.223938) (0.434286, 0.721831) (1.27229, 0.773639) (1.17633, -0.0626141) (-0.920579, 0.408114) 
(-0.998052, -0.290851) (0.553263, -0.236471) (0.47459, 0.68966) (1.32696, 0.765848) (1.18511, -0.0892947) (-0.902575, 0.438044) 
(-1.04951, -0.270899) (0.537639, -0.250803) (0.519368, 0.669786) (1.37999, 0.758414) (1.18427, -0.115928) (-0.890877, 0.466879) 
(-1.10689, -0.252507) (0.516922, -0.269938) (0.567951, 0.675365) (1.44035, 0.752361) (1.18256, -0.143489) (-0.876746, 0.504136) 
(-1.16144, -0.240313) (0.487896, -0.29187) (0.621768, 0.682625) (1.5028, 0.746948) (1.17334, -0.170737) (-0.862251, 0.545667) 
(-1.20117, -0.235664) (0.461659, -0.306884) (0.664717, 0.69397) (1.55043, 0.741648) (1.16466, -0.197359) (-0.848189, 0.585493) 
(-1.25529, -0.234685) (0.426161, -0.324189) (0.723201, 0.715331) (1.61153, 0.733623) (1.15057, -0.231555) (-0.827345, 0.635818) 
(-1.30808, -0.240126) (0.385939, -0.337932) (0.788946, 0.741924) (1.66941, 0.722097) (1.13653, -0.267572) (-0.805593, 0.681317) 
(-1.35323, -0.250225) (0.349865, -0.34579) (0.830599, 0.760341) (1.71517, 0.714596) (1.12555, -0.298076) (-0.7883, 0.716183) 
(-1.42914, -0.273942) (0.283547, -0.354179) (0.896842, 0.782034) (1.79562, 0.705326) (1.10667, -0.350567) (-0.757428, 0.776161) 
(-1.48338, -0.295066) (0.233366, -0.353282) (0.941012, 0.787109) (1.85039, 0.700378) (1.09119, -0.386) (-0.733815, 0.819499) 
(-1.54356, -0.318249) (0.175667, -0.344974) (0.985549, 0.795081) (1.91343, 0.69089) (1.07131, -0.428904) (-0.709664, 0.870548) 
(-1.60172, -0.336226) (0.114743, -0.329595) (1.02925, 0.805295) (1.97447, 0.682952) (1.04816, -0.46988) (-0.68662, 0.920647) 
(-1.65204, -0.346993) (0.0572608, -0.309917) (1.06829, 0.807419) (2.02895, 0.677704) (1.0245, -0.511429) (-0.665202, 0.968865) 
(-1.70751, -0.354747) (-0.00315254, -0.287829) (1.11589, 0.800454) (2.09494, 0.669372) (0.994054, -0.560581) (-0.639762, 1.02442) 
(-1.75861, -0.355013) (-0.0593103, -0.267302) (1.16282, 0.788149) (2.16046, 0.660824) (0.961711, -0.61297) (-0.612829, 1.08333) 
(-1.80545, -0.350248) (-0.110813, -0.251977) (1.21036, 0.767809) (2.21792, 0.651868) (0.934218, -0.660025) (-0.585894, 1.1395) 
(-1.84429, -0.340745) (-0.15336, -0.242239) (1.26535, 0.742978) (2.26342, 0.645594) (0.911031, -0.70065) (-0.565333, 1.18397) 
(-1.88722, -0.325851) (-0.204244, -0.235194) (1.32524, 0.714719) (2.31119, 0.639225) (0.884955, -0.74544) (-0.540907, 1.2323) 
(-1.93083, -0.307282) (-0.257076, -0.235062) (1.37912, 0.683474) (2.35791, 0.634999) (0.858541, -0.790829) (-0.516574, 1.27972) 
(-1.99189, -0.277827) (-0.33696, -0.246154) (1.44369, 0.65039) (2.42797, 0.626933) (0.822803, -0.853931) (-0.483597, 1.34727) 
(-2.03574, -0.256114) (-0.397626, -0.263265) (1.47734, 0.629747) (2.47277, 0.623494) (0.796267, -0.899298) (-0.457735, 1.39617) 
(-2.08494, -0.234352) (-0.470854, -0.287926) (1.51749, 0.60633) (2.50044, 0.620489) (0.764569, -0.956046) (-0.428593, 1.45353) 
(-2.12884, -0.219292) (-0.544783, -0.310474) (1.55613, 0.597642) (2.49607, 0.621323) (0.73293, -1.0124) (-0.39986, 1.51057) 
(-2.16011, -0.214181) (-0.605874, -0.327044) (1.59133, 0.595673) (2.48739, 0.622953) (0.707472, -1.06011) (-0.374304, 1.56093) 
(-2.18963, -0.214884) (-0.67812, -0.339614) (1.63619, 0.590946) (2.49176, 0.623985) (0.676429, -1.11744) (-0.345636, 1.61798) 
(-2.21617, -0.222229) (-0.742996, -0.345197) (1.67635, 0.58703) (2.50114, 0.622418) (0.646278, -1.16939) (-0.318819, 1.67397) 
(-2.24248, -0.23655) (-0.806602, -0.344387) (1.71748, 0.585289) (2.49942, 0.623119) (0.620152, -1.21664) (-0.295704, 1.72274) 
(-2.27168, -0.255701) (-0.872113, -0.335332) (1.77276, 0.588522) (2.49978, 0.62258) (0.593457, -1.26363) (-0.27243, 1.77134) 
(-2.31167, -0.282489) (-0.958465, -0.313422) (1.8494, 0.582896) (2.50019, 0.622441) (0.559551, -1.32282) (-0.24149, 1.83242) 
(-2.34038, -0.303563) (-1.02397, -0.29269) (1.90316, 0.575175) (2.50003, 0.622601) (0.531718, -1.3712) (-0.215631, 1.88149) 
(-2.36764, -0.323575) (-1.08616, -0.273038) (1.96151, 0.561405) (2.5001, 0.622471) (0.50296, -1.42405) (-0.187952, 1.9354) 
(-2.39257, -0.34225) (-1.15177, -0.254499) (2.01569, 0.541082) (2.50013, 0.622476) (0.472258, -1.48005) (-0.157898, 1.99448) 
(-2.40835, -0.354392) (-1.19638, -0.243784) (2.05773, 0.523495) (2.50003, 0.622567) (0.448053, -1.52416) (-0.134303, 2.03964) 
(-2.42106, -0.368756) (-1.25471, -0.231607) (2.11096, 0.49036) (2.50007, 0.622516) (0.41727, -1.58056) (-0.104911, 2.09625) 
(-2.42447, -0.387224) (-1.31191, -0.224753) (2.15389, 0.439038) (2.50008, 0.622521) (0.386497, -1.63648) (-0.0765331, 2.15151) 
(-2.42295, -0.40329) (-1.35555, -0.223999) (2.17783, 0.388924) (2.50004, 0.622531) (0.362436, -1.67938) (-0.0552571, 2.19171) 
(-2.41947, -0.425909) (-1.40861, -0.229569) (2.19599, 0.313517) (2.50004, 0.622539) (0.33124, -1.73528) (-0.0254406, 2.24484) 
(-2.41602, -0.445972) (-1.45039, -0.238431) (2.2177, 0.242351) (2.50007, 0.622487) (0.30418, -1.78318) (-0.00583803, 2.28365) 
(-2.41393, -0.460772) (-1.47948, -0.24597) (2.22729, 0.203249) (2.50006, 0.622546) (0.285447, -1.81734) (0.0125956, 2.31391) 
(-2.40775, -0.494768) (-1.52944, -0.265842) (2.24271, 0.116304) (2.50004, 0.622526) (0.245304, -1.88849) (0.0251945, 2.33822) 
(-2.40193, -0.514842) (-1.54967, -0.282284) (2.22837, 0.0723279) (2.50006, 0.622556) (0.21754, -1.93575) (0.0202603, 2.32706) 
(-2.39965, -0.528917) (-1.56187, -0.303852) (2.21188, 0.0397258) (2.50005, 0.622516) (0.193318, -1.9804) (0.0204708, 2.32847) 
