(1.73844, -1.52952) (-2.27466, -1.51393) (-0.0314762, 2.62354) (-2.2228, 1.99541) (1.81561, 1.88267) (-0.167999, -1.87388) 
(1.73208, -1.53243) (-2.28525, -1.50671) (-0.0314543, 2.62426) (-2.22279, 1.99541) (1.81555, 1.88265) (-0.168101, -1.87382) 
(1.72613, -1.53493) (-2.29497, -1.50131) (-0.0304481, 2.6254) (-2.22279, 1.99543) (1.81561, 1.88267) (-0.168049, -1.87385) 
(1.72021, -1.53669) (-2.30366, -1.49682) (-0.0292685, 2.62601) (-2.22279, 1.99541) (1.8156, 1.88266) (-0.167997, -1.87387) 
(1.71585, -1.53947) (-2.31101, -1.49221) (-0.0287469, 2.62674) (-2.21794, 1.99716) (1.81398, 1.8804) (-0.168135, -1.87381) 
(1.71191, -1.54315) (-2.31825, -1.48831) (-0.0285198, 2.62785) (-2.18713, 1.97283) (1.80956, 1.87727) (-0.167998, -1.87387) 
(1.70824, -1.54491) (-2.32436, -1.48583) (-0.027523, 2.6284) (-2.14296, 1.95843) (1.80596, 1.87221) (-0.168019, -1.87388) 
(1.70364, -1.54452) (-2.32561, -1.48469) (-0.0243393, 2.62479) (-2.11123, 1.95108) (1.79862, 1.86654) (-0.168143, -1.8738) 
(1.69557, -1.54452) (-2.32059, -1.48542) (-0.0174685, 2.61201) (-2.08154, 1.94802) (1.79042, 1.85843) (-0.168136, -1.87383) 
(1.68368, -1.54562) (-2.30795, -1.48909) (-0.0063435, 2.58383) (-2.04691, 1.94444) (1.77866, 1.84882) (-0.168006, -1.87388) 
(1.66765, -1.54927) (-2.28956, -1.49669) (0.00643851, 2.54069) (-2.0069, 1.93605) (1.76655, 1.83836) (-0.168059, -1.87385) 
(1.6539, -1.55719) (-2.2663, -1.50401) (0.0113796, 2.49135) (-1.97952, 1.92392) (1.7506, 1.82327) (-0.167987, -1.87389) 
(1.64418, -1.56623) (-2.24283, -1.50802) (0.0104421, 2.45055) (-1.95643, 1.91161) (1.73743, 1.81321) (-0.168019, -1.87386) 
(1.63052, -1.57712) (-2.20864, -1.50588) (0.00441219, 2.3969) (-1.92511, 1.89129) (1.71521, 1.7959) (-0.168207, -1.87955) 
(1.61467, -1.58286) (-2.17704, -1.49872) (-0.00968743, 2.33962) (-1.89306, 1.86965) (1.69634, 1.78115) (-0.15833, -1.84759) 
(1.59759, -1.57914) (-2.14922, -1.48287) (-0.0244172, 2.27914) (-1.86057, 1.84802) (1.68561, 1.76262) (-0.156814, -1.80474) 
(1.58215, -1.56643) (-2.12589, -1.4581) (-0.0368608, 2.22508) (-1.83497, 1.82976) (1.67498, 1.74255) (-0.139229, -1.77209) 
(1.56319, -1.53048) (-2.09376, -1.41113) (-0.0538273, 2.14954) (-1.79952, 1.80247) (1.66417, 1.71637) (-0.116684, -1.73722) 
(1.55361, -1.49113) (-2.07271, -1.36521) (-0.057964, 2.08638) (-1.77587, 1.78485) (1.66161, 1.69359) (-0.0990409, -1.71616) 
(1.54842, -1.44007) (-2.05414, -1.31016) (-0.0534153, 2.01689) (-1.75017, 1.76199) (1.65397, 1.6681) (-0.07769, -1.68285) 
(1.547, -1.37002) (-2.03005, -1.24912) (-0.0395931, 1.93549) (-1.71983, 1.73471) (1.64695, 1.64059) (-0.0618481, -1.65333) 
(1.54518, -1.3002) (-2.00432, -1.20136) (-0.0242626, 1.85957) (-1.69353, 1.70983) (1.63337, 1.61669) (-0.0577709, -1.62805) 
(1.54023, -1.21723) (-1.97196, -1.15942) (-0.00466865, 1.76958) (-1.66435, 1.68508) (1.61744, 1.58539) (-0.0577409, -1.60457) 
(1.53296, -1.13405) (-1.92832, -1.11397) (0.011086, 1.67565) (-1.62913, 1.65644) (1.6003, 1.55814) (-0.0585958, -1.57177) 
(1.52113, -1.072) (-1.88373, -1.07373) (0.0235714, 1.60088) (-1.59214, 1.63118) (1.58426, 1.53656) (-0.0584041, -1.53969) 
(1.49784, -1.01193) (-1.82693, -1.03571) (0.0277036, 1.52278) (-1.55182, 1.60725) (1.56977, 1.51619) (-0.0606796, -1.50065) 
(1.45921, -0.949529) (-1.76008, -1.00299) (0.0299239, 1.44441) (-1.50909, 1.57746) (1.55241, 1.50026) (-0.0561583, -1.46054) 
(1.40851, -0.886111) (-1.68737, -0.974867) (0.0239719, 1.36289) (-1.47322, 1.55321) (1.52915, 1.4866) (-0.048785, -1.41829) 
(1.34774, -0.822288) (-1.6172, -0.944907) (0.00857124, 1.27572) (-1.44001, 1.52301) (1.50281, 1.47181) (-0.0389265, -1.38351) 
(1.28122, -0.752526) (-1.55686, -0.902149) (-0.0133642, 1.18541) (-1.41161, 1.49752) (1.47839, 1.46342) (-0.0253712, -1.3493) 
(1.21706, -0.669437) (-1.50408, -0.848793) (-0.0367381, 1.08351) (-1.38451, 1.4719) (1.4524, 1.45907) (-0.00780234, -1.31863) 
(1.16808, -0.585416) (-1.45652, -0.797608) (-0.0551893, 0.989282) (-1.35657, 1.45009) (1.4286, 1.44642) (0.0127717, -1.2923) 
(1.13168, -0.51788) (-1.41843, -0.747665) (-0.0648036, 0.909282) (-1.33127, 1.43406) (1.41131, 1.44122) (0.0277111, -1.27514) 
(1.08785, -0.427387) (-1.3733, -0.672708) (-0.0710945, 0.810366) (-1.29405, 1.40722) (1.39032, 1.42263) (0.0511343, -1.24485) 
(1.04877, -0.322781) (-1.32898, -0.589875) (-0.0708657, 0.713299) (-1.26067, 1.38677) (1.37269, 1.40621) (0.0770639, -1.21177) 
(1.00903, -0.214179) (-1.28927, -0.517196) (-0.0605679, 0.621807) (-1.23091, 1.36594) (1.36168, 1.3868) (0.098815, -1.17745) 
(0.967681, -0.120692) (-1.24366, -0.458771) (-0.0463786, 0.533383) (-1.2065, 1.34937) (1.3543, 1.3665) (0.114707, -1.14895) 
(0.922952, -0.0372409) (-1.1921, -0.409512) (-0.0386719, 0.446331) (-1.18588, 1.32704) (1.3468, 1.34655) (0.122314, -1.12162) 
(0.872106, 0.0517598) (-1.13491, -0.359912) (-0.0378163, 0.351225) (-1.1637, 1.30626) (1.34421, 1.32304) (0.132766, -1.08873) 
(0.813564, 0.148459) (-1.06598, -0.310384) (-0.0408318, 0.246236) (-1.14392, 1.2829) (1.33904, 1.29485) (0.147265, -1.04672) 
(0.742609, 0.242155) (-0.992191, -0.26999) (-0.0502774, 0.144038) (-1.12287, 1.25693) (1.33708, 1.26515) (0.167191, -1.00188) 
(0.673676, 0.321092) (-0.925994, -0.23946) (-0.0683226, 0.0630054) (-1.10402, 1.23629) (1.33034, 1.23948) (0.188895, -0.972959) 
(0.601452, 0.410447) (-0.85835, -0.203605) (-0.0975748, -0.025325) (-1.08503, 1.21203) (1.32892, 1.21646) (0.21378, -0.9448) 
(0.533298, 0.516605) (-0.794834, -0.153046) (-0.132567, -0.123885) (-1.06116, 1.18317) (1.31975, 1.19644) (0.243908, -0.916473) 
(0.480465, 0.612855) (-0.745541, -0.113025) (-0.156876, -0.207755) (-1.03797, 1.15569) (1.31511, 1.17935) (0.265194, -0.896845) 
(0.418316, 0.735408) (-0.685056, -0.0614637) (-0.180426, -0.308979) (-1.01095, 1.12361) (1.30153, 1.16453) (0.28454, -0.872701) 
(0.359178, 0.856282) (-0.630397, -0.00574372) (-0.197108, -0.39548) (-0.985446, 1.09139) (1.28824, 1.15359) (0.298956, -0.848634) 
(0.303718, 0.957462) (-0.585765, 0.0465699) (-0.207868, -0.465951) (-0.963865, 1.06532) (1.27538, 1.14314) (0.304456, -0.827087) 
(0.225047, 1.074) (-0.525123, 0.119248) (-0.216979, -0.561123) (-0.934923, 1.02994) (1.25774, 1.13469) (0.307395, -0.807564) 
(0.144355, 1.16229) (-0.47142, 0.178272) (-0.217673, -0.65334) (-0.908689, 0.996085) (1.23944, 1.11822) (0.307975, -0.784589) 
(0.0421991, 1.24628) (-0.403808, 0.233809) (-0.218094, -0.755081) (-0.880387, 0.96114) (1.22255, 1.09676) (0.309674, -0.752795) 
(-0.0522276, 1.31217) (-0.341058, 0.27437) (-0.21976, -0.834835) (-0.856397, 0.929857) (1.21356, 1.07629) (0.310729, -0.720371) 
(-0.157545, 1.37561) (-0.27118, 0.319409) (-0.227139, -0.92097) (-0.830496, 0.897244) (1.20346, 1.05256) (0.317717, -0.683753) 
(-0.254288, 1.43193) (-0.198724, 0.35951) (-0.2353, -1.00095) (-0.806629, 0.866507) (1.19597, 1.03192) (0.322883, -0.651247) 
(-0.335306, 1.48732) (-0.124673, 0.395997) (-0.24066, -1.08211) (-0.783854, 0.837303) (1.18458, 1.01191) (0.329521, -0.619811) 
(-0.432225, 1.55704) (-0.0452531, 0.436653) (-0.243501, -1.17417) (-0.759949, 0.806035) (1.16907, 0.994799) (0.334701, -0.586675) 
(-0.530092, 1.62455) (0.0187187, 0.480804) (-0.248554, -1.24887) (-0.740879, 0.778906) (1.1576, 0.977387) (0.336778, -0.55726) 
(-0.652092, 1.70827) (0.083715, 0.536756) (-0.253132, -1.33913) (-0.717458, 0.742153) (1.1429, 0.958609) (0.338168, -0.526311) 
(-0.767247, 1.78207) (0.144067, 0.589854) (-0.248688, -1.42087) (-0.696688, 0.712398) (1.13477, 0.935461) (0.338907, -0.494622) 
(-0.865225, 1.83205) (0.199134, 0.641239) (-0.236846, -1.48523) (-0.675167, 0.676826) (1.12857, 0.913211) (0.338431, -0.470054) 
(-0.966966, 1.86127) (0.258916, 0.702588) (-0.220506, -1.54691) (-0.651287, 0.63515) (1.13036, 0.888271) (0.337008, -0.448597) 
(-1.07337, 1.87989) (0.321002, 0.767456) (-0.195875, -1.60609) (-0.626614, 0.591153) (1.13034, 0.865033) (0.331416, -0.422585) 
(-1.15537, 1.89212) (0.365366, 0.810759) (-0.169826, -1.64617) (-0.609535, 0.553882) (1.13379, 0.848551) (0.325616, -0.396038) 
(-1.30519, 1.9054) (0.452423, 0.876083) (-0.123785, -1.71596) (-0.578353, 0.484458) (1.13449, 0.811576) (0.315089, -0.342067) 
(-1.40568, 1.90855) (0.509457, 0.912364) (-0.0980524, -1.76615) (-0.559369, 0.436621) (1.13579, 0.783706) (0.307889, -0.305683) 
(-1.50908, 1.91269) (0.581362, 0.960368) (-0.0744866, -1.81481) (-0.537224, 0.380846) (1.1333, 0.751869) (0.304186, -0.264901) 
(-1.57494, 1.91517) (0.634427, 0.992688) (-0.0600159, -1.8461) (-0.521765, 0.337432) (1.13524, 0.733607) (0.302018, -0.236284) 
(-1.68587, 1.91563) (0.727902, 1.04164) (-0.0437831, -1.89842) (-0.495835, 0.27054) (1.12839, 0.703132) (0.299971, -0.1797) 
(-1.77514, 1.91607) (0.802757, 1.07684) (-0.0279374, -1.94548) (-0.474517, 0.217514) (1.11618, 0.671814) (0.299302, -0.134337) 
(-1.86033, 1.91593) (0.865972, 1.11166) (-0.0115291, -1.99147) (-0.454171, 0.170172) (1.10607, 0.643468) (0.29727, -0.0886249) 
(-1.95958, 1.91634) (0.933031, 1.15878) (0.00673298, -2.03982) (-0.431701, 0.1186) (1.0888, 0.608842) (0.293899, -0.036705) 
(-2.0375, 1.91593) (0.98607, 1.20145) (0.0278422, -2.07704) (-0.408854, 0.0724933) (1.07476, 0.576552) (0.288616, 0.0125025) 
(-2.08463, 1.91962) (1.03414, 1.24063) (0.0457249, -2.10237) (-0.391174, 0.0379969) (1.06466, 0.549918) (0.282824, 0.0579703) 
(-2.12624, 1.93092) (1.09855, 1.30068) (0.0657057, -2.11803) (-0.36286, -0.00556673) (1.04758, 0.511154) (0.273718, 0.125663) 
(-2.1483, 1.95538) (1.15021, 1.35109) (0.0730627, -2.11458) (-0.342777, -0.0364364) (1.03823, 0.484942) (0.26729, 0.178661) 
(-2.1732, 1.99731) (1.20895, 1.41092) (0.0644309, -2.10152) (-0.312242, -0.0696829) (1.02015, 0.454516) (0.258752, 0.240764) 
(-2.19409, 2.03676) (1.25826, 1.45631) (0.04348, -2.08961) (-0.282032, -0.099319) (1.0094, 0.429649) (0.252882, 0.292587) 
(-2.2133, 2.0755) (1.31156, 1.49339) (0.0141881, -2.07763) (-0.250705, -0.131537) (0.99301, 0.411028) (0.247234, 0.342192) 
(-2.23094, 2.11569) (1.37047, 1.52825) (-0.0274751, -2.06343) (-0.211559, -0.168371) (0.978304, 0.388917) (0.243514, 0.400992) 
(-2.24372, 2.1492) (1.4256, 1.56231) (-0.0764726, -2.04685) (-0.168498, -0.209131) (0.958649, 0.372894) (0.238252, 0.46245) 
(-2.25572, 2.16972) (1.47195, 1.58755) (-0.115819, -2.03312) (-0.135508, -0.239491) (0.936253, 0.360128) (0.23621, 0.515691) 
(-2.27234, 2.1832) (1.51479, 1.60628) (-0.150123, -2.01902) (-0.100815, -0.263643) (0.912897, 0.346641) (0.230565, 0.562661) 
(-2.29871, 2.19107) (1.57189, 1.62548) (-0.189584, -1.9995) (-0.0561072, -0.294749) (0.87503, 0.333155) (0.225475, 0.623946) 
(-2.33652, 2.18813) (1.62584, 1.64285) (-0.225257, -1.98069) (-0.00783735, -0.325552) (0.833561, 0.313758) (0.219063, 0.688754) 
(-2.37074, 2.1796) (1.65981, 1.65884) (-0.246462, -1.97037) (0.0320575, -0.350388) (0.798577, 0.297743) (0.213857, 0.738708) 
(-2.41004, 2.16563) (1.69011, 1.67951) (-0.259314, -1.96215) (0.08039, -0.379998) (0.758488, 0.276663) (0.207868, 0.798086) 
(-2.43326, 2.15453) (1.70834, 1.693) (-0.254543, -1.96181) (0.117161, -0.404093) (0.723325, 0.256219) (0.202671, 0.849949) 
(-2.44697, 2.14694) (1.72704, 1.70719) (-0.234398, -1.97043) (0.161328, -0.435712) (0.679325, 0.23077) (0.196975, 0.913588) 
(-2.45031, 2.14446) (1.73892, 1.72143) (-0.214506, -1.97856) (0.199593, -0.465841) (0.64273, 0.209733) (0.191232, 0.962697) 
(-2.45053, 2.14843) (1.75031, 1.74868) (-0.18884, -1.98795) (0.253744, -0.50606) (0.593435, 0.181165) (0.184987, 1.03111) 
(-2.44684, 2.1555) (1.75925, 1.77325) (-0.171137, -1.99523) (0.292429, -0.535131) (0.559112, 0.160568) (0.181069, 1.08089) 
(-2.4434, 2.16797) (1.77565, 1.80662) (-0.155746, -2.00143) (0.333041, -0.56664) (0.517087, 0.133798) (0.175393, 1.13648) 
(-2.44023, 2.18258) (1.79232, 1.84176) (-0.144208, -2.00605) (0.374953, -0.597504) (0.476353, 0.106259) (0.169444, 1.19175) 
(-2.43501, 2.19436) (1.8104, 1.86512) (-0.13755, -2.00876) (0.415122, -0.624707) (0.437784, 0.0790332) (0.164051, 1.23957) 
(-2.42763, 2.20884) (1.82864, 1.89408) (-0.13157, -2.00788) (0.483754, -0.670252) (0.373234, 0.0338539) (0.155311, 1.32127) 
(-2.42383, 2.21789) (1.81263, 1.91446) (-0.132241, -2.00643) (0.538209, -0.706245) (0.326682, 0.000238149) (0.147948, 1.38457) 
(-2.421, 2.22276) (1.78689, 1.93335) (-0.136218, -2.00405) (0.583873, -0.735475) (0.286397, -0.0281955) (0.142484, 1.43946) 
(-2.4192, 2.22409) (1.75563, 1.95288) (-0.142423, -2.00279) (0.63667, -0.771474) (0.24006, -0.0633495) (0.135861, 1.50186) 
(-2.42061, 2.22333) (1.73463, 1.96503) (-0.147325, -2.00262) (0.678568, -0.800291) (0.20333, -0.0889518) (0.132091, 1.5483) 
(-2.42612, 2.22326) (1.7175, 1.97465) (-0.155521, -2.00425) (0.737337, -0.840873) (0.148591, -0.126835) (0.124108, 1.6154) 
(-2.43016, 2.22422) (1.71567, 1.98467) (-0.160892, -2.00479) (0.778617, -0.868342) (0.109739, -0.153537) (0.118922, 1.66466) 
(-2.43358, 2.22494) (1.72029, 1.99324) (-0.165541, -2.00671) (0.822951, -0.898172) (0.0685182, -0.180791) (0.113657, 1.71948) 
(-2.43495, 2.22016) (1.73147, 1.99385) (-0.171638, -2.01042) (0.878862, -0.937287) (0.0146578, -0.217323) (0.107227, 1.78893) 
(-2.43528, 2.21388) (1.74941, 1.98609) (-0.17761, -2.0134) (0.934183, -0.974618) (-0.0354713, -0.251355) (0.100853, 1.85379) 
(-2.43443, 2.20955) (1.76626, 1.97329) (-0.180971, -2.01409) (0.981586, -1.00597) (-0.0790629, -0.279958) (0.0940195, 1.9095) 
(-2.43421, 2.20911) (1.78866, 1.95398) (-0.183863, -2.01164) (1.03758, -1.04266) (-0.130224, -0.313738) (0.0861731, 1.97621) 
(-2.43675, 2.21341) (1.8117, 1.93684) (-0.186437, -2.00959) (1.08798, -1.07557) (-0.176499, -0.345196) (0.0791, 2.0371) 
(-2.43816, 2.2179) (1.83514, 1.92517) (-0.188679, -2.00925) (1.13589, -1.1079) (-0.224704, -0.37708) (0.0727194, 2.09692) 
(-2.43869, 2.2243) (1.85494, 1.92049) (-0.189884, -2.00754) (1.18557, -1.13989) (-0.273938, -0.409019) (0.0680794, 2.15646) 
(-2.43978, 2.23387) (1.86779, 1.92644) (-0.189824, -2.00472) (1.23022, -1.16931) (-0.318407, -0.438524) (0.061123, 2.20697) 
(-2.43894, 2.24651) (1.87543, 1.94397) (-0.18891, -2.00347) (1.28248, -1.20353) (-0.368831, -0.473863) (0.0552755, 2.26384) 
(-2.43449, 2.25601) (1.87418, 1.96032) (-0.188151, -2.00526) (1.32733, -1.23133) (-0.411633, -0.503607) (0.0494072, 2.31083) 
(-2.42732, 2.26483) (1.86767, 1.97961) (-0.187186, -2.00618) (1.37667, -1.2625) (-0.459743, -0.536475) (0.0457643, 2.35505) 
(-2.42038, 2.27271) (1.85603, 1.99802) (-0.186225, -2.0068) (1.43033, -1.29577) (-0.510848, -0.571679) (0.0413436, 2.36435) 
(-2.41763, 2.276) (1.84403, 2.01438) (-0.185097, -2.00785) (1.47599, -1.32343) (-0.55311, -0.602578) (0.045714, 2.35236) 
(-2.42101, 2.27508) (1.83349, 2.02979) (-0.184142, -2.00888) (1.53021, -1.35547) (-0.607864, -0.637371) (0.044199, 2.35205) 
(-2.43142, 2.27123) (1.83835, 2.03992) (-0.184098, -2.00966) (1.57557, -1.38179) (-0.651669, -0.665482) (0.0435335, 2.35829) 
(-2.44713, 2.26577) (1.84865, 2.0466) (-0.183995, -2.01085) (1.62149, -1.40855) (-0.695258, -0.694232) (0.0437339, 2.36023) 
(-2.46919, 2.25809) (1.8588, 2.04811) (-0.183259, -2.01182) (1.67549, -1.43954) (-0.744088, -0.726812) (0.0435888, 2.3592) 
(-2.48985, 2.25074) (1.8639, 2.04447) (-0.18266, -2.01319) (1.72533, -1.46678) (-0.792012, -0.758436) (0.0435839, 2.35946) 
(-2.50671, 2.24052) (1.8692, 2.03906) (-0.181833, -2.0154) (1.77094, -1.49093) (-0.839707, -0.789331) (0.0436499, 2.3596) 
(-2.51939, 2.23055) (1.87391, 2.0312) (-0.180237, -2.01748) (1.81495, -1.51419) (-0.886906, -0.82131) (0.0436267, 2.35947) 
(-2.52867, 2.22452) (1.87969, 2.02374) (-0.178932, -2.01917) (1.8583, -1.53608) (-0.936379, -0.854463) (0.0435916, 2.35946) 
(-2.53545, 2.22204) (1.88562, 2.01624) (-0.178294, -2.0206) (1.89247, -1.55311) (-0.986827, -0.886661) (0.0436352, 2.35953) 
(-2.53961, 2.2215) (1.89105, 2.00962) (-0.17797, -2.02165) (1.90117, -1.55723) (-1.03671, -0.918891) (0.0436377, 2.3595) 
(-2.54, 2.22062) (1.89544, 2.00455) (-0.17817, -2.02203) (1.89384, -1.55364) (-1.08815, -0.952988) (0.0436308, 2.3595) 
(-2.53809, 2.22024) (1.89772, 2.00202) (-0.178817, -2.02171) (1.89596, -1.55465) (-1.12253, -0.976683) (0.043698, 2.35958) 
(-2.53414, 2.22178) (1.90064, 2.00131) (-0.180019, -2.02172) (1.89848, -1.55603) (-1.17844, -1.01452) (0.0437013, 2.35956) 
(-2.52947, 2.22598) (1.90187, 2.00117) (-0.181745, -2.02286) (1.89819, -1.55575) (-1.22884, -1.04826) (0.0437162, 2.35957) 
(-2.52608, 2.23123) (1.90235, 2.00254) (-0.18374, -2.02394) (1.89855, -1.55582) (-1.27878, -1.0828) (0.0436915, 2.35957) 
(-2.52263, 2.23653) (1.90073, 2.00423) (-0.185411, -2.02429) (1.89858, -1.55591) (-1.33337, -1.11995) (0.0436959, 2.35957) 
(-2.51975, 2.24108) (1.89644, 2.00223) (-0.186889, -2.0254) (1.89846, -1.55589) (-1.38306, -1.15135) (0.0436958, 2.35957) 
(-2.51726, 2.24343) (1.89374, 2.00268) (-0.187845, -2.0276) (1.89855, -1.55591) (-1.42756, -1.18035) (0.043684, 2.35957) 
(-2.51514, 2.24414) (1.89226, 2.00483) (-0.188679, -2.03044) (1.89854, -1.55584) (-1.48131, -1.21433) (0.0437051, 2.35957) 
(-2.51516, 2.24295) (1.89029, 2.00624) (-0.189007, -2.03237) (1.89857, -1.55588) (-1.52791, -1.24114) (0.0436969, 2.35955) 
(-2.51696, 2.2411) (1.88861, 2.0068) (-0.189381, -2.03363) (1.8985, -1.55591) (-1.582, -1.27536) (0.0437099, 2.35956) 
(-2.51824, 2.23936) (1.88806, 2.00713) (-0.189007, -2.03476) (1.89854, -1.55591) (-1.62663, -1.30377) (0.0437041, 2.35956) 
(-2.51871, 2.23734) (1.88776, 2.00764) (-0.18799, -2.03669) (1.89853, -1.55588) (-1.67288, -1.33296) (0.0437001, 2.35956) 
(-2.52036, 2.23581) (1.88804, 2.00729) (-0.187119, -2.03843) (1.8985, -1.5559) (-1.7278, -1.36693) (0.0436989, 2.35956) 
(-2.52204, 2.23458) (1.88865, 2.00733) (-0.186894, -2.03997) (1.89853, -1.55588) (-1.77843, -1.4005) (0.0437117, 2.35956) 
(-2.52339, 2.23338) (1.88935, 2.00858) (-0.186624, -2.04053) (1.89851, -1.55587) (-1.83189, -1.43252) (0.0436784, 2.35956) 
(-2.52467, 2.23137) (1.89061, 2.01007) (-0.186498, -2.04002) (1.89849, -1.55588) (-1.87352, -1.45961) (0.0436876, 2.35955) 
(-2.52524, 2.23086) (1.89102, 2.01086) (-0.186472, -2.03985) (1.89852, -1.55588) (-1.89664, -1.47339) (0.0437161, 2.35955) 
