(-1.21447, 1.47089) (-3.01141, 2.52834) (-3.05716, 1.81814) (1.33563, 0.494489) (0.0435936, 2.48446) (0.140773, -2.14083) 
(-1.21447, 1.47089) (-3.01141, 2.52834) (-3.05716, 1.81814) (1.33562, 0.494477) (0.0436088, 2.48446) (0.140844, -2.14087) 
(-1.21447, 1.47089) (-3.01141, 2.52834) (-3.05716, 1.81814) (1.33562, 0.494477) (0.0436091, 2.48446) (0.140845, -2.14087) 
(-1.21447, 1.47089) (-3.01141, 2.52834) (-3.05716, 1.81814) (1.33563, 0.494501) (0.0435885, 2.48445) (0.140778, -2.14083) 
(-1.21447, 1.47089) (-3.01141, 2.52834) (-3.05716, 1.81814) (1.33563, 0.494501) (0.0435884, 2.48445) (0.140777, -2.14083) 
(-1.21447, 1.47089) (-3.01141, 2.52834) (-3.05716, 1.81814) (1.33562, 0.494523) (0.0436059, 2.48446) (0.140168, -2.14082) 
(-1.21447, 1.47089) (-3.01141, 2.52834) (-3.05716, 1.81814) (1.33562, 0.494523) (0.0436058, 2.48446) (0.140167, -2.14082) 
(-1.21447, 1.47089) (-3.01141, 2.52834) (-3.05716, 1.81814) (1.33564, 0.494509) (0.0435985, 2.48446) (0.138856, -2.12602) 
(-1.21447, 1.47089) (-3.01141, 2.52834) (-3.05716, 1.81814) (1.33564, 0.494509) (0.0435987, 2.48446) (0.13885, -2.12598) 
(-1.21447, 1.47089) (-3.01141, 2.52834) (-3.05716, 1.81814) (1.33564, 0.494507) (0.0435876, 2.48446) (0.136996, -2.10346) 
(-1.21447, 1.47089) (-3.01141, 2.52834) (-3.05716, 1.81814) (1.33564, 0.494491) (0.0436045, 2.48447) (0.136648, -2.08777) 
(-1.21447, 1.47089) (-3.01141, 2.52834) (-3.05716, 1.81814) (1.33542, 0.49438) (0.0435931, 2.48446) (0.136036, -2.07121) 
(-1.21447, 1.47089) (-3.01141, 2.52834) (-3.05716, 1.81814) (1.33989, 0.49463) (0.0436187, 2.48446) (0.134656, -2.04682) 
(-1.21447, 1.47089) (-3.01141, 2.52834) (-3.05716, 1.81814) (1.34911, 0.495804) (0.0435833, 2.48445) (0.134365, -2.01816) 
(-1.21447, 1.47089) (-3.01141, 2.52834) (-3.05716, 1.81814) (1.35641, 0.497021) (0.0435732, 2.48445) (0.132267, -1.99373) 
(-1.21447, 1.47089) (-3.01141, 2.52834) (-3.05716, 1.81814) (1.36854, 0.498354) (0.0436139, 2.48446) (0.130538, -1.95525) 
(-1.21447, 1.47089) (-3.01141, 2.52834) (-3.05716, 1.81814) (1.38608, 0.500424) (0.0436008, 2.48446) (0.130234, -1.92184) 
(-1.21447, 1.47089) (-3.01141, 2.52834) (-3.05716, 1.81814) (1.40033, 0.50178) (0.0435747, 2.48446) (0.128555, -1.89535) 
(-1.21447, 1.47089) (-3.01141, 2.52834) (-3.05716, 1.81814) (1.42466, 0.503992) (0.0435952, 2.48446) (0.12629, -1.85822) 
(-1.21447, 1.47089) (-3.01141, 2.52834) (-3.05716, 1.81814) (1.44317, 0.505561) (0.0435691, 2.48445) (0.124522, -1.81838) 
(-1.21447, 1.47089) (-3.01141, 2.52834) (-3.05716, 1.81814) (1.47168, 0.508295) (0.0435709, 2.48446) (0.123246, -1.77163) 
(-1.21447, 1.47089) (-3.01141, 2.52834) (-3.05716, 1.81814) (1.50129, 0.51073) (0.0435976, 2.48447) (0.121024, -1.72946) 
(-1.21447, 1.47089) (-3.01141, 2.52834) (-3.05716, 1.81814) (1.52702, 0.512939) (0.0435939, 2.48445) (0.118691, -1.68692) 
(-1.21447, 1.47089) (-3.01141, 2.52834) (-3.05716, 1.81814) (1.55845, 0.516239) (0.04359, 2.48446) (0.116995, -1.64146) 
(-1.21447, 1.47089) (-3.01141, 2.52834) (-3.05716, 1.81814) (1.5933, 0.520089) (0.0436059, 2.48446) (0.115381, -1.59214) 
(-1.21447, 1.47089) (-3.01141, 2.52834) (-3.05716, 1.81814) (1.63355, 0.523752) (0.0435892, 2.48445) (0.112781, -1.53274) 
(-1.21447, 1.47089) (-3.01141, 2.52834) (-3.05716, 1.81814) (1.66606, 0.527215) (0.0435725, 2.48446) (0.110532, -1.4792) 
(-1.21447, 1.47089) (-3.01141, 2.52834) (-3.05716, 1.81814) (1.71061, 0.531272) (0.04356, 2.48445) (0.108001, -1.41806) 
(-1.21447, 1.47089) (-3.01141, 2.52834) (-3.05716, 1.81814) (1.743, 0.53606) (0.043606, 2.48445) (0.106277, -1.37204) 
(-1.21447, 1.47089) (-3.01141, 2.52834) (-3.05716, 1.81814) (1.79309, 0.539826) (0.0435931, 2.48447) (0.104651, -1.31286) 
(-1.21447, 1.47089) (-3.01141, 2.52834) (-3.05716, 1.81814) (1.83749, 0.542949) (0.043661, 2.48446) (0.102825, -1.26229) 
(-1.21447, 1.47089) (-3.01141, 2.52834) (-3.05716, 1.81814) (1.8899, 0.547058) (0.0435651, 2.48446) (0.0991933, -1.20691) 
(-1.21447, 1.47089) (-3.01141, 2.52834) (-3.05716, 1.81814) (1.94619, 0.55259) (0.0435993, 2.48447) (0.0976455, -1.14591) 
(-1.21447, 1.47089) (-3.01141, 2.52834) (-3.05716, 1.81814) (2.00098, 0.558429) (0.0435766, 2.48445) (0.0960249, -1.08979) 
(-1.21447, 1.47089) (-3.01141, 2.52834) (-3.05716, 1.81814) (2.05703, 0.564842) (0.0435641, 2.48446) (0.093653, -1.03391) 
(-1.21447, 1.47089) (-3.01141, 2.52834) (-3.05716, 1.81814) (2.11831, 0.570836) (0.0436046, 2.48446) (0.090691, -0.973488) 
(-1.21447, 1.47089) (-3.01141, 2.52834) (-3.05716, 1.81814) (2.17302, 0.576827) (0.0435753, 2.48446) (0.0886647, -0.918206) 
(-1.21447, 1.47089) (-3.01141, 2.52834) (-3.05716, 1.81814) (2.22039, 0.580774) (0.0435934, 2.48446) (0.0862189, -0.866764) 
(-1.21447, 1.47089) (-3.01141, 2.52834) (-3.05716, 1.81814) (2.27055, 0.586486) (0.0435696, 2.48445) (0.0841057, -0.806198) 
(-1.21447, 1.47089) (-3.01141, 2.52834) (-3.05716, 1.81814) (2.3195, 0.590999) (0.0435748, 2.48446) (0.0831004, -0.750888) 
(-1.21447, 1.47089) (-3.01141, 2.52834) (-3.05716, 1.81814) (2.3568, 0.595939) (0.0435841, 2.48446) (0.0822619, -0.704813) 
(-1.21447, 1.47089) (-3.01141, 2.52834) (-3.05716, 1.81814) (2.40218, 0.601592) (0.0436036, 2.48445) (0.080958, -0.642324) 
(-1.21447, 1.47089) (-3.01141, 2.52834) (-3.05716, 1.81814) (2.41006, 0.600986) (0.0435575, 2.48446) (0.0791053, -0.590645) 
(-1.21447, 1.47089) (-3.01141, 2.52834) (-3.05716, 1.81814) (2.39942, 0.601648) (0.0435763, 2.48447) (0.0762998, -0.534623) 
(-1.21447, 1.47089) (-3.01141, 2.52834) (-3.05716, 1.81814) (2.39329, 0.600003) (0.0435964, 2.48446) (0.0744529, -0.474591) 
(-1.21447, 1.47089) (-3.01141, 2.52834) (-3.05716, 1.81814) (2.40373, 0.600869) (0.0436029, 2.48446) (0.0719412, -0.4125) 
(-1.21447, 1.47089) (-3.01141, 2.52834) (-3.05716, 1.81814) (2.40743, 0.60156) (0.0436171, 2.48445) (0.0700955, -0.360216) 
(-1.21447, 1.47089) (-3.01141, 2.52834) (-3.05716, 1.81814) (2.40563, 0.601636) (0.0435746, 2.48445) (0.0673965, -0.296537) 
(-1.21447, 1.47089) (-3.01141, 2.52834) (-3.05716, 1.81814) (2.40622, 0.601758) (0.0435876, 2.48446) (0.0649646, -0.243584) 
(-1.21447, 1.47089) (-3.01141, 2.52834) (-3.05716, 1.81814) (2.40575, 0.601693) (0.0435743, 2.48446) (0.0632782, -0.181304) 
(-1.21447, 1.47089) (-3.01141, 2.52834) (-3.05716, 1.81814) (2.40601, 0.601652) (0.0435826, 2.48444) (0.0613195, -0.135299) 
(-1.21447, 1.47089) (-3.01141, 2.52834) (-3.05716, 1.81814) (2.40595, 0.601739) (0.0436022, 2.48447) (0.0581708, -0.0741948) 
(-1.21447, 1.47089) (-3.01141, 2.52834) (-3.05716, 1.81814) (2.40581, 0.601745) (0.0436025, 2.48446) (0.0573962, -0.0219634) 
(-1.21447, 1.47089) (-3.01141, 2.52834) (-3.05716, 1.81814) (2.40588, 0.601732) (0.0435903, 2.48446) (0.0570681, 0.0406479) 
(-1.21447, 1.47089) (-3.01141, 2.52834) (-3.05716, 1.81814) (2.40594, 0.601681) (0.0435946, 2.48447) (0.0553257, 0.0981351) 
(-1.21447, 1.47089) (-3.01141, 2.52834) (-3.05716, 1.81814) (2.40586, 0.601688) (0.0435912, 2.48446) (0.0537211, 0.153582) 
(-1.21447, 1.47089) (-3.01141, 2.52834) (-3.05716, 1.81814) (2.40585, 0.601717) (0.0436099, 2.48446) (0.0528236, 0.211928) 
(-1.21447, 1.47089) (-3.01141, 2.52834) (-3.05716, 1.81814) (2.40586, 0.60169) (0.0435756, 2.48447) (0.0510488, 0.277906) 
(-1.21447, 1.47089) (-3.01141, 2.52834) (-3.05716, 1.81814) (2.40588, 0.601701) (0.0435801, 2.48445) (0.0494872, 0.330668) 
(-1.21447, 1.47089) (-3.01141, 2.52834) (-3.05716, 1.81814) (2.40591, 0.601734) (0.043595, 2.48447) (0.0484056, 0.394449) 
(-1.21447, 1.47089) (-3.01141, 2.52834) (-3.05716, 1.81814) (2.40585, 0.601725) (0.0435999, 2.48446) (0.0471246, 0.444539) 
(-1.21447, 1.47089) (-3.01141, 2.52834) (-3.05716, 1.81814) (2.40591, 0.601724) (0.043591, 2.48446) (0.0451476, 0.485847) 
(-1.21447, 1.47089) (-3.01141, 2.52834) (-3.05716, 1.81814) (2.40587, 0.601706) (0.0435982, 2.48446) (0.0413637, 0.551676) 
(-1.21447, 1.47089) (-3.01141, 2.52834) (-3.05716, 1.81814) (2.40587, 0.601699) (0.0435641, 2.48446) (0.0391255, 0.60866) 
(-1.21447, 1.47089) (-3.01141, 2.52834) (-3.05716, 1.81814) (2.40587, 0.601695) (0.0435634, 2.48446) (0.0348039, 0.654963) 
(-1.21447, 1.47089) (-3.01141, 2.52834) (-3.05716, 1.81814) (2.40587, 0.601715) (0.0435756, 2.48446) (0.0306009, 0.70787) 
(-1.21447, 1.47089) (-3.01141, 2.52834) (-3.05716, 1.81814) (2.40584, 0.601697) (0.0435787, 2.48446) (0.0246547, 0.751686) 
(-1.21447, 1.47089) (-3.01141, 2.52834) (-3.05716, 1.81814) (2.40589, 0.601722) (0.0434765, 2.48434) (0.0160078, 0.802586) 
(-1.21447, 1.47089) (-3.01141, 2.52834) (-3.05716, 1.81814) (2.40586, 0.601728) (0.0435296, 2.48429) (0.00961189, 0.835186) 
(-1.21447, 1.47089) (-3.01141, 2.52834) (-3.05716, 1.81814) (2.40586, 0.601683) (0.0434372, 2.48426) (-0.00136005, 0.8823) 
(-1.21447, 1.47089) (-3.01141, 2.52834) (-3.05716, 1.81814) (2.40585, 0.601699) (0.0434167, 2.48427) (-0.0179248, 0.925784) 
(-1.21447, 1.47089) (-3.01141, 2.52834) (-3.05716, 1.81814) (2.40587, 0.601725) (0.0434213, 2.48428) (-0.0372064, 0.970531) 
(-1.21447, 1.47089) (-3.01141, 2.52834) (-3.05716, 1.81814) (2.40587, 0.601744) (0.0435978, 2.48423) (-0.0570747, 1.01008) 
(-1.21447, 1.47089) (-3.01141, 2.52834) (-3.05716, 1.81814) (2.40586, 0.601696) (0.0434733, 2.48427) (-0.0822214, 1.05127) 
(-1.21447, 1.47089) (-3.01141, 2.52834) (-3.05716, 1.81814) (2.40585, 0.601692) (0.0435055, 2.48424) (-0.102508, 1.08454) 
(-1.21447, 1.47089) (-3.01141, 2.52834) (-3.05716, 1.81814) (2.40585, 0.601706) (0.0435045, 2.48424) (-0.125875, 1.12718) 
(-1.21447, 1.47089) (-3.01141, 2.52834) (-3.05716, 1.81814) (2.40586, 0.601702) (0.0435076, 2.48425) (-0.152197, 1.18187) 
(-1.21447, 1.47089) (-3.01141, 2.52834) (-3.05716, 1.81814) (2.40587, 0.601701) (0.0435879, 2.48433) (-0.177281, 1.23569) 
(-1.21447, 1.47089) (-3.01141, 2.52834) (-3.05716, 1.81814) (2.40588, 0.601711) (0.0434548, 2.4843) (-0.194076, 1.2773) 
(-1.21447, 1.47089) (-3.01141, 2.52834) (-3.05716, 1.81814) (2.40584, 0.601706) (0.0434239, 2.48428) (-0.205175, 1.3129) 
(-1.21447, 1.47089) (-3.01141, 2.52834) (-3.05716, 1.81814) (2.40585, 0.60171) (0.0435379, 2.48443) (-0.227923, 1.37623) 
(-1.21447, 1.47089) (-3.01141, 2.52834) (-3.05716, 1.81814) (2.40585, 0.601715) (0.0436001, 2.48448) (-0.24174, 1.42005) 
(-1.21447, 1.47089) (-3.01141, 2.52834) (-3.05716, 1.81814) (2.40582, 0.601713) (0.0436093, 2.48445) (-0.258943, 1.47291) 
(-1.21447, 1.47089) (-3.01141, 2.52834) (-3.05716, 1.81814) (2.40585, 0.601738) (0.0436345, 2.48448) (-0.279536, 1.5339) 
(-1.21447, 1.47089) (-3.01141, 2.52834) (-3.05716, 1.81814) (2.40584, 0.601715) (0.0435858, 2.48446) (-0.299966, 1.59141) 
(-1.21447, 1.47089) (-3.01141, 2.52834) (-3.05716, 1.81814) (2.40585, 0.601732) (0.0436064, 2.48447) (-0.321795, 1.65786) 
(-1.21447, 1.47089) (-3.01141, 2.52834) (-3.05716, 1.81814) (2.40583, 0.601701) (0.0436082, 2.48431) (-0.341421, 1.71342) 
(-1.21447, 1.47089) (-3.01141, 2.52834) (-3.05716, 1.81814) (2.40581, 0.601709) (0.0432838, 2.48429) (-0.356326, 1.76016) 
(-1.21447, 1.47089) (-3.01141, 2.52834) (-3.05716, 1.81814) (2.40585, 0.601726) (0.0434462, 2.48428) (-0.37781, 1.82463) 
(-1.21447, 1.47089) (-3.01141, 2.52834) (-3.05716, 1.81814) (2.40584, 0.601712) (0.0434285, 2.48426) (-0.39178, 1.87052) 
(-1.21447, 1.47089) (-3.01141, 2.52834) (-3.05716, 1.81814) (2.40586, 0.601746) (0.0435082, 2.48424) (-0.410348, 1.93071) 
(-1.21447, 1.47089) (-3.01141, 2.52834) (-3.05716, 1.81814) (2.40585, 0.601716) (0.0435983, 2.48422) (-0.426674, 1.98169) 
(-1.21447, 1.47089) (-3.01141, 2.52834) (-3.05716, 1.81814) (2.40584, 0.601736) (0.0435275, 2.48425) (-0.439487, 2.02777) 
(-1.21447, 1.47089) (-3.01141, 2.52834) (-3.05716, 1.81814) (2.40584, 0.601722) (0.0434323, 2.48428) (-0.45522, 2.08463) 
(-1.21447, 1.47089) (-3.01141, 2.52834) (-3.05716, 1.81814) (2.40585, 0.601727) (0.0434707, 2.48427) (-0.469513, 2.13741) 
(-1.21447, 1.47089) (-3.01141, 2.52834) (-3.05716, 1.81814) (2.40585, 0.601734) (0.0433984, 2.48427) (-0.482361, 2.19235) 
(-1.21447, 1.47089) (-3.01141, 2.52834) (-3.05716, 1.81814) (2.40584, 0.601743) (0.043414, 2.48429) (-0.493201, 2.23002) 
(-1.21447, 1.47089) (-3.01141, 2.52834) (-3.05716, 1.81814) (2.40583, 0.601708) (0.0434619, 2.48428) (-0.506313, 2.27531) 
(-1.21447, 1.47089) (-3.01141, 2.52834) (-3.05716, 1.81814) (2.40582, 0.601714) (0.0434383, 2.48427) (-0.518792, 2.30782) 
(-1.21447, 1.47089) (-3.01141, 2.52834) (-3.05716, 1.81814) (2.40585, 0.601727) (0.0434256, 2.48426) (-0.534153, 2.34638) 
(-1.21447, 1.47089) (-3.01141, 2.52834) (-3.05716, 1.81814) (2.40583, 0.601698) (0.0434243, 2.48427) (-0.550884, 2.38003) 
(-1.21447, 1.47089) (-3.01141, 2.52834) (-3.05716, 1.81814) (2.40584, 0.601736) (0.0434517, 2.48426) (-0.56478, 2.40517) 
(-1.21447, 1.47089) (-3.01141, 2.52834) (-3.05716, 1.81814) (2.40583, 0.601721) (0.043531, 2.48434) (-0.576809, 2.43713) 
(-1.21447, 1.47089) (-3.01141, 2.52834) (-3.05716, 1.81814) (2.40584, 0.601731) (0.0435882, 2.48446) (-0.585129, 2.46569) 
(-1.21447, 1.47089) (-3.01141, 2.52834) (-3.05716, 1.81814) (2.40583, 0.601749) (0.0435902, 2.48436) (-0.58303, 2.49906) 
(-1.21447, 1.47089) (-3.01141, 2.52834) (-3.05716, 1.81814) (2.40585, 0.601686) (0.0434429, 2.48427) (-0.57669, 2.52227) 
(-1.21447, 1.47089) (-3.01141, 2.52834) (-3.05716, 1.81814) (2.40585, 0.601723) (0.0434632, 2.48426) (-0.568969, 2.54206) 
(-1.21447, 1.47089) (-3.01141, 2.52834) (-3.05716, 1.81814) (2.40583, 0.601732) (0.0434123, 2.48427) (-0.557736, 2.57108) 
(-1.21447, 1.47089) (-3.01141, 2.52834) (-3.05716, 1.81814) (2.40582, 0.601689) (0.0434231, 2.48426) (-0.545784, 2.59498) 
(-1.21447, 1.47089) (-3.01141, 2.52834) (-3.05716, 1.81814) (2.40582, 0.601695) (0.0434317, 2.48428) (-0.536592, 2.61928) 
(-1.21447, 1.47089) (-3.01141, 2.52834) (-3.05716, 1.81814) (2.40582, 0.601744) (0.043442, 2.48426) (-0.525017, 2.646) 
(-1.21447, 1.47089) (-3.01141, 2.52834) (-3.05716, 1.81814) (2.40583, 0.601699) (0.0434393, 2.48426) (-0.517066, 2.6647) 
(-1.21447, 1.47089) (-3.01141, 2.52834) (-3.05716, 1.81814) (2.40582, 0.601678) (0.0434352, 2.48426) (-0.510169, 2.68118) 
(-1.21447, 1.47089) (-3.01141, 2.52834) (-3.05716, 1.81814) (2.40584, 0.601705) (0.0434796, 2.48426) (-0.499931, 2.70023) 
(-1.21447, 1.47089) (-3.01141, 2.52834) (-3.05716, 1.81814) (2.40582, 0.601748) (0.0434243, 2.48427) (-0.488041, 2.72073) 
(-1.21447, 1.47089) (-3.01141, 2.52834) (-3.05716, 1.81814) (2.40584, 0.601748) (0.043429, 2.48427) (-0.476411, 2.73722) 
(-1.21447, 1.47089) (-3.01141, 2.52834) (-3.05716, 1.81814) (2.40583, 0.60169) (0.0434075, 2.48428) (-0.465785, 2.75301) 
(-1.21447, 1.47089) (-3.01141, 2.52834) (-3.05716, 1.81814) (2.40583, 0.601758) (0.0434267, 2.48427) (-0.455728, 2.76693) 
(-1.21447, 1.47089) (-3.01141, 2.52834) (-3.05716, 1.81814) (2.40583, 0.601754) (0.0434425, 2.48427) (-0.446585, 2.77958) 
(-1.21447, 1.47089) (-3.01141, 2.52834) (-3.05716, 1.81814) (2.4058, 0.601704) (0.0434324, 2.48429) (-0.434815, 2.79348) 
(-1.21447, 1.47089) (-3.01141, 2.52834) (-3.05716, 1.81814) (2.4058, 0.601724) (0.0434294, 2.48427) (-0.426495, 2.80324) 
(-1.21447, 1.47089) (-3.01141, 2.52834) (-3.05716, 1.81814) (2.40584, 0.601734) (0.0434502, 2.48427) (-0.415303, 2.81468) 
(-1.21447, 1.47089) (-3.01141, 2.52834) (-3.05716, 1.81814) (2.40584, 0.601728) (0.0434481, 2.48428) (-0.405684, 2.82494) 
(-1.21447, 1.47089) (-3.01141, 2.52834) (-3.05716, 1.81814) (2.40585, 0.601743) (0.0434979, 2.48434) (-0.397526, 2.83516) 
(-1.21447, 1.47089) (-3.01141, 2.52834) (-3.05716, 1.81814) (2.40583, 0.60174) (0.043496, 2.48436) (-0.391096, 2.84305) 
(-1.21447, 1.47089) (-3.01141, 2.52834) (-3.05716, 1.81814) (2.40582, 0.601729) (0.0435075, 2.48437) (-0.382727, 2.85174) 
(-1.21447, 1.47089) (-3.01141, 2.52834) (-3.05716, 1.81814) (2.40583, 0.60174) (0.0435389, 2.48433) (-0.373858, 2.85865) 
(-1.21447, 1.47089) (-3.01141, 2.52834) (-3.05716, 1.81814) (2.40582, 0.601706) (0.0434336, 2.48427) (-0.365339, 2.86713) 
(-1.21447, 1.47089) (-3.01141, 2.52834) (-3.05716, 1.81814) (2.40583, 0.601748) (0.0434516, 2.48428) (-0.357857, 2.87461) 
(-1.21447, 1.47089) (-3.01141, 2.52834) (-3.05716, 1.81814) (2.40582, 0.601721) (0.0434026, 2.48427) (-0.350709, 2.88096) 
(-1.21447, 1.47089) (-3.01141, 2.52834) (-3.05716, 1.81814) (2.40583, 0.601736) (0.0434435, 2.48427) (-0.343406, 2.88562) 
(-1.21447, 1.47089) (-3.01141, 2.52834) (-3.05716, 1.81814) (2.40582, 0.601715) (0.0434507, 2.48427) (-0.336415, 2.89211) 
(-1.21447, 1.47089) (-3.01141, 2.52834) (-3.05716, 1.81814) (2.40582, 0.601714) (0.0434399, 2.48428) (-0.329117, 2.8981) 
(-1.21447, 1.47089) (-3.01141, 2.52834) (-3.05716, 1.81814) (2.4058, 0.601701) (0.0434061, 2.48428) (-0.32383, 2.90315) 
(-1.21447, 1.47089) (-3.01141, 2.52834) (-3.05716, 1.81814) (2.40583, 0.601743) (0.0435596, 2.48426) (-0.316354, 2.90801) 
(-1.21447, 1.47089) (-3.01141, 2.52834) (-3.05716, 1.81814) (2.40584, 0.601754) (0.0434617, 2.48426) (-0.310416, 2.91144) 
(-1.21447, 1.47089) (-3.01141, 2.52834) (-3.05716, 1.81814) (2.4058, 0.601693) (0.0434061, 2.48427) (-0.302609, 2.91748) 
(-1.21447, 1.47089) (-3.01141, 2.52834) (-3.05716, 1.81814) (2.40583, 0.60172) (0.0434526, 2.48426) (-0.299515, 2.91981) 
(-1.21447, 1.47089) (-3.01141, 2.52834) (-3.05716, 1.81814) (2.40581, 0.601707) (0.0434225, 2.48426) (-0.295551, 2.92231) 
(-1.21447, 1.47089) (-3.01141, 2.52834) (-3.05716, 1.81814) (2.40581, 0.601731) (0.0434143, 2.48427) (-0.295513, 2.9239) 
(-1.21447, 1.47089) (-3.01141, 2.52834) (-3.05716, 1.81814) (2.40581, 0.601741) (0.0434186, 2.48427) (-0.292553, 2.92539) 
(-1.21447, 1.47089) (-3.01141, 2.52834) (-3.05716, 1.81814) (2.40579, 0.601756) (0.0434326, 2.48427) (-0.289906, 2.92698) 
(-1.21447, 1.47089) (-3.01141, 2.52834) (-3.05716, 1.81814) (2.40579, 0.601674) (0.0434423, 2.48427) (-0.286643, 2.92829) 
(-1.21447, 1.47089) (-3.01141, 2.52834) (-3.05716, 1.81814) (2.40581, 0.601701) (0.0434135, 2.48427) (-0.282793, 2.93005) 
(-1.21447, 1.47089) (-3.01141, 2.52834) (-3.05716, 1.81814) (2.4058, 0.6017) (0.0434631, 2.48427) (-0.283478, 2.93052) 
(-1.21447, 1.47089) (-3.01141, 2.52834) (-3.05716, 1.81814) (2.40585, 0.601724) (0.0434544, 2.48428) (-0.283386, 2.93103) 
(-1.21447, 1.47089) (-3.01141, 2.52834) (-3.05716, 1.81814) (2.40585, 0.60171) (0.0434642, 2.48427) (-0.282468, 2.93283) 
(-1.21447, 1.47089) (-3.01141, 2.52834) (-3.05716, 1.81814) (2.40583, 0.601715) (0.0434261, 2.48426) (-0.280598, 2.93417) 
(-1.21447, 1.47089) (-3.01141, 2.52834) (-3.05716, 1.81814) (2.40583, 0.601718) (0.0434108, 2.48426) (-0.27997, 2.93472) 
(-1.21447, 1.47089) (-3.01141, 2.52834) (-3.05716, 1.81814) (2.40582, 0.601715) (0.0434357, 2.48429) (-0.278957, 2.93428) 
(-1.21447, 1.47089) (-3.01141, 2.52834) (-3.05716, 1.81814) (2.40581, 0.601709) (0.0434512, 2.48426) (-0.269217, 2.93349) 
(-1.21447, 1.47089) (-3.01141, 2.52834) (-3.05716, 1.81814) (2.40581, 0.60172) (0.0434354, 2.48428) (-0.262968, 2.93132) 
(-1.21447, 1.47089) (-3.01141, 2.52834) (-3.05716, 1.81814) (2.40582, 0.601726) (0.0433991, 2.48427) (-0.257007, 2.9282) 
(-1.21447, 1.47089) (-3.01141, 2.52834) (-3.05716, 1.81814) (2.4058, 0.601723) (0.0434099, 2.48428) (-0.250275, 2.92532) 
(-1.21447, 1.47089) (-3.01141, 2.52834) (-3.05716, 1.81814) (2.4058, 0.601736) (0.0434327, 2.48426) (-0.243382, 2.92496) 
(-1.21447, 1.47089) (-3.01141, 2.52834) (-3.05716, 1.81814) (2.4058, 0.601711) (0.0434943, 2.48425) (-0.236725, 2.92503) 
(-1.21447, 1.47089) (-3.01141, 2.52834) (-3.05716, 1.81814) (2.4058, 0.601725) (0.0435499, 2.48424) (-0.245166, 2.92545) 
(-1.21447, 1.47089) (-3.01141, 2.52834) (-3.05716, 1.81814) (2.4058, 0.601702) (0.0436689, 2.48422) (-0.243324, 2.92926) 
(-1.21447, 1.47089) (-3.01141, 2.52834) (-3.05716, 1.81814) (2.40584, 0.601729) (0.0437001, 2.48421) (-0.243038, 2.93497) 
(-1.21447, 1.47089) (-3.01141, 2.52834) (-3.05716, 1.81814) (2.40586, 0.601707) (0.0434972, 2.48425) (-0.240925, 2.93814) 
(-1.21447, 1.47089) (-3.01141, 2.52834) (-3.05716, 1.81814) (2.40582, 0.60174) (0.043403, 2.48427) (-0.235407, 2.94689) 
(-1.21447, 1.47089) (-3.01141, 2.52834) (-3.05716, 1.81814) (2.40583, 0.601705) (0.0434354, 2.48426) (-0.230586, 2.95363) 
(-1.21447, 1.47089) (-3.01141, 2.52834) (-3.05716, 1.81814) (2.40581, 0.601714) (0.0434542, 2.48427) (-0.233545, 2.95911) 
(-1.21447, 1.47089) (-3.01141, 2.52834) (-3.05716, 1.81814) (2.40582, 0.60174) (0.0436012, 2.48423) (-0.233558, 2.95911) 
(-1.21447, 1.47089) (-3.01141, 2.52834) (-3.05716, 1.81814) (2.40581, 0.601724) (0.0435736, 2.48423) (-0.233558, 2.95911) 
(-1.21447, 1.47089) (-3.01141, 2.52834) (-3.05716, 1.81814) (2.40582, 0.601748) (0.0436121, 2.48424) (-0.233558, 2.95911) 
(-1.21447, 1.47089) (-3.01141, 2.52834) (-3.05716, 1.81814) (2.40581, 0.601739) (0.043579, 2.48424) (-0.233558, 2.95911) 
(-1.21447, 1.47089) (-3.01141, 2.52834) (-3.05716, 1.81814) (2.40584, 0.601733) (0.0442465, 2.4844) (-0.233558, 2.95911) 
(-1.21447, 1.47089) (-3.01141, 2.52834) (-3.05716, 1.81814) (2.40588, 0.601767) (0.0472533, 2.48453) (-0.233558, 2.95911) 
(-1.21447, 1.47089) (-3.01141, 2.52834) (-3.05716, 1.81814) (2.40577, 0.601728) (0.0452576, 2.48468) (-0.233558, 2.95911) 
(-1.21447, 1.47089) (-3.01141, 2.52834) (-3.05716, 1.81814) (2.40577, 0.601718) (0.0444447, 2.48454) (-0.233558, 2.95911) 
(-1.21447, 1.47089) (-3.01141, 2.52834) (-3.05716, 1.81814) (2.40583, 0.60176) (0.0437453, 2.48458) (-0.233558, 2.95911) 
(-1.21447, 1.47089) (-3.01141, 2.52834) (-3.05716, 1.81814) (2.40582, 0.601721) (0.0437912, 2.48456) (-0.233558, 2.95911) 
(-1.21447, 1.47089) (-3.01141, 2.52834) (-3.05716, 1.81814) (2.40579, 0.601723) (0.0436345, 2.48461) (-0.233558, 2.95911) 
(-1.21447, 1.47089) (-3.01141, 2.52834) (-3.05716, 1.81814) (2.40582, 0.601745) (0.0437599, 2.48508) (-0.233558, 2.95911) 
(-1.21447, 1.47089) (-3.01141, 2.52834) (-3.05716, 1.81814) (2.40581, 0.601724) (0.0431676, 2.48477) (-0.233558, 2.95911) 
(-1.21447, 1.47089) (-3.01141, 2.52834) (-3.05716, 1.81814) (2.4058, 0.601702) (0.04345, 2.48465) (-0.233558, 2.95911) 
(-1.21447, 1.47089) (-3.01141, 2.52834) (-3.05716, 1.81814) (2.40583, 0.601737) (0.0435629, 2.48458) (-0.233558, 2.95911) 
(-1.21447, 1.47089) (-3.01141, 2.52834) (-3.05716, 1.81814) (2.40581, 0.601671) (0.0432831, 2.48454) (-0.233558, 2.95911) 
(-1.21447, 1.47089) (-3.01141, 2.52834) (-3.05716, 1.81814) (2.40576, 0.601706) (0.0435062, 2.48463) (-0.233558, 2.95911) 
(-1.21447, 1.47089) (-3.01141, 2.52834) (-3.05716, 1.81814) (2.40576, 0.601717) (0.0433947, 2.48453) (-0.233558, 2.95911) 
(-1.21447, 1.47089) (-3.01141, 2.52834) (-3.05716, 1.81814) (2.40575, 0.601669) (0.0433688, 2.48463) (-0.233558, 2.95911) 
(-1.21447, 1.47089) (-3.01141, 2.52834) (-3.05716, 1.81814) (2.4058, 0.60174) (0.0432411, 2.48454) (-0.233558, 2.95911) 
(-1.21447, 1.47089) (-3.01141, 2.52834) (-3.05716, 1.81814) (2.40579, 0.601734) (0.0432073, 2.48449) (-0.233558, 2.95911) 
(-1.21447, 1.47089) (-3.01141, 2.52834) (-3.05716, 1.81814) (2.40579, 0.60174) (0.0433018, 2.48459) (-0.233558, 2.95911) 
(-1.21447, 1.47089) (-3.01141, 2.52834) (-3.05716, 1.81814) (2.40581, 0.601709) (0.043397, 2.48474) (-0.233558, 2.95911) 
(-1.21447, 1.47089) (-3.01141, 2.52834) (-3.05716, 1.81814) (2.40581, 0.601718) (0.0433865, 2.48454) (-0.233558, 2.95911) 
(-1.21447, 1.47089) (-3.01141, 2.52834) (-3.05716, 1.81814) (2.40581, 0.601755) (0.0435328, 2.48453) (-0.233558, 2.95911) 
(-1.21447, 1.47089) (-3.01141, 2.52834) (-3.05716, 1.81814) (2.40585, 0.601777) (0.043777, 2.48458) (-0.233558, 2.95911) 
(-1.21447, 1.47089) (-3.01141, 2.52834) (-3.05716, 1.81814) (2.40584, 0.601712) (0.0437966, 2.48462) (-0.233558, 2.95911) 
(-1.21447, 1.47089) (-3.01141, 2.52834) (-3.05716, 1.81814) (2.40581, 0.601774) (0.0437374, 2.48459) (-0.233558, 2.95911) 
(-1.21447, 1.47089) (-3.01141, 2.52834) (-3.05716, 1.81814) (2.40575, 0.601662) (0.0437281, 2.48453) (-0.233558, 2.95911) 
(-1.21447, 1.47089) (-3.01141, 2.52834) (-3.05716, 1.81814) (2.40582, 0.601721) (0.0439614, 2.48559) (-0.233558, 2.95911) 
(-1.21447, 1.47089) (-3.01141, 2.52834) (-3.05716, 1.81814) (2.40578, 0.601719) (0.0433122, 2.48333) (-0.233558, 2.95911) 
(-1.21447, 1.47089) (-3.01141, 2.52834) (-3.05716, 1.81814) (2.40581, 0.601686) (0.0403062, 2.46869) (-0.233558, 2.95911) 
(-1.21447, 1.47089) (-3.01141, 2.52834) (-3.05716, 1.81814) (2.40581, 0.601748) (0.0403849, 2.45093) (-0.233558, 2.95911) 
(-1.21447, 1.47089) (-3.01141, 2.52834) (-3.05716, 1.81814) (2.40581, 0.601758) (0.0411396, 2.44355) (-0.233558, 2.95911) 
(-1.21447, 1.47089) (-3.01141, 2.52834) (-3.05716, 1.81814) (2.40579, 0.601706) (0.0395988, 2.42578) (-0.233558, 2.95911) 
(-1.21447, 1.47089) (-3.01141, 2.52834) (-3.05716, 1.81814) (2.40581, 0.601746) (0.0406488, 2.40743) (-0.233558, 2.95911) 
(-1.21447, 1.47089) (-3.01141, 2.52834) (-3.05716, 1.81814) (2.4058, 0.601748) (0.0415477, 2.38676) (-0.233558, 2.95911) 
(-1.21447, 1.47089) (-3.01141, 2.52834) (-3.05716, 1.81814) (2.40579, 0.601685) (0.0434819, 2.3691) (-0.233558, 2.95911) 
(-1.21447, 1.47089) (-3.01141, 2.52834) (-3.05716, 1.81814) (2.40581, 0.601741) (0.0465684, 2.34525) (-0.233558, 2.95911) 
(-1.21447, 1.47089) (-3.01141, 2.52834) (-3.05716, 1.81814) (2.4058, 0.601732) (0.0476904, 2.3293) (-0.233558, 2.95911) 
(-1.21447, 1.47089) (-3.01141, 2.52834) (-3.05716, 1.81814) (2.40578, 0.601766) (0.0481535, 2.30778) (-0.233558, 2.95911) 
(-1.21447, 1.47089) (-3.01141, 2.52834) (-3.05716, 1.81814) (2.40581, 0.601748) (0.050153, 2.29125) (-0.233558, 2.95911) 
(-1.21447, 1.47089) (-3.01141, 2.52834) (-3.05716, 1.81814) (2.40579, 0.60171) (0.0527103, 2.27259) (-0.233558, 2.95911) 
(-1.21447, 1.47089) (-3.01141, 2.52834) (-3.05716, 1.81814) (2.40578, 0.601736) (0.0524518, 2.26145) (-0.233558, 2.95911) 
(-1.21447, 1.47089) (-3.01141, 2.52834) (-3.05716, 1.81814) (2.40578, 0.601727) (0.05522, 2.24254) (-0.233558, 2.95911) 
(-1.21447, 1.47089) (-3.01141, 2.52834) (-3.05716, 1.81814) (2.40579, 0.601681) (0.0609712, 2.23069) (-0.233558, 2.95911) 
(-1.21447, 1.47089) (-3.01141, 2.52834) (-3.05716, 1.81814) (2.40581, 0.601759) (0.0679529, 2.2116) (-0.233558, 2.95911) 
(-1.21447, 1.47089) (-3.01141, 2.52834) (-3.05716, 1.81814) (2.40603, 0.601879) (0.0718547, 2.19916) (-0.233558, 2.95911) 
(-1.21447, 1.47089) (-3.01141, 2.52834) (-3.05716, 1.81814) (2.40601, 0.601854) (0.0728786, 2.19182) (-0.233558, 2.95911) 
(-1.21447, 1.47089) (-3.01141, 2.52834) (-3.05716, 1.81814) (2.40617, 0.601835) (0.0625794, 2.19163) (-0.203306, 3.09467) 
(-1.21447, 1.47089) (-3.01141, 2.52834) (-3.05716, 1.81814) (2.40593, 0.601818) (0.0509682, 2.19395) (-0.183344, 3.10362) 
(-1.21447, 1.47089) (-3.01141, 2.52834) (-3.05716, 1.81814) (2.40571, 0.601724) (0.0546577, 2.19238) (-0.159718, 3.09791) 
(-1.21447, 1.47089) (-3.01141, 2.52834) (-3.05716, 1.81814) (2.40582, 0.601707) (0.054102, 2.19247) (-0.143571, 3.09281) 
(-1.21447, 1.47089) (-3.01141, 2.52834) (-3.05716, 1.81814) (2.40599, 0.601907) (0.053349, 2.19079) (-0.148833, 3.09677) 
(-1.21447, 1.47089) (-3.01141, 2.52834) (-3.05716, 1.81814) (2.40582, 0.60149) (0.0529354, 2.18449) (-0.148377, 3.09664) 
(-1.21447, 1.47089) (-3.01141, 2.52834) (-3.05716, 1.81814) (2.40568, 0.601638) (0.0510225, 2.16817) (-0.148408, 3.09664) 
(-1.21447, 1.47089) (-3.01141, 2.52834) (-3.05716, 1.81814) (2.40583, 0.601781) (0.0481503, 2.14938) (-0.148408, 3.09664) 
(-1.21447, 1.47089) (-3.01141, 2.52834) (-3.05716, 1.81814) (2.40586, 0.601701) (0.0451338, 2.13381) (-0.148408, 3.09664) 
(-1.21447, 1.47089) (-3.01141, 2.52834) (-3.05716, 1.81814) (2.4058, 0.601692) (0.0441935, 2.1025) (-0.148408, 3.09664) 
(-1.21447, 1.47089) (-3.01141, 2.52834) (-3.05716, 1.81814) (2.40587, 0.601806) (0.0504324, 2.08439) (-0.148408, 3.09664) 
(-1.21447, 1.47089) (-3.01141, 2.52834) (-3.05716, 1.81814) (2.40583, 0.601775) (0.0709851, 2.08487) (-0.148408, 3.09664) 
(-1.21447, 1.47089) (-3.01141, 2.52834) (-3.05716, 1.81814) (2.40574, 0.601696) (0.0662643, 2.06559) (-0.148408, 3.09664) 
(-1.21447, 1.47089) (-3.01141, 2.52834) (-3.05716, 1.81814) (2.4058, 0.601754) (0.070328, 2.06655) (-0.148408, 3.09664) 
(-1.21447, 1.47089) (-3.01141, 2.52834) (-3.05716, 1.81814) (2.40583, 0.60174) (0.06822, 2.0655) (-0.148408, 3.09664) 
(-1.21447, 1.47089) (-3.01141, 2.52834) (-3.05716, 1.81814) (2.40576, 0.601753) (0.0705921, 2.06559) (-0.148408, 3.09664) 
(-1.21447, 1.47089) (-3.01141, 2.52834) (-3.05716, 1.81814) (2.40581, 0.601715) (0.0687298, 2.06561) (-0.148408, 3.09664) 
(-1.21447, 1.47089) (-3.01141, 2.52834) (-3.05716, 1.81814) (2.4058, 0.601738) (0.0698473, 2.06572) (-0.148408, 3.09664) 
(-1.21447, 1.47089) (-3.01141, 2.52834) (-3.05716, 1.81814) (2.40579, 0.601703) (0.0698155, 2.0655) (-0.148408, 3.09664) 
(-1.21447, 1.47089) (-3.01141, 2.52834) (-3.05716, 1.81814) (2.40576, 0.601726) (0.0691151, 2.06564) (-0.148408, 3.09664) 
(-1.21447, 1.47089) (-3.01141, 2.52834) (-3.05716, 1.81814) (2.40582, 0.601721) (0.0694393, 2.06575) (-0.148408, 3.09664) 
(-1.21447, 1.47089) (-3.01141, 2.52834) (-3.05716, 1.81814) (2.40576, 0.601711) (0.0695363, 2.06563) (-0.148408, 3.09664) 
(-1.21447, 1.47089) (-3.01141, 2.52834) (-3.05716, 1.81814) (2.40578, 0.601742) (0.0684948, 2.06573) (-0.148408, 3.09664) 
(-1.21447, 1.47089) (-3.01141, 2.52834) (-3.05716, 1.81814) (2.4058, 0.601759) (0.0685143, 2.06592) (-0.148408, 3.09664) 
(-1.21447, 1.47089) (-3.01141, 2.52834) (-3.05716, 1.81814) (2.40578, 0.601741) (0.0685144, 2.06588) (-0.148408, 3.09664) 
(-1.21447, 1.47089) (-3.01141, 2.52834) (-3.05716, 1.81814) (2.40582, 0.601728) (0.0673488, 2.06567) (-0.148408, 3.09664) 
(-1.21447, 1.47089) (-3.01141, 2.52834) (-3.05716, 1.81814) (2.4058, 0.601733) (0.0673375, 2.06561) (-0.148408, 3.09664) 
(-1.21447, 1.47089) (-3.01141, 2.52834) (-3.05716, 1.81814) (2.4058, 0.601731) (0.0674532, 2.06593) (-0.148408, 3.09664) 
(-1.21447, 1.47089) (-3.01141, 2.52834) (-3.05716, 1.81814) (2.40579, 0.60172) (0.0674807, 2.06592) (-0.148408, 3.09664) 
(-1.21447, 1.47089) (-3.01141, 2.52834) (-3.05716, 1.81814) (2.4058, 0.60174) (0.0674912, 2.06591) (-0.148408, 3.09664) 
(-1.21447, 1.47089) (-3.01141, 2.52834) (-3.05716, 1.81814) (2.40582, 0.601733) (0.0674584, 2.06586) (-0.148408, 3.09664) 
(-1.21447, 1.47089) (-3.01141, 2.52834) (-3.05716, 1.81814) (2.40579, 0.601701) (0.0674933, 2.06588) (-0.148408, 3.09664) 
(-1.21447, 1.47089) (-3.01141, 2.52834) (-3.05716, 1.81814) (2.40581, 0.601737) (0.067483, 2.06589) (-0.148408, 3.09664) 
(-1.21447, 1.47089) (-3.01141, 2.52834) (-3.05716, 1.81814) (2.40579, 0.601734) (0.0674282, 2.06583) (-0.148408, 3.09664) 
(-1.21447, 1.47089) (-3.01141, 2.52834) (-3.05716, 1.81814) (2.40578, 0.601715) (0.0673062, 2.06572) (-0.148408, 3.09664) 
(-1.21447, 1.47089) (-3.01141, 2.52834) (-3.05716, 1.81814) (2.40578, 0.601718) (0.0672562, 2.0657) (-0.148408, 3.09664) 
(-1.21447, 1.47089) (-3.01141, 2.52834) (-3.05716, 1.81814) (2.40579, 0.601724) (0.0673268, 2.06573) (-0.148408, 3.09664) 
(-1.21447, 1.47089) (-3.01141, 2.52834) (-3.05716, 1.81814) (2.40579, 0.601745) (0.0673068, 2.06575) (-0.0392766, 2.67991) 
(-1.21447, 1.47089) (-3.01141, 2.52834) (-3.05716, 1.81814) (2.4058, 0.601732) (0.0672998, 2.06572) (-0.035915, 2.67461) 
(-1.21447, 1.47089) (-3.01141, 2.52834) (-3.05716, 1.81814) (2.40581, 0.601762) (0.0672971, 2.06573) (0.0011435, 2.6272) 
(-1.21447, 1.47089) (-3.01141, 2.52834) (-3.05716, 1.81814) (2.4058, 0.601733) (0.0673045, 2.06572) (0.00815329, 2.61205) 
(-1.21447, 1.47089) (-3.01141, 2.52834) (-3.05716, 1.81814) (2.40579, 0.601736) (0.0675614, 2.06604) (0.0128672, 2.60242) 
(-1.21447, 1.47089) (-3.01141, 2.52834) (-3.05716, 1.81814) (2.40582, 0.601754) (0.0675873, 2.06599) (0.0159094, 2.59669) 
(-1.21447, 1.47089) (-3.01141, 2.52834) (-3.05716, 1.81814) (2.40583, 0.601749) (0.0674633, 2.0659) (0.00911674, 2.59096) 
(-1.21447, 1.47089) (-3.01141, 2.52834) (-3.05716, 1.81814) (2.40581, 0.601741) (0.0674801, 2.06596) (0.00240909, 2.58797) 
(-1.21447, 1.47089) (-3.01141, 2.52834) (-3.05716, 1.81814) (2.40579, 0.601726) (0.0674784, 2.06594) (-0.0103321, 2.58579) 
(-1.21447, 1.47089) (-3.01141, 2.52834) (-3.05716, 1.81814) (2.40579, 0.601727) (0.0674504, 2.06591) (-0.0240473, 2.5837) 
(-1.21447, 1.47089) (-3.01141, 2.52834) (-3.05716, 1.81814) (2.40578, 0.601737) (0.0674784, 2.06594) (-0.037499, 2.58039) 
(-1.21447, 1.47089) (-3.01141, 2.52834) (-3.05716, 1.81814) (2.40579, 0.601732) (0.0675098, 2.06596) (-0.0433597, 2.57983) 
(-1.21447, 1.47089) (-3.01141, 2.52834) (-3.05716, 1.81814) (2.4058, 0.601726) (0.0674848, 2.06594) (-0.0487111, 2.57976) 
(-1.21447, 1.47089) (-3.01141, 2.52834) (-3.05716, 1.81814) (2.40578, 0.601729) (0.0674437, 2.06593) (-0.0472481, 2.5792) 
(-1.21447, 1.47089) (-3.01141, 2.52834) (-3.05716, 1.81814) (2.40581, 0.601738) (0.0674818, 2.06595) (-0.0479266, 2.57886) 
(-1.21447, 1.47089) (-3.01141, 2.52834) (-3.05716, 1.81814) (2.4058, 0.601695) (0.0674925, 2.06596) (-0.0488313, 2.57961) 
(-1.21447, 1.47089) (-3.01141, 2.52834) (-3.05716, 1.81814) (2.40581, 0.601744) (0.0674783, 2.06592) (-0.0480822, 2.57974) 
(-1.21447, 1.47089) (-3.01141, 2.52834) (-3.05716, 1.81814) (2.4058, 0.601722) (0.0674319, 2.06594) (-0.0481635, 2.57969) 
(-1.21447, 1.47089) (-3.01141, 2.52834) (-3.05716, 1.81814) (2.40579, 0.601723) (0.0674659, 2.06596) (-0.0490445, 2.57996) 
(-1.21447, 1.47089) (-3.01141, 2.52834) (-3.05716, 1.81814) (2.4058, 0.601741) (0.0674148, 2.06588) (-0.049883, 2.58007) 
(-1.21447, 1.47089) (-3.01141, 2.52834) (-3.05716, 1.81814) (2.40582, 0.601738) (0.067515, 2.06598) (-0.0502285, 2.58142) 
(-1.21447, 1.47089) (-3.01141, 2.52834) (-3.05716, 1.81814) (2.40579, 0.601721) (0.0674197, 2.06594) (-0.048877, 2.57961) 
(-1.21447, 1.47089) (-3.01141, 2.52834) (-3.05716, 1.81814) (2.4058, 0.601728) (0.0674768, 2.06594) (-0.0530391, 2.57545) 
(-1.21447, 1.47089) (-3.01141, 2.52834) (-3.05716, 1.81814) (2.40578, 0.601776) (0.0674552, 2.06593) (-0.0639171, 2.56023) 
(-1.21447, 1.47089) (-3.01141, 2.52834) (-3.05716, 1.81814) (2.4058, 0.601766) (0.067429, 2.06593) (-0.0937431, 2.51913) 
(-1.21447, 1.47089) (-3.01141, 2.52834) (-3.05716, 1.81814) (2.40578, 0.601691) (0.0674663, 2.06595) (-0.118292, 2.49913) 
(-1.21447, 1.47089) (-3.01141, 2.52834) (-3.05716, 1.81814) (2.40579, 0.601758) (0.0674546, 2.06595) (-0.180395, 2.442) 
(-1.21447, 1.47089) (-3.01141, 2.52834) (-3.05716, 1.81814) (2.4058, 0.601747) (0.0674924, 2.06595) (-0.218868, 2.3922) 
(-1.21447, 1.47089) (-3.01141, 2.52834) (-3.05716, 1.81814) (2.40581, 0.601744) (0.0673655, 2.06572) (-0.258231, 2.3284) 
(-1.21447, 1.47089) (-3.01141, 2.52834) (-3.05716, 1.81814) (2.40577, 0.601679) (0.0678675, 2.06556) (-0.297773, 2.24609) 
(-1.21447, 1.47089) (-3.01141, 2.52834) (-3.05716, 1.81814) (2.40578, 0.601719) (0.0694612, 2.06579) (-0.351688, 2.14649) 
(-1.21447, 1.47089) (-3.01141, 2.52834) (-3.05716, 1.81814) (2.4058, 0.601703) (0.0694516, 2.06581) (-0.401758, 2.07058) 
(-1.21447, 1.47089) (-3.01141, 2.52834) (-3.05716, 1.81814) (2.40581, 0.601726) (0.0688299, 2.06596) (-0.446924, 1.9893) 
(-1.21447, 1.47089) (-3.01141, 2.52834) (-3.05716, 1.81814) (2.40581, 0.601745) (0.0679896, 2.06575) (-0.477642, 1.91203) 
(-1.21447, 1.47089) (-3.01141, 2.52834) (-3.05716, 1.81814) (2.4058, 0.601724) (0.0696754, 2.0658) (-0.505785, 1.82886) 
(-1.21447, 1.47089) (-3.01141, 2.52834) (-3.05716, 1.81814) (2.40581, 0.601759) (0.0696834, 2.06586) (-0.530515, 1.73571) 
(-1.21447, 1.47089) (-3.01141, 2.52834) (-3.05716, 1.81814) (2.4058, 0.601725) (0.0697968, 2.06585) (-0.543738, 1.6498) 
(-1.21447, 1.47089) (-3.01141, 2.52834) (-3.05716, 1.81814) (2.40574, 0.601444) (0.0693755, 2.06595) (-0.550526, 1.57309) 
(-1.21447, 1.47089) (-3.01141, 2.52834) (-3.05716, 1.81814) (2.40581, 0.601297) (0.0692993, 2.06598) (-0.560287, 1.48465) 
(-1.21447, 1.47089) (-3.01141, 2.52834) (-3.05716, 1.81814) (2.40605, 0.601231) (0.0691185, 2.06612) (-0.567301, 1.38612) 
(-1.21447, 1.47089) (-3.01141, 2.52834) (-3.05716, 1.81814) (2.40577, 0.601731) (0.0692632, 2.06598) (-0.573195, 1.29216) 
(-1.21447, 1.47089) (-3.01141, 2.52834) (-3.05716, 1.81814) (2.40578, 0.601752) (0.0684201, 2.06625) (-0.574503, 1.18004) 
(-1.21447, 1.47089) (-3.01141, 2.52834) (-3.05716, 1.81814) (2.40578, 0.601714) (0.0678079, 2.06654) (-0.568595, 1.06422) 
(-1.21447, 1.47089) (-3.01141, 2.52834) (-3.05716, 1.81814) (2.40575, 0.601716) (0.0670293, 2.06585) (-0.558423, 0.963879) 
(-1.21447, 1.47089) (-3.01141, 2.52834) (-3.05716, 1.81814) (2.40581, 0.601747) (0.0670866, 2.06587) (-0.543593, 0.831049) 
(-1.21447, 1.47089) (-3.01141, 2.52834) (-3.05716, 1.81814) (2.40578, 0.601729) (0.0670575, 2.06589) (-0.524818, 0.70436) 
(-1.21447, 1.47089) (-3.01141, 2.52834) (-3.05716, 1.81814) (2.4058, 0.601711) (0.0672983, 2.06589) (-0.503956, 0.587178) 
(-1.21447, 1.47089) (-3.01141, 2.52834) (-3.05716, 1.81814) (2.40579, 0.601716) (0.067373, 2.06593) (-0.48276, 0.461676) 
(-1.21447, 1.47089) (-3.01141, 2.52834) (-3.05716, 1.81814) (2.4058, 0.601725) (0.0674809, 2.06602) (-0.457084, 0.336164) 
(-1.21447, 1.47089) (-3.01141, 2.52834) (-3.05716, 1.81814) (2.4058, 0.601737) (0.0674845, 2.066) (-0.429608, 0.202939) 
(-1.21447, 1.47089) (-3.01141, 2.52834) (-3.05716, 1.81814) (2.40581, 0.601718) (0.0674796, 2.06599) (-0.409321, 0.0742094) 
(-1.21447, 1.47089) (-3.01141, 2.52834) (-3.05716, 1.81814) (2.40576, 0.601714) (0.0673934, 2.06595) (-0.396757, -0.0481103) 
(-1.21447, 1.47089) (-3.01141, 2.52834) (-3.05716, 1.81814) (2.40581, 0.601759) (0.0674318, 2.06596) (-0.384456, -0.173376) 
(-1.21447, 1.47089) (-3.01141, 2.52834) (-3.05716, 1.81814) (2.4058, 0.601707) (0.0674805, 2.06599) (-0.369054, -0.292133) 
(-1.21447, 1.47089) (-3.01141, 2.52834) (-3.05716, 1.81814) (2.40578, 0.601726) (0.0674449, 2.06596) (-0.351456, -0.437453) 
(-1.21447, 1.47089) (-3.01141, 2.52834) (-3.05716, 1.81814) (2.40581, 0.601723) (0.0674834, 2.06597) (-0.335963, -0.566908) 
(-1.21447, 1.47089) (-3.01141, 2.52834) (-3.05716, 1.81814) (2.40578, 0.601713) (0.0674299, 2.06598) (-0.326982, -0.686265) 
(-1.21447, 1.47089) (-3.01141, 2.52834) (-3.05716, 1.81814) (2.40579, 0.601713) (0.0674039, 2.06594) (-0.317867, -0.803577) 
(-1.21447, 1.47089) (-3.01141, 2.52834) (-3.05716, 1.81814) (2.40579, 0.601698) (0.0674736, 2.06595) (-0.30188, -0.92541) 
(-1.21447, 1.47089) (-3.01141, 2.52834) (-3.05716, 1.81814) (2.40579, 0.601717) (0.0674204, 2.06595) (-0.276556, -1.06275) 
(-1.21447, 1.47089) (-3.01141, 2.52834) (-3.05716, 1.81814) (2.40579, 0.601742) (0.0674858, 2.06597) (-0.249277, -1.17887) 
(-1.21447, 1.47089) (-3.01141, 2.52834) (-3.05716, 1.81814) (2.40579, 0.60172) (0.0674095, 2.06597) (-0.218675, -1.29489) 
(-1.21447, 1.47089) (-3.01141, 2.52834) (-3.05716, 1.81814) (2.40579, 0.601717) (0.0674365, 2.06597) (-0.188414, -1.3961) 
(-1.21447, 1.47089) (-3.01141, 2.52834) (-3.05716, 1.81814) (2.40578, 0.601719) (0.0674596, 2.06594) (-0.150912, -1.49697) 
(-1.21447, 1.47089) (-3.01141, 2.52834) (-3.05716, 1.81814) (2.4058, 0.601725) (0.0673679, 2.06594) (-0.110281, -1.58371) 
(-1.21447, 1.47089) (-3.01141, 2.52834) (-3.05716, 1.81814) (2.4058, 0.601735) (0.0674322, 2.06596) (-0.0743222, -1.66327) 
(-1.21447, 1.47089) (-3.01141, 2.52834) (-3.05716, 1.81814) (2.40579, 0.601744) (0.0674321, 2.06595) (-0.0527818, -1.7203) 
(-1.21447, 1.47089) (-3.01141, 2.52834) (-3.05716, 1.81814) (2.40579, 0.601738) (0.0674535, 2.06599) (-0.0380207, -1.78292) 
(-1.21447, 1.47089) (-3.01141, 2.52834) (-3.05716, 1.81814) (2.40578, 0.601726) (0.0674267, 2.066) (-0.0234997, -1.82292) 
(-1.21447, 1.47089) (-3.01141, 2.52834) (-3.05716, 1.81814) (2.40578, 0.601724) (0.0674048, 2.06596) (0.00224777, -1.87437) 
(-1.21447, 1.47089) (-3.01141, 2.52834) (-3.05716, 1.81814) (2.4058, 0.601735) (0.0674604, 2.06597) (0.0140631, -1.91486) 
(-1.21447, 1.47089) (-3.01141, 2.52834) (-3.05716, 1.81814) (2.40579, 0.60172) (0.067407, 2.06593) (0.0176507, -1.9424) 
(-1.21447, 1.47089) (-3.01141, 2.52834) (-3.05716, 1.81814) (2.40577, 0.601732) (0.0674569, 2.066) (0.0223242, -1.98166) 
(-1.21447, 1.47089) (-3.01141, 2.52834) (-3.05716, 1.81814) (2.40579, 0.601738) (0.0674497, 2.06599) (0.0256918, -2.00927) 
(-1.21447, 1.47089) (-3.01141, 2.52834) (-3.05716, 1.81814) (2.40578, 0.601713) (0.067454, 2.06597) (0.0251648, -2.03355) 
(-1.21447, 1.47089) (-3.01141, 2.52834) (-3.05716, 1.81814) (2.40581, 0.601728) (0.0674185, 2.06598) (0.0184147, -2.05422) 
(-1.21447, 1.47089) (-3.01141, 2.52834) (-3.05716, 1.81814) (2.40578, 0.601719) (0.0673985, 2.06597) (0.013195, -2.07367) 
(-1.21447, 1.47089) (-3.01141, 2.52834) (-3.05716, 1.81814) (2.4058, 0.601748) (0.0674383, 2.06599) (0.0120765, -2.09745) 
(-1.21447, 1.47089) (-3.01141, 2.52834) (-3.05716, 1.81814) (2.40579, 0.601736) (0.06745, 2.06599) (0.0114399, -2.10356) 
(-1.21447, 1.47089) (-3.01141, 2.52834) (-3.05716, 1.81814) (2.4058, 0.601742) (0.0674002, 2.06596) (0.00873603, -2.11125) 
(-1.21447, 1.47089) (-3.01141, 2.52834) (-3.05716, 1.81814) (2.40577, 0.601737) (0.0674651, 2.066) (0.0127383, -2.12921) 
(-1.21447, 1.47089) (-3.01141, 2.52834) (-3.05716, 1.81814) (2.40579, 0.601756) (0.0674381, 2.06597) (0.018514, -2.136) 
(-1.21447, 1.47089) (-3.01141, 2.52834) (-3.05716, 1.81814) (2.40577, 0.601701) (0.0674327, 2.06599) (0.0251512, -2.13545) 
(-1.21447, 1.47089) (-3.01141, 2.52834) (-3.05716, 1.81814) (2.40579, 0.601729) (0.0674516, 2.066) (0.0346883, -2.13668) 
(-1.21447, 1.47089) (-3.01141, 2.52834) (-3.05716, 1.81814) (2.4058, 0.601704) (0.067424, 2.06595) (0.0334685, -2.13388) 
(-1.21447, 1.47089) (-3.01141, 2.52834) (-3.05716, 1.81814) (2.40576, 0.601716) (0.0674536, 2.06601) (0.0383493, -2.12663) 
(-1.21447, 1.47089) (-3.01141, 2.52834) (-3.05716, 1.81814) (2.40578, 0.601709) (0.067432, 2.06598) (0.034866, -2.13051) 
(-1.21447, 1.47089) (-3.01141, 2.52834) (-3.05716, 1.81814) (2.40576, 0.601694) (0.0674106, 2.06596) (0.035576, -2.13323) 
(-1.21447, 1.47089) (-3.01141, 2.52834) (-3.05716, 1.81814) (2.40575, 0.601701) (0.0674255, 2.06598) (0.0352724, -2.13292) 
(-1.21447, 1.47089) (-3.01141, 2.52834) (-3.05716, 1.81814) (2.4058, 0.601704) (0.067415, 2.06597) (0.032966, -2.13738) 
(-1.21447, 1.47089) (-3.01141, 2.52834) (-3.05716, 1.81814) (2.40577, 0.6017) (0.0674358, 2.066) (0.03243, -2.13882) 
(-1.21447, 1.47089) (-3.01141, 2.52834) (-3.05716, 1.81814) (2.40577, 0.601726) (0.0674615, 2.066) (0.0324296, -2.1388) 
(-1.21447, 1.47089) (-3.01141, 2.52834) (-3.05716, 1.81814) (2.40578, 0.601691) (0.0674595, 2.06599) (0.0324296, -2.1388) 
(-1.21447, 1.47089) (-3.01141, 2.52834) (-3.05716, 1.81814) (2.40578, 0.601728) (0.0674641, 2.06599) (0.0324296, -2.1388) 
(-1.21447, 1.47089) (-3.01141, 2.52834) (-3.05716, 1.81814) (2.40581, 0.601734) (0.0674259, 2.06599) (0.0324296, -2.1388) 
(-1.21447, 1.47089) (-3.01141, 2.52834) (-3.05716, 1.81814) (2.40578, 0.60169) (0.0674197, 2.06599) (0.0324296, -2.1388) 
(-1.21447, 1.47089) (-3.01141, 2.52834) (-3.05716, 1.81814) (2.40576, 0.601703) (0.0674319, 2.06599) (0.0324296, -2.1388) 
(-1.21447, 1.47089) (-3.01141, 2.52834) (-3.05716, 1.81814) (2.40579, 0.601728) (0.0674392, 2.066) (0.0324296, -2.1388) 
(-1.21447, 1.47089) (-3.01141, 2.52834) (-3.05716, 1.81814) (2.40578, 0.601699) (0.0674374, 2.06599) (0.0324296, -2.1388) 
(-1.21447, 1.47089) (-3.01141, 2.52834) (-3.05716, 1.81814) (2.40578, 0.601685) (0.0674084, 2.06597) (0.0324296, -2.1388) 
(-1.21447, 1.47089) (-3.01141, 2.52834) (-3.05716, 1.81814) (2.4058, 0.60174) (0.0674186, 2.06595) (0.0324296, -2.1388) 
(-1.21447, 1.47089) (-3.01141, 2.52834) (-3.05716, 1.81814) (2.40578, 0.601706) (0.0674361, 2.06599) (0.0324296, -2.1388) 
(-1.21447, 1.47089) (-3.01141, 2.52834) (-3.05716, 1.81814) (2.40581, 0.601751) (0.0674654, 2.06596) (0.0324296, -2.1388) 
(-1.21447, 1.47089) (-3.01141, 2.52834) (-3.05716, 1.81814) (2.40577, 0.60174) (0.067457, 2.06597) (0.0324296, -2.1388) 
(-1.21447, 1.47089) (-3.01141, 2.52834) (-3.05716, 1.81814) (2.40576, 0.601727) (0.0674436, 2.066) (0.0324296, -2.1388) 
(-1.21447, 1.47089) (-3.01141, 2.52834) (-3.05716, 1.81814) (2.40578, 0.601735) (0.0674134, 2.06596) (0.0324296, -2.1388) 
(-1.21447, 1.47089) (-3.01141, 2.52834) (-3.05716, 1.81814) (2.40577, 0.601678) (0.0673774, 2.06598) (0.0324296, -2.1388) 
(-1.21447, 1.47089) (-3.01141, 2.52834) (-3.05716, 1.81814) (2.40577, 0.601678) (0.0674518, 2.06602) (0.0324296, -2.1388) 
(-1.21447, 1.47089) (-3.01141, 2.52834) (-3.05716, 1.81814) (2.40577, 0.601693) (0.0674289, 2.06599) (0.0324296, -2.1388) 
(-1.21447, 1.47089) (-3.01141, 2.52834) (-3.05716, 1.81814) (2.40576, 0.60168) (0.06743, 2.06599) (0.0324296, -2.1388) 
(-1.21447, 1.47089) (-3.01141, 2.52834) (-3.05716, 1.81814) (2.40577, 0.601728) (0.0674276, 2.06597) (0.0324296, -2.1388) 
(-1.21447, 1.47089) (-3.01141, 2.52834) (-3.05716, 1.81814) (2.40578, 0.601789) (0.0674363, 2.06597) (0.0324296, -2.1388) 
(-1.21447, 1.47089) (-3.01141, 2.52834) (-3.05716, 1.81814) (2.40578, 0.601709) (0.0673999, 2.066) (0.0324296, -2.1388) 
(-1.21447, 1.47089) (-3.01141, 2.52834) (-3.05716, 1.81814) (2.40577, 0.601692) (0.0674168, 2.06602) (0.0324296, -2.1388) 
(-1.21447, 1.47089) (-3.01141, 2.52834) (-3.05716, 1.81814) (2.40578, 0.601709) (0.0673945, 2.06598) (0.0324296, -2.1388) 
(-1.21447, 1.47089) (-3.01141, 2.52834) (-3.05716, 1.81814) (2.40577, 0.601726) (0.067423, 2.066) (0.0324296, -2.1388) 
(-1.21447, 1.47089) (-3.01141, 2.52834) (-3.05716, 1.81814) (2.40578, 0.601712) (0.0674562, 2.06598) (0.0324296, -2.1388) 
(-1.21447, 1.47089) (-3.01141, 2.52834) (-3.05716, 1.81814) (2.40577, 0.601675) (0.0674476, 2.06604) (0.0324296, -2.1388) 
(-1.21447, 1.47089) (-3.01141, 2.52834) (-3.05716, 1.81814) (2.40575, 0.601716) (0.0673912, 2.06599) (0.0324296, -2.1388) 
(-1.21447, 1.47089) (-3.01141, 2.52834) (-3.05716, 1.81814) (2.40579, 0.601741) (0.0674297, 2.06594) (0.0324296, -2.1388) 
(-1.21447, 1.47089) (-3.01141, 2.52834) (-3.05716, 1.81814) (2.40577, 0.601717) (0.0674592, 2.06601) (0.0324296, -2.1388) 
(-1.21447, 1.47089) (-3.01141, 2.52834) (-3.05716, 1.81814) (2.40578, 0.601759) (0.0674599, 2.06597) (0.0324296, -2.1388) 
(-1.21447, 1.47089) (-3.01141, 2.52834) (-3.05716, 1.81814) (2.4058, 0.601758) (0.0673864, 2.06596) (0.0324296, -2.1388) 
(-1.21447, 1.47089) (-3.01141, 2.52834) (-3.05716, 1.81814) (2.40577, 0.601728) (0.0674444, 2.066) (0.0324296, -2.1388) 
(-1.21447, 1.47089) (-3.01141, 2.52834) (-3.05716, 1.81814) (2.40578, 0.601747) (0.0674841, 2.06599) (0.0324296, -2.1388) 
(-1.21447, 1.47089) (-3.01141, 2.52834) (-3.05716, 1.81814) (2.40578, 0.601725) (0.0674134, 2.06595) (0.0324296, -2.1388) 
(-1.21447, 1.47089) (-3.01141, 2.52834) (-3.05716, 1.81814) (2.40577, 0.601728) (0.0674027, 2.066) (0.0324296, -2.1388) 
(-1.21447, 1.47089) (-3.01141, 2.52834) (-3.05716, 1.81814) (2.40579, 0.60173) (0.0674189, 2.06597) (0.0324296, -2.1388) 
(-1.21447, 1.47089) (-3.01141, 2.52834) (-3.05716, 1.81814) (2.40577, 0.601706) (0.0674504, 2.06601) (0.0324296, -2.1388) 
(-1.21447, 1.47089) (-3.01141, 2.52834) (-3.05716, 1.81814) (2.40576, 0.601699) (0.0674086, 2.06601) (0.0324296, -2.1388) 
(-1.21447, 1.47089) (-3.01141, 2.52834) (-3.05716, 1.81814) (2.40579, 0.601723) (0.0674029, 2.06598) (0.0324296, -2.1388) 
(-1.21447, 1.47089) (-3.01141, 2.52834) (-3.05716, 1.81814) (2.40577, 0.601712) (0.067396, 2.06602) (0.0324296, -2.1388) 
(-1.21447, 1.47089) (-3.01141, 2.52834) (-3.05716, 1.81814) (2.4058, 0.601728) (0.06742, 2.066) (0.0324296, -2.1388) 
(-1.21447, 1.47089) (-3.01141, 2.52834) (-3.05716, 1.81814) (2.40579, 0.601731) (0.0674312, 2.06596) (0.0324296, -2.1388) 
(-1.21447, 1.47089) (-3.01141, 2.52834) (-3.05716, 1.81814) (2.40578, 0.601749) (0.0674218, 2.06598) (0.0324296, -2.1388) 
(-1.21447, 1.47089) (-3.01141, 2.52834) (-3.05716, 1.81814) (2.40577, 0.601737) (0.067408, 2.06597) (0.0324296, -2.1388) 
(-1.21447, 1.47089) (-3.01141, 2.52834) (-3.05716, 1.81814) (2.40579, 0.601725) (0.0674406, 2.06599) (0.0324296, -2.1388) 
(-1.21447, 1.47089) (-3.01141, 2.52834) (-3.05716, 1.81814) (2.40577, 0.601712) (0.0674018, 2.06598) (0.0324296, -2.1388) 
(-1.21447, 1.47089) (-3.01141, 2.52834) (-3.05716, 1.81814) (2.40564, 0.601447) (0.0674271, 2.06597) (0.0324296, -2.1388) 
(-1.21447, 1.47089) (-3.01141, 2.52834) (-3.05716, 1.81814) (2.40526, 0.600885) (0.0674235, 2.06601) (0.0324296, -2.1388) 
(-1.21447, 1.47089) (-3.01141, 2.52834) (-3.05716, 1.81814) (2.40559, 0.601129) (0.0674056, 2.066) (0.0324296, -2.1388) 
(-1.21447, 1.47089) (-3.01141, 2.52834) (-3.05716, 1.81814) (2.40556, 0.601072) (0.0674143, 2.06599) (0.0324296, -2.1388) 
(-1.21447, 1.47089) (-3.01141, 2.52834) (-3.05716, 1.81814) (2.40823, 0.602154) (0.0674119, 2.066) (0.0324296, -2.1388) 
(-1.21447, 1.47089) (-3.01141, 2.52834) (-3.05716, 1.81814) (2.40773, 0.606277) (0.0674547, 2.06599) (0.0324296, -2.1388) 
(-1.21447, 1.47089) (-3.01141, 2.52834) (-3.05716, 1.81814) (2.40783, 0.60505) (0.0673843, 2.06597) (0.0324296, -2.1388) 
(-1.21447, 1.47089) (-3.01141, 2.52834) (-3.05716, 1.81814) (2.40641, 0.602691) (0.0674877, 2.06602) (0.0324296, -2.1388) 
(-1.21447, 1.47089) (-3.01141, 2.52834) (-3.05716, 1.81814) (2.38219, 0.589518) (0.0674041, 2.066) (0.0324296, -2.1388) 
(-1.21447, 1.47089) (-3.01141, 2.52834) (-3.05716, 1.81814) (2.33588, 0.562137) (0.0674417, 2.06601) (0.0324296, -2.1388) 
(-1.21447, 1.47089) (-3.01141, 2.52834) (-3.05716, 1.81814) (2.27746, 0.522244) (0.0674082, 2.066) (0.0324296, -2.1388) 
(-1.21447, 1.47089) (-3.01141, 2.52834) (-3.05716, 1.81814) (2.20636, 0.480003) (0.0674719, 2.06601) (0.0324296, -2.1388) 
(-1.21447, 1.47089) (-3.01141, 2.52834) (-3.05716, 1.81814) (2.0998, 0.423637) (0.0674349, 2.06602) (0.0324296, -2.1388) 
(-1.21447, 1.47089) (-3.01141, 2.52834) (-3.05716, 1.81814) (2.00293, 0.383677) (0.0674192, 2.066) (0.0324296, -2.1388) 
(-1.21447, 1.47089) (-3.01141, 2.52834) (-3.05716, 1.81814) (1.85588, 0.337379) (0.067449, 2.06602) (0.0324296, -2.1388) 
(-1.21447, 1.47089) (-3.01141, 2.52834) (-3.05716, 1.81814) (1.73449, 0.31162) (0.0674211, 2.06603) (0.0324296, -2.1388) 
(-1.21447, 1.47089) (-3.01141, 2.52834) (-3.05716, 1.81814) (1.55467, 0.281785) (0.0674091, 2.066) (0.0324296, -2.1388) 
(-1.21447, 1.47089) (-3.01141, 2.52834) (-3.05716, 1.81814) (1.44204, 0.26384) (0.0674063, 2.066) (0.0324296, -2.1388) 
(-1.21447, 1.47089) (-3.01141, 2.52834) (-3.05716, 1.81814) (1.28501, 0.249588) (0.0674132, 2.06601) (0.0324296, -2.1388) 
(-1.21447, 1.47089) (-3.01141, 2.52834) (-3.05716, 1.81814) (1.17192, 0.243219) (0.0674409, 2.06602) (0.0324296, -2.1388) 
(-1.21447, 1.47089) (-3.01141, 2.52834) (-3.05716, 1.81814) (1.0236, 0.22019) (0.0674516, 2.06602) (0.0324296, -2.1388) 
(-1.21447, 1.47089) (-3.01141, 2.52834) (-3.05716, 1.81814) (0.903269, 0.192216) (0.0674595, 2.06603) (0.0324296, -2.1388) 
(-1.21447, 1.47089) (-3.01141, 2.52834) (-3.05716, 1.81814) (0.789198, 0.174413) (0.0674211, 2.066) (0.0324296, -2.1388) 
(-1.21447, 1.47089) (-3.01141, 2.52834) (-3.05716, 1.81814) (0.681491, 0.164284) (0.0674507, 2.06602) (0.0324296, -2.1388) 
(-1.21447, 1.47089) (-3.01141, 2.52834) (-3.05716, 1.81814) (0.593735, 0.155215) (0.0674084, 2.06599) (0.0324296, -2.1388) 
(-1.21447, 1.47089) (-3.01141, 2.52834) (-3.05716, 1.81814) (0.467418, 0.135292) (0.0674266, 2.066) (0.0324296, -2.1388) 
(-1.21447, 1.47089) (-3.01141, 2.52834) (-3.05716, 1.81814) (0.351606, 0.1211) (0.0674369, 2.06602) (0.0324296, -2.1388) 
(-1.21447, 1.47089) (-3.01141, 2.52834) (-3.05716, 1.81814) (0.253742, 0.113848) (0.0674393, 2.06602) (0.0324296, -2.1388) 
(-1.21447, 1.47089) (-3.01141, 2.52834) (-3.05716, 1.81814) (0.129385, 0.110355) (0.067468, 2.06605) (0.0324296, -2.1388) 
(-1.21447, 1.47089) (-3.01141, 2.52834) (-3.05716, 1.81814) (0.00864534, 0.110675) (0.0674791, 2.06604) (0.0324296, -2.1388) 
(-1.21447, 1.47089) (-3.01141, 2.52834) (-3.05716, 1.81814) (-0.0824447, 0.109159) (0.0674518, 2.06603) (0.0324296, -2.1388) 
(-1.21447, 1.47089) (-3.01141, 2.52834) (-3.05716, 1.81814) (-0.20541, 0.111836) (0.0674736, 2.06605) (0.0324296, -2.1388) 
(-1.21447, 1.47089) (-3.01141, 2.52834) (-3.05716, 1.81814) (-0.338279, 0.118845) (0.0674755, 2.06602) (0.0324296, -2.1388) 
(-1.21447, 1.47089) (-3.01141, 2.52834) (-3.05716, 1.81814) (-0.456316, 0.12759) (0.067445, 2.06602) (0.0324296, -2.1388) 
(-1.21447, 1.47089) (-3.01141, 2.52834) (-3.05716, 1.81814) (-0.560616, 0.138959) (0.0674183, 2.06601) (0.0324296, -2.1388) 
(-1.21447, 1.47089) (-3.01141, 2.52834) (-3.05716, 1.81814) (-0.671734, 0.15763) (0.0674498, 2.06599) (0.0324296, -2.1388) 
(-1.21447, 1.47089) (-3.01141, 2.52834) (-3.05716, 1.81814) (-0.791073, 0.180012) (0.0674255, 2.06601) (0.0324296, -2.1388) 
(-1.21447, 1.47089) (-3.01141, 2.52834) (-3.05716, 1.81814) (-0.903822, 0.198722) (0.06746, 2.06603) (0.0324296, -2.1388) 
(-1.21447, 1.47089) (-3.01141, 2.52834) (-3.05716, 1.81814) (-1.01891, 0.217056) (0.0671922, 2.06602) (0.0324296, -2.1388) 
(-1.21447, 1.47089) (-3.01141, 2.52834) (-3.05716, 1.81814) (-1.13046, 0.237308) (0.0670654, 2.06593) (0.0324296, -2.1388) 
(-1.21447, 1.47089) (-3.01141, 2.52834) (-3.05716, 1.81814) (-1.23822, 0.261654) (0.0670216, 2.06594) (0.0324296, -2.1388) 
(-1.21447, 1.47089) (-3.01141, 2.52834) (-3.05716, 1.81814) (-1.3422, 0.277855) (0.0670022, 2.06593) (0.0324296, -2.1388) 
(-1.21447, 1.47089) (-3.01141, 2.52834) (-3.05716, 1.81814) (-1.42896, 0.283587) (0.0670282, 2.06592) (0.0324296, -2.1388) 
(-1.21447, 1.47089) (-3.01141, 2.52834) (-3.05716, 1.81814) (-1.53365, 0.284962) (0.0670238, 2.06592) (0.0324296, -2.1388) 
(-1.21447, 1.47089) (-3.01141, 2.52834) (-3.05716, 1.81814) (-1.6405, 0.280257) (0.0670271, 2.06594) (0.0324296, -2.1388) 
(-1.21447, 1.47089) (-3.01141, 2.52834) (-3.05716, 1.81814) (-1.73383, 0.271344) (0.0671552, 2.06594) (0.0324296, -2.1388) 
(-1.21447, 1.47089) (-3.01141, 2.52834) (-3.05716, 1.81814) (-1.8244, 0.264916) (0.0674827, 2.06604) (0.0324296, -2.1388) 
(-1.21447, 1.47089) (-3.01141, 2.52834) (-3.05716, 1.81814) (-1.90152, 0.254034) (0.0674238, 2.06602) (0.0324296, -2.1388) 
(-1.21447, 1.47089) (-3.01141, 2.52834) (-3.05716, 1.81814) (-1.96501, 0.227732) (0.0674306, 2.06599) (0.0324296, -2.1388) 
(-1.21447, 1.47089) (-3.01141, 2.52834) (-3.05716, 1.81814) (-2.01144, 0.207055) (0.0674016, 2.06601) (0.0324296, -2.1388) 
(-1.21447, 1.47089) (-3.01141, 2.52834) (-3.05716, 1.81814) (-2.06266, 0.190959) (0.0674401, 2.06601) (0.0324296, -2.1388) 
(-1.21447, 1.47089) (-3.01141, 2.52834) (-3.05716, 1.81814) (-2.10455, 0.178121) (0.0674551, 2.06604) (0.0324296, -2.1388) 
(-1.21447, 1.47089) (-3.01141, 2.52834) (-3.05716, 1.81814) (-2.13435, 0.161434) (0.0674566, 2.06604) (0.0324296, -2.1388) 
(-1.21447, 1.47089) (-3.01141, 2.52834) (-3.05716, 1.81814) (-2.1445, 0.149302) (0.0674261, 2.06601) (0.0324296, -2.1388) 
(-1.21447, 1.47089) (-3.01141, 2.52834) (-3.05716, 1.81814) (-2.14725, 0.139429) (0.067505, 2.06604) (0.0324296, -2.1388) 
(-1.21447, 1.47089) (-3.01141, 2.52834) (-3.05716, 1.81814) (-2.14942, 0.136036) (0.0673951, 2.06606) (0.0324296, -2.1388) 
(-1.21447, 1.47089) (-3.01141, 2.52834) (-3.05716, 1.81814) (-2.15191, 0.131286) (0.0674624, 2.066) (0.0324296, -2.1388) 
(-1.21447, 1.47089) (-3.01141, 2.52834) (-3.05716, 1.81814) (-2.14954, 0.12971) (0.0674684, 2.06607) (0.0324296, -2.1388) 
(-1.21447, 1.47089) (-3.01141, 2.52834) (-3.05716, 1.81814) (-2.14369, 0.127528) (0.0673345, 2.06597) (0.0324296, -2.1388) 
(-1.21447, 1.47089) (-3.01141, 2.52834) (-3.05716, 1.81814) (-2.13955, 0.127426) (0.0674127, 2.066) (0.0324296, -2.1388) 
(-1.21447, 1.47089) (-3.01141, 2.52834) (-3.05716, 1.81814) (-2.13955, 0.121994) (0.0673916, 2.066) (0.0324296, -2.1388) 
(-1.21447, 1.47089) (-3.01141, 2.52834) (-3.05716, 1.81814) (-2.13861, 0.117894) (0.0674684, 2.06601) (0.0324296, -2.1388) 
(-1.21447, 1.47089) (-3.01141, 2.52834) (-3.05716, 1.81814) (-2.13938, 0.117504) (0.0673868, 2.066) (0.0324296, -2.1388) 
(-1.21447, 1.47089) (-3.01141, 2.52834) (-3.05716, 1.81814) (-2.13937, 0.11752) (0.0674425, 2.06599) (0.0324296, -2.1388) 
(-1.21447, 1.47089) (-3.01141, 2.52834) (-3.05716, 1.81814) (-2.13937, 0.11752) (0.0674214, 2.06601) (0.0324296, -2.1388) 
(-1.21447, 1.47089) (-3.01141, 2.52834) (-3.05716, 1.81814) (-2.13937, 0.11752) (0.0674299, 2.06599) (0.0324296, -2.1388) 
(-1.21447, 1.47089) (-3.01141, 2.52834) (-3.05716, 1.81814) (-2.13937, 0.11752) (0.067368, 2.066) (0.0324296, -2.1388) 
(-1.21447, 1.47089) (-3.01141, 2.52834) (-3.05716, 1.81814) (-2.13937, 0.11752) (0.0674232, 2.06601) (0.0324296, -2.1388) 
(-1.21447, 1.47089) (-3.01141, 2.52834) (-3.05716, 1.81814) (-2.13937, 0.11752) (0.0673917, 2.06601) (0.0324296, -2.1388) 
(-1.21447, 1.47089) (-3.01141, 2.52834) (-3.05716, 1.81814) (-2.13937, 0.11752) (0.0674471, 2.06601) (0.0324296, -2.1388) 
(-1.21447, 1.47089) (-3.01141, 2.52834) (-3.05716, 1.81814) (-2.13937, 0.11752) (0.0674204, 2.06601) (0.0324296, -2.1388) 
(-1.21447, 1.47089) (-3.01141, 2.52834) (-3.05716, 1.81814) (-2.14949, 0.119938) (0.0674093, 2.06602) (0.0324296, -2.1388) 
(-1.21447, 1.47089) (-3.01141, 2.52834) (-3.05716, 1.81814) (-2.14955, 0.119856) (0.0674031, 2.066) (0.0324296, -2.1388) 
(-1.21447, 1.47089) (-3.01141, 2.52834) (-3.05716, 1.81814) (-2.14949, 0.120159) (0.0674146, 2.06602) (0.0324296, -2.1388) 
(-1.21447, 1.47089) (-3.01141, 2.52834) (-3.05716, 1.81814) (-2.14962, 0.120111) (0.0673672, 2.066) (0.0324296, -2.1388) 
(-1.21447, 1.47089) (-3.01141, 2.52834) (-3.05716, 1.81814) (-2.14959, 0.120111) (0.0674099, 2.066) (0.0324296, -2.1388) 
(-1.21447, 1.47089) (-3.01141, 2.52834) (-3.05716, 1.81814) (-2.1497, 0.119692) (0.0674219, 2.06601) (0.0324296, -2.1388) 
(-1.21447, 1.47089) (-3.01141, 2.52834) (-3.05716, 1.81814) (-2.14971, 0.119985) (0.0674407, 2.06603) (0.0324296, -2.1388) 
(-1.21447, 1.47089) (-3.01141, 2.52834) (-3.05716, 1.81814) (-2.14981, 0.119994) (0.0673939, 2.06602) (0.0324296, -2.1388) 
(-1.21447, 1.47089) (-3.01141, 2.52834) (-3.05716, 1.81814) (-2.14982, 0.119979) (0.0674435, 2.06604) (0.0324296, -2.1388) 
(-1.21447, 1.47089) (-3.01141, 2.52834) (-3.05716, 1.81814) (-2.1498, 0.119996) (0.0673856, 2.066) (0.0324296, -2.1388) 
(-1.21447, 1.47089) (-3.01141, 2.52834) (-3.05716, 1.81814) (-2.14982, 0.119988) (0.0673918, 2.066) (0.0324296, -2.1388) 
(-1.21447, 1.47089) (-3.01141, 2.52834) (-3.05716, 1.81814) (-2.14983, 0.11998) (0.0674293, 2.06604) (0.0324296, -2.1388) 
(-1.21447, 1.47089) (-3.01141, 2.52834) (-3.05716, 1.81814) (-2.14982, 0.120011) (0.0673917, 2.06601) (0.0324296, -2.1388) 
(-1.21447, 1.47089) (-3.01141, 2.52834) (-3.05716, 1.81814) (-2.14972, 0.119999) (0.0673938, 2.06601) (0.0324296, -2.1388) 
(-1.21447, 1.47089) (-3.01141, 2.52834) (-3.05716, 1.81814) (-2.14967, 0.120035) (0.067457, 2.06603) (0.0324296, -2.1388) 
(-1.21447, 1.47089) (-3.01141, 2.52834) (-3.05716, 1.81814) (-2.14971, 0.119977) (0.0674655, 2.06604) (0.0324296, -2.1388) 
(-1.21447, 1.47089) (-3.01141, 2.52834) (-3.05716, 1.81814) (-2.14968, 0.120039) (0.0674353, 2.06605) (0.0324296, -2.1388) 
(-1.21447, 1.47089) (-3.01141, 2.52834) (-3.05716, 1.81814) (-2.14968, 0.119787) (0.0674308, 2.06602) (0.0324296, -2.1388) 
(-1.21447, 1.47089) (-3.01141, 2.52834) (-3.05716, 1.81814) (-2.14967, 0.119819) (0.0674291, 2.06602) (0.0324296, -2.1388) 
(-1.21447, 1.47089) (-3.01141, 2.52834) (-3.05716, 1.81814) (-2.14969, 0.119783) (0.0674521, 2.06604) (0.0324296, -2.1388) 
(-1.21447, 1.47089) (-3.01141, 2.52834) (-3.05716, 1.81814) (-2.1497, 0.1198) (0.067426, 2.066) (0.0324296, -2.1388) 
(-1.21447, 1.47089) (-3.01141, 2.52834) (-3.05716, 1.81814) (-2.14969, 0.119801) (0.0673788, 2.06601) (0.0324296, -2.1388) 
(-1.21447, 1.47089) (-3.01141, 2.52834) (-3.05716, 1.81814) (-2.14968, 0.119782) (0.0674573, 2.06607) (0.0324296, -2.1388) 
(-1.21447, 1.47089) (-3.01141, 2.52834) (-3.05716, 1.81814) (-2.14969, 0.119805) (0.0674593, 2.06606) (0.0324296, -2.1388) 
(-1.21447, 1.47089) (-3.01141, 2.52834) (-3.05716, 1.81814) (-2.1497, 0.119782) (0.0674269, 2.06603) (0.0324296, -2.1388) 
(-1.21447, 1.47089) (-3.01141, 2.52834) (-3.05716, 1.81814) (-2.14977, 0.119796) (0.0674421, 2.06604) (0.0324296, -2.1388) 
(-1.21447, 1.47089) (-3.01141, 2.52834) (-3.05716, 1.81814) (-2.14988, 0.119754) (0.0674392, 2.06603) (0.0324296, -2.1388) 
(-1.21447, 1.47089) (-3.01141, 2.52834) (-3.05716, 1.81814) (-2.14985, 0.11997) (0.0674696, 2.06604) (0.0324296, -2.1388) 
(-1.21447, 1.47089) (-3.01141, 2.52834) (-3.05716, 1.81814) (-2.14986, 0.119987) (0.0674153, 2.06603) (0.0324296, -2.1388) 
(-1.21447, 1.47089) (-3.01141, 2.52834) (-3.05716, 1.81814) (-2.14988, 0.11998) (0.0674105, 2.06601) (0.0324296, -2.1388) 
(-1.21447, 1.47089) (-3.01141, 2.52834) (-3.05716, 1.81814) (-2.14987, 0.119977) (0.0674378, 2.06603) (0.0324296, -2.1388) 
(-1.21447, 1.47089) (-3.01141, 2.52834) (-3.05716, 1.81814) (-2.14987, 0.119999) (0.0673935, 2.066) (0.0324296, -2.1388) 
(-1.21447, 1.47089) (-3.01141, 2.52834) (-3.05716, 1.81814) (-2.14987, 0.120017) (0.0674281, 2.06604) (0.0324296, -2.1388) 
(-1.21447, 1.47089) (-3.01141, 2.52834) (-3.05716, 1.81814) (-2.14988, 0.119972) (0.0674029, 2.06602) (0.0324296, -2.1388) 
(-1.21447, 1.47089) (-3.01141, 2.52834) (-3.05716, 1.81814) (-2.14985, 0.119979) (0.0674389, 2.06605) (0.0324296, -2.1388) 
(-1.21447, 1.47089) (-3.01141, 2.52834) (-3.05716, 1.81814) (-2.14984, 0.119998) (0.0674724, 2.06606) (0.0324296, -2.1388) 
(-1.21447, 1.47089) (-3.01141, 2.52834) (-3.05716, 1.81814) (-2.14986, 0.119997) (0.0674187, 2.06604) (0.0324296, -2.1388) 
(-1.21447, 1.47089) (-3.01141, 2.52834) (-3.05716, 1.81814) (-2.14985, 0.120006) (0.067433, 2.06603) (0.0324296, -2.1388) 
(-1.21447, 1.47089) (-3.01141, 2.52834) (-3.05716, 1.81814) (-2.14984, 0.120003) (0.0674069, 2.06605) (0.0324296, -2.1388) 
(-1.21447, 1.47089) (-3.01141, 2.52834) (-3.05716, 1.81814) (-2.14984, 0.120008) (0.0674316, 2.06601) (0.0324296, -2.1388) 
(-1.21447, 1.47089) (-3.01141, 2.52834) (-3.05716, 1.81814) (-2.14984, 0.120019) (0.0674574, 2.06602) (0.0324296, -2.1388) 
(-1.21447, 1.47089) (-3.01141, 2.52834) (-3.05716, 1.81814) (-2.14984, 0.120022) (0.0674005, 2.06603) (0.0324296, -2.1388) 
(-1.21447, 1.47089) (-3.01141, 2.52834) (-3.05716, 1.81814) (-2.14986, 0.119972) (0.0674214, 2.066) (0.0324296, -2.1388) 
(-1.21447, 1.47089) (-3.01141, 2.52834) (-3.05716, 1.81814) (-2.14984, 0.120018) (0.0674335, 2.06603) (0.0324296, -2.1388) 
(-1.21447, 1.47089) (-3.01141, 2.52834) (-3.05716, 1.81814) (-2.14986, 0.119989) (0.0674325, 2.06602) (0.0324296, -2.1388) 
(-1.21447, 1.47089) (-3.01141, 2.52834) (-3.05716, 1.81814) (-2.14986, 0.12) (0.0674414, 2.06603) (0.0324296, -2.1388) 
(-1.21447, 1.47089) (-3.01141, 2.52834) (-3.05716, 1.81814) (-2.14988, 0.119962) (0.0674543, 2.06604) (0.0324296, -2.1388) 
(-1.21447, 1.47089) (-3.01141, 2.52834) (-3.05716, 1.81814) (-2.14986, 0.12001) (0.0674446, 2.06606) (0.0324296, -2.1388) 
(-1.21447, 1.47089) (-3.01141, 2.52834) (-3.05716, 1.81814) (-2.14986, 0.119987) (0.067436, 2.06604) (0.0324296, -2.1388) 
(-1.21447, 1.47089) (-3.01141, 2.52834) (-3.05716, 1.81814) (-2.14984, 0.12001) (0.0674816, 2.06605) (0.0324296, -2.1388) 
(-1.21447, 1.47089) (-3.01141, 2.52834) (-3.05716, 1.81814) (-2.14984, 0.120004) (0.0674155, 2.06605) (0.0324296, -2.1388) 
(-1.21447, 1.47089) (-3.01141, 2.52834) (-3.05716, 1.81814) (-2.14985, 0.12) (0.067427, 2.06604) (0.0324296, -2.1388) 
(-1.21447, 1.47089) (-3.01141, 2.52834) (-3.05716, 1.81814) (-2.14985, 0.12001) (0.0674373, 2.06601) (0.0324296, -2.1388) 
(-1.21447, 1.47089) (-3.01141, 2.52834) (-3.05716, 1.81814) (-2.14986, 0.120008) (0.0674503, 2.06608) (0.0324296, -2.1388) 
(-1.21447, 1.47089) (-3.01141, 2.52834) (-3.05716, 1.81814) (-2.14988, 0.120002) (0.0674207, 2.06605) (0.0324296, -2.1388) 
(-1.21447, 1.47089) (-3.01141, 2.52834) (-3.05716, 1.81814) (-2.14986, 0.120003) (0.0674139, 2.06604) (0.0324296, -2.1388) 
(-1.21447, 1.47089) (-3.01141, 2.52834) (-3.05716, 1.81814) (-2.14987, 0.120006) (0.0674432, 2.06604) (0.0324296, -2.1388) 
(-1.21447, 1.47089) (-3.01141, 2.52834) (-3.05716, 1.81814) (-2.14985, 0.119984) (0.0673741, 2.06602) (0.0324296, -2.1388) 
(-1.21447, 1.47089) (-3.01141, 2.52834) (-3.05716, 1.81814) (-2.14987, 0.11999) (0.067405, 2.06601) (0.0324296, -2.1388) 
(-1.21447, 1.47089) (-3.01141, 2.52834) (-3.05716, 1.81814) (-2.14985, 0.120009) (0.0674405, 2.06605) (0.0324296, -2.1388) 
(-1.21447, 1.47089) (-3.01141, 2.52834) (-3.05716, 1.81814) (-2.14986, 0.120011) (0.0674169, 2.06602) (0.0324296, -2.1388) 
(-1.21447, 1.47089) (-3.01141, 2.52834) (-3.05716, 1.81814) (-2.14985, 0.12001) (0.0673771, 2.06601) (0.0324296, -2.1388) 
(-1.21447, 1.47089) (-3.01141, 2.52834) (-3.05716, 1.81814) (-2.14987, 0.120002) (0.0674133, 2.06603) (0.0324296, -2.1388) 
(-1.21447, 1.47089) (-3.01141, 2.52834) (-3.05716, 1.81814) (-2.14986, 0.120006) (0.0673983, 2.06602) (0.0324296, -2.1388) 
(-1.21447, 1.47089) (-3.01141, 2.52834) (-3.05716, 1.81814) (-2.14987, 0.119993) (0.0673904, 2.06602) (0.0324296, -2.1388) 
(-1.21447, 1.47089) (-3.01141, 2.52834) (-3.05716, 1.81814) (-2.14986, 0.119995) (0.0674038, 2.06601) (0.0324296, -2.1388) 
(-1.21447, 1.47089) (-3.01141, 2.52834) (-3.05716, 1.81814) (-2.14987, 0.119999) (0.0674907, 2.06607) (0.0324296, -2.1388) 
(-1.21447, 1.47089) (-3.01141, 2.52834) (-3.05716, 1.81814) (-2.14988, 0.120004) (0.0674568, 2.06603) (0.0324296, -2.1388) 
(-1.21447, 1.47089) (-3.01141, 2.52834) (-3.05716, 1.81814) (-2.14986, 0.120019) (0.067317, 2.06599) (0.0324296, -2.1388) 
(-1.21447, 1.47089) (-3.01141, 2.52834) (-3.05716, 1.81814) (-2.14986, 0.120002) (0.0674372, 2.06606) (0.0324296, -2.1388) 
(-1.21447, 1.47089) (-3.01141, 2.52834) (-3.05716, 1.81814) (-2.14987, 0.119998) (0.0674012, 2.06602) (0.0324296, -2.1388) 
(-1.21447, 1.47089) (-3.01141, 2.52834) (-3.05716, 1.81814) (-2.14991, 0.119956) (0.0674574, 2.06605) (0.0324296, -2.1388) 
(-1.21447, 1.47089) (-3.01141, 2.52834) (-3.05716, 1.81814) (-2.14987, 0.120012) (0.0674176, 2.06605) (0.0324296, -2.1388) 
(-1.21447, 1.47089) (-3.01141, 2.52834) (-3.05716, 1.81814) (-2.14985, 0.120005) (0.0674651, 2.06602) (0.0324296, -2.1388) 
(-1.21447, 1.47089) (-3.01141, 2.52834) (-3.05716, 1.81814) (-2.14989, 0.119979) (0.0674181, 2.06604) (0.0324296, -2.1388) 
(-1.21447, 1.47089) (-3.01141, 2.52834) (-3.05716, 1.81814) (-2.14986, 0.12) (0.0673953, 2.06602) (0.0324296, -2.1388) 
(-1.21447, 1.47089) (-3.01141, 2.52834) (-3.05716, 1.81814) (-2.14986, 0.120012) (0.067433, 2.06602) (0.0324296, -2.1388) 
(-1.21447, 1.47089) (-3.01141, 2.52834) (-3.05716, 1.81814) (-2.14987, 0.119995) (0.067453, 2.06605) (0.0324296, -2.1388) 
(-1.21447, 1.47089) (-3.01141, 2.52834) (-3.05716, 1.81814) (-2.14987, 0.12001) (0.0674273, 2.06603) (0.0324296, -2.1388) 
(-1.21447, 1.47089) (-3.01141, 2.52834) (-3.05716, 1.81814) (-2.14987, 0.119997) (0.0674531, 2.06602) (0.0324296, -2.1388) 
(-1.21447, 1.47089) (-3.01141, 2.52834) (-3.05716, 1.81814) (-2.14987, 0.120015) (0.0674316, 2.06602) (0.0324296, -2.1388) 
(-1.21447, 1.47089) (-3.01141, 2.52834) (-3.05716, 1.81814) (-2.14986, 0.120008) (0.0674644, 2.06604) (0.0324296, -2.1388) 
(-1.21447, 1.47089) (-3.01141, 2.52834) (-3.05716, 1.81814) (-2.14986, 0.120029) (0.0673988, 2.06601) (0.0324296, -2.1388) 
(-1.21447, 1.47089) (-3.01141, 2.52834) (-3.05716, 1.81814) (-2.14988, 0.120012) (0.0674119, 2.06604) (0.0324296, -2.1388) 
(-1.21447, 1.47089) (-3.01141, 2.52834) (-3.05716, 1.81814) (-2.1499, 0.119943) (0.0673835, 2.06602) (0.0324296, -2.1388) 
(-1.21447, 1.47089) (-3.01141, 2.52834) (-3.05716, 1.81814) (-2.14991, 0.119926) (0.0673874, 2.06603) (0.0324296, -2.1388) 
(-1.21447, 1.47089) (-3.01141, 2.52834) (-3.05716, 1.81814) (-2.14988, 0.120021) (0.0674528, 2.06605) (0.0324296, -2.1388) 
(-1.21447, 1.47089) (-3.01141, 2.52834) (-3.05716, 1.81814) (-2.14987, 0.120013) (0.0674247, 2.06603) (0.0324296, -2.1388) 
(-1.21447, 1.47089) (-3.01141, 2.52834) (-3.05716, 1.81814) (-2.14987, 0.120015) (0.0674173, 2.06605) (0.0324296, -2.1388) 
(-1.21447, 1.47089) (-3.01141, 2.52834) (-3.05716, 1.81814) (-2.14988, 0.119997) (0.0673991, 2.06604) (0.0324296, -2.1388) 
(-1.21447, 1.47089) (-3.01141, 2.52834) (-3.05716, 1.81814) (-2.14988, 0.119991) (0.0674372, 2.06602) (0.0324296, -2.1388) 
(-1.21447, 1.47089) (-3.01141, 2.52834) (-3.05716, 1.81814) (-2.14988, 0.120007) (0.0674292, 2.06603) (0.0324296, -2.1388) 
(-1.21447, 1.47089) (-3.01141, 2.52834) (-3.05716, 1.81814) (-2.14988, 0.120007) (0.0674225, 2.066) (0.0324296, -2.1388) 
(-1.21447, 1.47089) (-3.01141, 2.52834) (-3.05716, 1.81814) (-2.14987, 0.120008) (0.0674358, 2.06604) (0.0324296, -2.1388) 
(-1.21447, 1.47089) (-3.01141, 2.52834) (-3.05716, 1.81814) (-2.14989, 0.120006) (0.0673914, 2.06601) (0.0324296, -2.1388) 
(-1.21447, 1.47089) (-3.01141, 2.52834) (-3.05716, 1.81814) (-2.14988, 0.120004) (0.067398, 2.06603) (0.0324296, -2.1388) 
(-1.21447, 1.47089) (-3.01141, 2.52834) (-3.05716, 1.81814) (-2.14987, 0.120002) (0.0674508, 2.06606) (0.0324296, -2.1388) 
(-1.21447, 1.47089) (-3.01141, 2.52834) (-3.05716, 1.81814) (-2.14987, 0.120025) (0.0674727, 2.06605) (0.0324296, -2.1388) 
(-1.21447, 1.47089) (-3.01141, 2.52834) (-3.05716, 1.81814) (-2.14988, 0.120014) (0.0674211, 2.06603) (0.0324296, -2.1388) 
(-1.21447, 1.47089) (-3.01141, 2.52834) (-3.05716, 1.81814) (-2.14988, 0.119981) (0.0674207, 2.06603) (0.0324296, -2.1388) 
(-1.21447, 1.47089) (-3.01141, 2.52834) (-3.05716, 1.81814) (-2.14988, 0.120002) (0.0673706, 2.06601) (0.0324296, -2.1388) 
(-1.21447, 1.47089) (-3.01141, 2.52834) (-3.05716, 1.81814) (-2.14988, 0.119994) (0.0674469, 2.06608) (0.0324296, -2.1388) 
(-1.21447, 1.47089) (-3.01141, 2.52834) (-3.05716, 1.81814) (-2.14994, 0.119911) (0.0674867, 2.06606) (0.0324296, -2.1388) 
(-1.21447, 1.47089) (-3.01141, 2.52834) (-3.05716, 1.81814) (-2.14988, 0.12001) (0.0674327, 2.06602) (0.0324296, -2.1388) 
(-1.21447, 1.47089) (-3.01141, 2.52834) (-3.05716, 1.81814) (-2.1499, 0.120003) (0.067441, 2.06603) (0.0324296, -2.1388) 
(-1.21447, 1.47089) (-3.01141, 2.52834) (-3.05716, 1.81814) (-2.14989, 0.120002) (0.0674494, 2.06606) (0.0324296, -2.1388) 
(-1.21447, 1.47089) (-3.01141, 2.52834) (-3.05716, 1.81814) (-2.14987, 0.120025) (0.0674484, 2.06603) (0.0324296, -2.1388) 
(-1.21447, 1.47089) (-3.01141, 2.52834) (-3.05716, 1.81814) (-2.14988, 0.120001) (0.0674208, 2.06602) (0.0324296, -2.1388) 
(-1.21447, 1.47089) (-3.01141, 2.52834) (-3.05716, 1.81814) (-2.14989, 0.119998) (0.0674141, 2.06602) (0.0324296, -2.1388) 
(-1.21447, 1.47089) (-3.01141, 2.52834) (-3.05716, 1.81814) (-2.14988, 0.119983) (0.0674115, 2.06602) (0.0324296, -2.1388) 
(-1.21447, 1.47089) (-3.01141, 2.52834) (-3.05716, 1.81814) (-2.14992, 0.119938) (0.0674735, 2.06606) (0.0324296, -2.1388) 
(-1.21447, 1.47089) (-3.01141, 2.52834) (-3.05716, 1.81814) (-2.14992, 0.119942) (0.0674145, 2.06604) (0.0324296, -2.1388) 
(-1.21447, 1.47089) (-3.01141, 2.52834) (-3.05716, 1.81814) (-2.1499, 0.120006) (0.0674178, 2.06603) (0.0324296, -2.1388) 
(-1.21447, 1.47089) (-3.01141, 2.52834) (-3.05716, 1.81814) (-2.14992, 0.11994) (0.0674348, 2.06603) (0.0324296, -2.1388) 
(-1.21447, 1.47089) (-3.01141, 2.52834) (-3.05716, 1.81814) (-2.14987, 0.12) (0.0674102, 2.06606) (0.0324296, -2.1388) 
(-1.21447, 1.47089) (-3.01141, 2.52834) (-3.05716, 1.81814) (-2.14988, 0.120014) (0.0673877, 2.06602) (0.0324296, -2.1388) 
(-1.21447, 1.47089) (-3.01141, 2.52834) (-3.05716, 1.81814) (-2.14993, 0.119935) (0.067424, 2.06604) (0.0324296, -2.1388) 
(-1.21447, 1.47089) (-3.01141, 2.52834) (-3.05716, 1.81814) (-2.14991, 0.119987) (0.067411, 2.06603) (0.0324296, -2.1388) 
(-1.21447, 1.47089) (-3.01141, 2.52834) (-3.05716, 1.81814) (-2.14988, 0.119983) (0.067404, 2.06605) (0.0324296, -2.1388) 
(-1.21447, 1.47089) (-3.01141, 2.52834) (-3.05716, 1.81814) (-2.14987, 0.120016) (0.0674334, 2.06606) (0.0324296, -2.1388) 
(-1.21447, 1.47089) (-3.01141, 2.52834) (-3.05716, 1.81814) (-2.14992, 0.119929) (0.0674245, 2.06604) (0.0324296, -2.1388) 
(-1.21447, 1.47089) (-3.01141, 2.52834) (-3.05716, 1.81814) (-2.1499, 0.11999) (0.0673852, 2.06604) (0.0324296, -2.1388) 
(-1.21447, 1.47089) (-3.01141, 2.52834) (-3.05716, 1.81814) (-2.14988, 0.120009) (0.0674152, 2.06603) (0.0324296, -2.1388) 
(-1.21447, 1.47089) (-3.01141, 2.52834) (-3.05716, 1.81814) (-2.14988, 0.11998) (0.0674374, 2.06606) (0.0324296, -2.1388) 
(-1.21447, 1.47089) (-3.01141, 2.52834) (-3.05716, 1.81814) (-2.14988, 0.119987) (0.0674471, 2.06609) (0.0324296, -2.1388) 
(-1.21447, 1.47089) (-3.01141, 2.52834) (-3.05716, 1.81814) (-2.14988, 0.120015) (0.0673976, 2.06604) (0.0324296, -2.1388) 
(-1.21447, 1.47089) (-3.01141, 2.52834) (-3.05716, 1.81814) (-2.14989, 0.119999) (0.067394, 2.06606) (0.0324296, -2.1388) 
(-1.21447, 1.47089) (-3.01141, 2.52834) (-3.05716, 1.81814) (-2.14994, 0.119929) (0.0673969, 2.06606) (0.0324296, -2.1388) 
(-1.21447, 1.47089) (-3.01141, 2.52834) (-3.05716, 1.81814) (-2.14989, 0.119992) (0.067445, 2.06603) (0.0324296, -2.1388) 
(-1.21447, 1.47089) (-3.01141, 2.52834) (-3.05716, 1.81814) (-2.14989, 0.120022) (0.0673806, 2.06603) (0.0324296, -2.1388) 
(-1.21447, 1.47089) (-3.01141, 2.52834) (-3.05716, 1.81814) (-2.14988, 0.119993) (0.0674296, 2.06603) (0.0324296, -2.1388) 
(-1.21447, 1.47089) (-3.01141, 2.52834) (-3.05716, 1.81814) (-2.14988, 0.119987) (0.0674355, 2.06601) (0.0324296, -2.1388) 
(-1.21447, 1.47089) (-3.01141, 2.52834) (-3.05716, 1.81814) (-2.14989, 0.11999) (0.0673913, 2.06605) (0.0324296, -2.1388) 
(-1.21447, 1.47089) (-3.01141, 2.52834) (-3.05716, 1.81814) (-2.14988, 0.119984) (0.0674464, 2.06606) (0.0324296, -2.1388) 
(-1.21447, 1.47089) (-3.01141, 2.52834) (-3.05716, 1.81814) (-2.14988, 0.120001) (0.0674485, 2.06606) (0.0324296, -2.1388) 
(-1.21447, 1.47089) (-3.01141, 2.52834) (-3.05716, 1.81814) (-2.14987, 0.119995) (0.0674311, 2.06601) (0.0324296, -2.1388) 
(-1.21447, 1.47089) (-3.01141, 2.52834) (-3.05716, 1.81814) (-2.1499, 0.119999) (0.0674283, 2.06607) (0.0324296, -2.1388) 
(-1.21447, 1.47089) (-3.01141, 2.52834) (-3.05716, 1.81814) (-2.14989, 0.119989) (0.0673635, 2.06603) (0.0324296, -2.1388) 
(-1.21447, 1.47089) (-3.01141, 2.52834) (-3.05716, 1.81814) (-2.14988, 0.119988) (0.0674279, 2.06601) (0.0324296, -2.1388) 
(-1.21447, 1.47089) (-3.01141, 2.52834) (-3.05716, 1.81814) (-2.14987, 0.120016) (0.0673866, 2.06603) (0.0324296, -2.1388) 
(-1.21447, 1.47089) (-3.01141, 2.52834) (-3.05716, 1.81814) (-2.1499, 0.119968) (0.0674643, 2.06606) (0.0324296, -2.1388) 
(-1.21447, 1.47089) (-3.01141, 2.52834) (-3.05716, 1.81814) (-2.14989, 0.119987) (0.0674179, 2.06603) (0.0324296, -2.1388) 
(-1.21447, 1.47089) (-3.01141, 2.52834) (-3.05716, 1.81814) (-2.14988, 0.120018) (0.0674075, 2.06603) (0.0324296, -2.1388) 
(-1.21447, 1.47089) (-3.01141, 2.52834) (-3.05716, 1.81814) (-2.14987, 0.120016) (0.0675037, 2.0661) (0.0324296, -2.1388) 
(-1.21447, 1.47089) (-3.01141, 2.52834) (-3.05716, 1.81814) (-2.14988, 0.119988) (0.067411, 2.06607) (0.0324296, -2.1388) 
(-1.21447, 1.47089) (-3.01141, 2.52834) (-3.05716, 1.81814) (-2.14989, 0.119996) (0.0673967, 2.06606) (0.0324296, -2.1388) 
(-1.21447, 1.47089) (-3.01141, 2.52834) (-3.05716, 1.81814) (-2.14991, 0.119993) (0.0674453, 2.06603) (0.0324296, -2.1388) 
(-1.21447, 1.47089) (-3.01141, 2.52834) (-3.05716, 1.81814) (-2.14992, 0.11998) (0.0674266, 2.06606) (0.0324296, -2.1388) 
(-1.21447, 1.47089) (-3.01141, 2.52834) (-3.05716, 1.81814) (-2.14989, 0.120009) (0.0674255, 2.06603) (0.0324296, -2.1388) 
(-1.21447, 1.47089) (-3.01141, 2.52834) (-3.05716, 1.81814) (-2.14988, 0.120004) (0.067427, 2.06605) (0.0324296, -2.1388) 
(-1.21447, 1.47089) (-3.01141, 2.52834) (-3.05716, 1.81814) (-2.14991, 0.119993) (0.0674593, 2.06606) (0.0324296, -2.1388) 
(-1.21447, 1.47089) (-3.01141, 2.52834) (-3.05716, 1.81814) (-2.1499, 0.120002) (0.0674256, 2.06605) (0.0324296, -2.1388) 
(-1.21447, 1.47089) (-3.01141, 2.52834) (-3.05716, 1.81814) (-2.14988, 0.120003) (0.0673998, 2.06603) (0.0324296, -2.1388) 
(-1.21447, 1.47089) (-3.01141, 2.52834) (-3.05716, 1.81814) (-2.14989, 0.120003) (0.0673544, 2.06602) (0.0324296, -2.1388) 
(-1.21447, 1.47089) (-3.01141, 2.52834) (-3.05716, 1.81814) (-2.14991, 0.119979) (0.0674507, 2.06605) (0.0324296, -2.1388) 
(-1.21447, 1.47089) (-3.01141, 2.52834) (-3.05716, 1.81814) (-2.14988, 0.119995) (0.0674324, 2.06603) (0.0324296, -2.1388) 
(-1.21447, 1.47089) (-3.01141, 2.52834) (-3.05716, 1.81814) (-2.14988, 0.120016) (0.0674037, 2.06604) (0.0324296, -2.1388) 
(-1.21447, 1.47089) (-3.01141, 2.52834) (-3.05716, 1.81814) (-2.14987, 0.119991) (0.0674136, 2.06603) (0.0324296, -2.1388) 
(-1.21447, 1.47089) (-3.01141, 2.52834) (-3.05716, 1.81814) (-2.1499, 0.12) (0.0674397, 2.06606) (0.0324296, -2.1388) 
(-1.21447, 1.47089) (-3.01141, 2.52834) (-3.05716, 1.81814) (-2.14989, 0.119998) (0.0674458, 2.06604) (0.0324296, -2.1388) 
(-1.21447, 1.47089) (-3.01141, 2.52834) (-3.05716, 1.81814) (-2.14989, 0.120015) (0.0674437, 2.06607) (0.0324296, -2.1388) 
(-1.21447, 1.47089) (-3.01141, 2.52834) (-3.05716, 1.81814) (-2.14994, 0.119929) (0.0674046, 2.06605) (0.0324296, -2.1388) 
(-1.21447, 1.47089) (-3.01141, 2.52834) (-3.05716, 1.81814) (-2.14989, 0.120018) (0.0674169, 2.06606) (0.0324296, -2.1388) 
(-1.21447, 1.47089) (-3.01141, 2.52834) (-3.05716, 1.81814) (-2.14987, 0.12) (0.0674003, 2.06605) (0.0324296, -2.1388) 
(-1.21447, 1.47089) (-3.01141, 2.52834) (-3.05716, 1.81814) (-2.1499, 0.119982) (0.0673907, 2.06605) (0.0324296, -2.1388) 
(-1.21447, 1.47089) (-3.01141, 2.52834) (-3.05716, 1.81814) (-2.14989, 0.119997) (0.0673977, 2.06603) (0.0324296, -2.1388) 
(-1.21447, 1.47089) (-3.01141, 2.52834) (-3.05716, 1.81814) (-2.14991, 0.120002) (0.0674438, 2.06609) (0.0324296, -2.1388) 
(-1.21447, 1.47089) (-3.01141, 2.52834) (-3.05716, 1.81814) (-2.1499, 0.120004) (0.0674718, 2.06608) (0.0324296, -2.1388) 
(-1.21447, 1.47089) (-3.01141, 2.52834) (-3.05716, 1.81814) (-2.14989, 0.120002) (0.0673801, 2.06602) (0.0324296, -2.1388) 
(-1.21447, 1.47089) (-3.01141, 2.52834) (-3.05716, 1.81814) (-2.14991, 0.119996) (0.0674108, 2.06607) (0.0324296, -2.1388) 
(-1.21447, 1.47089) (-3.01141, 2.52834) (-3.05716, 1.81814) (-2.14989, 0.120001) (0.0674308, 2.06606) (0.0324296, -2.1388) 
(-1.21447, 1.47089) (-3.01141, 2.52834) (-3.05716, 1.81814) (-2.14988, 0.120004) (0.0673994, 2.06601) (0.0324296, -2.1388) 
(-1.21447, 1.47089) (-3.01141, 2.52834) (-3.05716, 1.81814) (-2.14987, 0.120017) (0.0674317, 2.06607) (0.0324296, -2.1388) 
(-1.21447, 1.47089) (-3.01141, 2.52834) (-3.05716, 1.81814) (-2.14995, 0.119935) (0.067366, 2.06603) (0.0324296, -2.1388) 
(-1.21447, 1.47089) (-3.01141, 2.52834) (-3.05716, 1.81814) (-2.1499, 0.119997) (0.0674037, 2.06603) (0.0324296, -2.1388) 
(-1.21447, 1.47089) (-3.01141, 2.52834) (-3.05716, 1.81814) (-2.14991, 0.119991) (0.0674038, 2.06609) (0.0324296, -2.1388) 
(-1.21447, 1.47089) (-3.01141, 2.52834) (-3.05716, 1.81814) (-2.14994, 0.119933) (0.0674636, 2.06604) (0.0324296, -2.1388) 
(-1.21447, 1.47089) (-3.01141, 2.52834) (-3.05716, 1.81814) (-2.14991, 0.119992) (0.0673759, 2.06601) (0.0324296, -2.1388) 
(-1.21447, 1.47089) (-3.01141, 2.52834) (-3.05716, 1.81814) (-2.14988, 0.120019) (0.0673786, 2.06603) (0.0324296, -2.1388) 
(-1.21447, 1.47089) (-3.01141, 2.52834) (-3.05716, 1.81814) (-2.14988, 0.120005) (0.0673943, 2.06603) (0.0324296, -2.1388) 
(-1.21447, 1.47089) (-3.01141, 2.52834) (-3.05716, 1.81814) (-2.14989, 0.120008) (0.0674287, 2.06605) (0.0324296, -2.1388) 
(-1.21447, 1.47089) (-3.01141, 2.52834) (-3.05716, 1.81814) (-2.14989, 0.120012) (0.0674413, 2.06605) (0.0324296, -2.1388) 
(-1.21447, 1.47089) (-3.01141, 2.52834) (-3.05716, 1.81814) (-2.14988, 0.120002) (0.0674224, 2.06604) (0.0324296, -2.1388) 
(-1.21447, 1.47089) (-3.01141, 2.52834) (-3.05716, 1.81814) (-2.14988, 0.120008) (0.0673719, 2.06603) (0.0324296, -2.1388) 
(-1.21447, 1.47089) (-3.01141, 2.52834) (-3.05716, 1.81814) (-2.1499, 0.119979) (0.0673794, 2.06603) (0.0324296, -2.1388) 
(-1.21447, 1.47089) (-3.01141, 2.52834) (-3.05716, 1.81814) (-2.14989, 0.119997) (0.0673609, 2.06601) (0.0324296, -2.1388) 
(-1.21447, 1.47089) (-3.01141, 2.52834) (-3.05716, 1.81814) (-2.1499, 0.120004) (0.0674139, 2.06605) (0.0324296, -2.1388) 
(-1.21447, 1.47089) (-3.01141, 2.52834) (-3.05716, 1.81814) (-2.1499, 0.119986) (0.0673892, 2.06604) (0.0324296, -2.1388) 
(-1.21447, 1.47089) (-3.01141, 2.52834) (-3.05716, 1.81814) (-2.1499, 0.119987) (0.0673921, 2.06601) (0.0324296, -2.1388) 
(-1.21447, 1.47089) (-3.01141, 2.52834) (-3.05716, 1.81814) (-2.14993, 0.119978) (0.0674332, 2.06605) (0.0324296, -2.1388) 
(-1.21447, 1.47089) (-3.01141, 2.52834) (-3.05716, 1.81814) (-2.1499, 0.120001) (0.067385, 2.06604) (0.0324296, -2.1388) 
(-1.21447, 1.47089) (-3.01141, 2.52834) (-3.05716, 1.81814) (-2.1499, 0.119985) (0.0673839, 2.06604) (0.0324296, -2.1388) 
(-1.21447, 1.47089) (-3.01141, 2.52834) (-3.05716, 1.81814) (-2.1499, 0.119998) (0.0674148, 2.06607) (0.0324296, -2.1388) 
(-1.21447, 1.47089) (-3.01141, 2.52834) (-3.05716, 1.81814) (-2.14994, 0.119926) (0.0673999, 2.06603) (0.0324296, -2.1388) 
(-1.21447, 1.47089) (-3.01141, 2.52834) (-3.05716, 1.81814) (-2.14994, 0.119935) (0.0673904, 2.06601) (0.0324296, -2.1388) 
(-1.21447, 1.47089) (-3.01141, 2.52834) (-3.05716, 1.81814) (-2.14994, 0.119931) (0.0673975, 2.06603) (0.0324296, -2.1388) 
(-1.21447, 1.47089) (-3.01141, 2.52834) (-3.05716, 1.81814) (-2.14994, 0.119939) (0.067423, 2.06606) (0.0324296, -2.1388) 
(-1.21447, 1.47089) (-3.01141, 2.52834) (-3.05716, 1.81814) (-2.14992, 0.11998) (0.0674134, 2.06605) (0.0324296, -2.1388) 
(-1.21447, 1.47089) (-3.01141, 2.52834) (-3.05716, 1.81814) (-2.14989, 0.119989) (0.0674097, 2.06602) (0.0324296, -2.1388) 
(-1.21447, 1.47089) (-3.01141, 2.52834) (-3.05716, 1.81814) (-2.14989, 0.119994) (0.0674465, 2.06607) (0.0324296, -2.1388) 
(-1.21447, 1.47089) (-3.01141, 2.52834) (-3.05716, 1.81814) (-2.14988, 0.120027) (0.0674606, 2.06608) (0.0324296, -2.1388) 
(-1.21447, 1.47089) (-3.01141, 2.52834) (-3.05716, 1.81814) (-2.1499, 0.120002) (0.067421, 2.06606) (0.0324296, -2.1388) 
(-1.21447, 1.47089) (-3.01141, 2.52834) (-3.05716, 1.81814) (-2.1499, 0.12001) (0.0674238, 2.06608) (0.0324296, -2.1388) 
(-1.21447, 1.47089) (-3.01141, 2.52834) (-3.05716, 1.81814) (-2.14994, 0.119919) (0.0673865, 2.06605) (0.0324296, -2.1388) 
(-1.21447, 1.47089) (-3.01141, 2.52834) (-3.05716, 1.81814) (-2.1499, 0.119984) (0.067415, 2.06603) (0.0324296, -2.1388) 
(-1.21447, 1.47089) (-3.01141, 2.52834) (-3.05716, 1.81814) (-2.1499, 0.120014) (0.0674151, 2.06605) (0.0324296, -2.1388) 
(-1.21447, 1.47089) (-3.01141, 2.52834) (-3.05716, 1.81814) (-2.14989, 0.120018) (0.0674165, 2.06605) (0.0324296, -2.1388) 
(-1.21447, 1.47089) (-3.01141, 2.52834) (-3.05716, 1.81814) (-2.1499, 0.12) (0.0674121, 2.06605) (0.0324296, -2.1388) 
(-1.21447, 1.47089) (-3.01141, 2.52834) (-3.05716, 1.81814) (-2.1499, 0.120014) (0.0674238, 2.06605) (0.0324296, -2.1388) 
(-1.21447, 1.47089) (-3.01141, 2.52834) (-3.05716, 1.81814) (-2.14995, 0.11993) (0.0674442, 2.06607) (0.0324296, -2.1388) 
(-1.21447, 1.47089) (-3.01141, 2.52834) (-3.05716, 1.81814) (-2.14994, 0.119939) (0.0673972, 2.06605) (0.0324296, -2.1388) 
(-1.21447, 1.47089) (-3.01141, 2.52834) (-3.05716, 1.81814) (-2.14991, 0.120003) (0.0674702, 2.06608) (0.0324296, -2.1388) 
(-1.21447, 1.47089) (-3.01141, 2.52834) (-3.05716, 1.81814) (-2.1499, 0.120006) (0.0674346, 2.06607) (0.0324296, -2.1388) 
(-1.21447, 1.47089) (-3.01141, 2.52834) (-3.05716, 1.81814) (-2.1499, 0.120009) (0.0674271, 2.06606) (0.0324296, -2.1388) 
(-1.21447, 1.47089) (-3.01141, 2.52834) (-3.05716, 1.81814) (-2.1499, 0.12) (0.0674209, 2.06607) (0.0324296, -2.1388) 
(-1.21447, 1.47089) (-3.01141, 2.52834) (-3.05716, 1.81814) (-2.14992, 0.120006) (0.0673927, 2.06603) (0.0324296, -2.1388) 
(-1.21447, 1.47089) (-3.01141, 2.52834) (-3.05716, 1.81814) (-2.1499, 0.120004) (0.0674108, 2.06603) (0.0324296, -2.1388) 
(-1.21447, 1.47089) (-3.01141, 2.52834) (-3.05716, 1.81814) (-2.1499, 0.119999) (0.0673944, 2.06606) (0.0324296, -2.1388) 
(-1.21447, 1.47089) (-3.01141, 2.52834) (-3.05716, 1.81814) (-2.1499, 0.120008) (0.0674485, 2.0661) (0.0324296, -2.1388) 
(-1.21447, 1.47089) (-3.01141, 2.52834) (-3.05716, 1.81814) (-2.14994, 0.119941) (0.0674461, 2.06607) (0.0324296, -2.1388) 
(-1.21447, 1.47089) (-3.01141, 2.52834) (-3.05716, 1.81814) (-2.14993, 0.11999) (0.0674039, 2.06607) (0.0324296, -2.1388) 
(-1.21447, 1.47089) (-3.01141, 2.52834) (-3.05716, 1.81814) (-2.14989, 0.120052) (0.0674053, 2.06605) (0.0324296, -2.1388) 
(-1.21447, 1.47089) (-3.01141, 2.52834) (-3.05716, 1.81814) (-2.14994, 0.119925) (0.0674044, 2.06604) (0.0324296, -2.1388) 
(-1.21447, 1.47089) (-3.01141, 2.52834) (-3.05716, 1.81814) (-2.1499, 0.120012) (0.0674284, 2.06605) (0.0324296, -2.1388) 
(-1.21447, 1.47089) (-3.01141, 2.52834) (-3.05716, 1.81814) (-2.14989, 0.120008) (0.0674066, 2.06607) (0.0324296, -2.1388) 
(-1.21447, 1.47089) (-3.01141, 2.52834) (-3.05716, 1.81814) (-2.14991, 0.120017) (0.0674392, 2.06607) (0.0324296, -2.1388) 
(-1.21447, 1.47089) (-3.01141, 2.52834) (-3.05716, 1.81814) (-2.1499, 0.120008) (0.067375, 2.066) (0.0324296, -2.1388) 
(-1.21447, 1.47089) (-3.01141, 2.52834) (-3.05716, 1.81814) (-2.14993, 0.120003) (0.0674459, 2.06606) (0.0324296, -2.1388) 
(-1.21447, 1.47089) (-3.01141, 2.52834) (-3.05716, 1.81814) (-2.14991, 0.120002) (0.0673993, 2.06608) (0.0324296, -2.1388) 
(-1.21447, 1.47089) (-3.01141, 2.52834) (-3.05716, 1.81814) (-2.14995, 0.119924) (0.0673856, 2.06604) (0.0324296, -2.1388) 
(-1.21447, 1.47089) (-3.01141, 2.52834) (-3.05716, 1.81814) (-2.14991, 0.119975) (0.0674169, 2.06602) (0.0324296, -2.1388) 
(-1.21447, 1.47089) (-3.01141, 2.52834) (-3.05716, 1.81814) (-2.14993, 0.119936) (0.0674213, 2.06607) (0.0324296, -2.1388) 
(-1.21447, 1.47089) (-3.01141, 2.52834) (-3.05716, 1.81814) (-2.1499, 0.119998) (0.0673758, 2.06604) (0.0324296, -2.1388) 
(-1.21447, 1.47089) (-3.01141, 2.52834) (-3.05716, 1.81814) (-2.1499, 0.119999) (0.0674303, 2.06606) (0.0324296, -2.1388) 
(-1.21447, 1.47089) (-3.01141, 2.52834) (-3.05716, 1.81814) (-2.14992, 0.11998) (0.0673952, 2.06603) (0.0324296, -2.1388) 
(-1.21447, 1.47089) (-3.01141, 2.52834) (-3.05716, 1.81814) (-2.14991, 0.119989) (0.0669822, 2.06566) (0.0324296, -2.1388) 
(-1.21447, 1.47089) (-3.01141, 2.52834) (-3.05716, 1.81814) (-2.14991, 0.119969) (0.0668912, 2.06553) (0.0324296, -2.1388) 
(-1.21447, 1.47089) (-3.01141, 2.52834) (-3.05716, 1.81814) (-2.14991, 0.120002) (0.0668714, 2.06553) (0.0324296, -2.1388) 
(-1.21447, 1.47089) (-3.01141, 2.52834) (-3.05716, 1.81814) (-2.1499, 0.120011) (0.0668982, 2.06555) (0.0324296, -2.1388) 
(-1.21447, 1.47089) (-3.01141, 2.52834) (-3.05716, 1.81814) (-2.1499, 0.120007) (0.0669235, 2.06557) (0.0324296, -2.1388) 
(-1.21447, 1.47089) (-3.01141, 2.52834) (-3.05716, 1.81814) (-2.14991, 0.120004) (0.0668953, 2.06555) (0.0324296, -2.1388) 
(-1.21447, 1.47089) (-3.01141, 2.52834) (-3.05716, 1.81814) (-2.14991, 0.119981) (0.0669414, 2.06556) (0.0324296, -2.1388) 
(-1.21447, 1.47089) (-3.01141, 2.52834) (-3.05716, 1.81814) (-2.14993, 0.119963) (0.0670282, 2.06557) (0.0324296, -2.1388) 
(-1.21447, 1.47089) (-3.01141, 2.52834) (-3.05716, 1.81814) (-2.1499, 0.120029) (0.0675514, 2.06563) (0.0324296, -2.1388) 
(-1.21447, 1.47089) (-3.01141, 2.52834) (-3.05716, 1.81814) (-2.1499, 0.120003) (0.066965, 2.06569) (0.0324296, -2.1388) 
(-1.21447, 1.47089) (-3.01141, 2.52834) (-3.05716, 1.81814) (-2.14995, 0.119932) (0.066895, 2.06556) (0.0324296, -2.1388) 
(-1.21447, 1.47089) (-3.01141, 2.52834) (-3.05716, 1.81814) (-2.14991, 0.119999) (0.067235, 2.06571) (0.0324296, -2.1388) 
(-1.21447, 1.47089) (-3.01141, 2.52834) (-3.05716, 1.81814) (-2.14991, 0.119992) (0.0683973, 2.06593) (0.0324296, -2.1388) 
(-1.21447, 1.47089) (-3.01141, 2.52834) (-3.05716, 1.81814) (-2.14991, 0.120022) (0.068479, 2.06592) (0.0324296, -2.1388) 
(-1.21447, 1.47089) (-3.01141, 2.52834) (-3.05716, 1.81814) (-2.14991, 0.120018) (0.0688642, 2.06617) (0.0324296, -2.1388) 
(-1.21447, 1.47089) (-3.01141, 2.52834) (-3.05716, 1.81814) (-2.14992, 0.119966) (0.068846, 2.0661) (0.0324296, -2.1388) 
(-1.21447, 1.47089) (-3.01141, 2.52834) (-3.05716, 1.81814) (-2.14994, 0.119927) (0.0688351, 2.06611) (0.0324296, -2.1388) 
(-1.21447, 1.47089) (-3.01141, 2.52834) (-3.05716, 1.81814) (-2.14991, 0.120018) (0.0688369, 2.06612) (0.0324296, -2.1388) 
(-1.21447, 1.47089) (-3.01141, 2.52834) (-3.05716, 1.81814) (-2.1499, 0.119992) (0.0677055, 2.06584) (0.0324296, -2.1388) 
(-1.21447, 1.47089) (-3.01141, 2.52834) (-3.05716, 1.81814) (-2.14995, 0.119927) (0.0694551, 2.06508) (0.0324296, -2.1388) 
(-1.21447, 1.47089) (-3.01141, 2.52834) (-3.05716, 1.81814) (-2.14988, 0.12001) (0.0664651, 2.06839) (0.0324296, -2.1388) 
(-1.21447, 1.47089) (-3.01141, 2.52834) (-3.05716, 1.81814) (-2.14991, 0.12) (0.0661496, 2.0749) (0.0324296, -2.1388) 
(-1.21447, 1.47089) (-3.01141, 2.52834) (-3.05716, 1.81814) (-2.14991, 0.120004) (0.0673803, 2.08575) (0.0324296, -2.1388) 
(-1.21447, 1.47089) (-3.01141, 2.52834) (-3.05716, 1.81814) (-2.14989, 0.120015) (0.0713663, 2.10821) (0.0324296, -2.1388) 
(-1.21447, 1.47089) (-3.01141, 2.52834) (-3.05716, 1.81814) (-2.14992, 0.12) (0.0681432, 2.13787) (0.0324296, -2.1388) 
(-1.21447, 1.47089) (-3.01141, 2.52834) (-3.05716, 1.81814) (-2.1499, 0.12) (0.0635414, 2.17242) (0.0324296, -2.1388) 
(-1.21447, 1.47089) (-3.01141, 2.52834) (-3.05716, 1.81814) (-2.14995, 0.119929) (0.0620069, 2.20878) (0.0324296, -2.1388) 
(-1.21447, 1.47089) (-3.01141, 2.52834) (-3.05716, 1.81814) (-2.14991, 0.119995) (0.0659447, 2.2468) (0.0324296, -2.1388) 
(-1.21447, 1.47089) (-3.01141, 2.52834) (-3.05716, 1.81814) (-2.14992, 0.119986) (0.0662943, 2.28808) (0.0324296, -2.1388) 
(-1.21447, 1.47089) (-3.01141, 2.52834) (-3.05716, 1.81814) (-2.14991, 0.119994) (0.0602536, 2.31308) (0.0324296, -2.1388) 
(-1.21447, 1.47089) (-3.01141, 2.52834) (-3.05716, 1.81814) (-2.1499, 0.120004) (0.0490461, 2.34467) (0.0324296, -2.1388) 
(-1.21447, 1.47089) (-3.01141, 2.52834) (-3.05716, 1.81814) (-2.1499, 0.119991) (0.0394867, 2.36124) (0.0324296, -2.1388) 
(-1.21447, 1.47089) (-3.01141, 2.52834) (-3.05716, 1.81814) (-2.14992, 0.120002) (0.0388284, 2.36372) (0.0324296, -2.1388) 
(-1.21447, 1.47089) (-3.01141, 2.52834) (-3.05716, 1.81814) (-2.1499, 0.120002) (0.0381391, 2.36462) (0.0324296, -2.1388) 
(-1.21447, 1.47089) (-3.01141, 2.52834) (-3.05716, 1.81814) (-2.14991, 0.119994) (0.0374255, 2.36419) (0.0324296, -2.1388) 
(-1.21447, 1.47089) (-3.01141, 2.52834) (-3.05716, 1.81814) (-2.14994, 0.119971) (0.0380362, 2.36536) (0.0324296, -2.1388) 
(-1.21447, 1.47089) (-3.01141, 2.52834) (-3.05716, 1.81814) (-2.1499, 0.119998) (0.0375414, 2.3652) (0.0324296, -2.1388) 
(-1.21447, 1.47089) (-3.01141, 2.52834) (-3.05716, 1.81814) (-2.14991, 0.119996) (0.0370542, 2.36536) (0.0324296, -2.1388) 
(-1.21447, 1.47089) (-3.01141, 2.52834) (-3.05716, 1.81814) (-2.14991, 0.120001) (0.0375017, 2.36554) (0.0324296, -2.1388) 
(-1.21447, 1.47089) (-3.01141, 2.52834) (-3.05716, 1.81814) (-2.14991, 0.120007) (0.0373435, 2.36608) (0.0324296, -2.1388) 
(-1.21447, 1.47089) (-3.01141, 2.52834) (-3.05716, 1.81814) (-2.14991, 0.120003) (0.0377482, 2.36723) (0.0324296, -2.1388) 
(-1.21447, 1.47089) (-3.01141, 2.52834) (-3.05716, 1.81814) (-2.14991, 0.119996) (0.0375093, 2.36771) (0.0324296, -2.1388) 
(-1.21447, 1.47089) (-3.01141, 2.52834) (-3.05716, 1.81814) (-2.1499, 0.120028) (0.0377692, 2.368) (0.0324296, -2.1388) 
(-1.21447, 1.47089) (-3.01141, 2.52834) (-3.05716, 1.81814) (-2.14991, 0.11999) (0.0378195, 2.36797) (0.0324296, -2.1388) 
(-1.21447, 1.47089) (-3.01141, 2.52834) (-3.05716, 1.81814) (-2.14992, 0.120013) (0.0371922, 2.36689) (0.0324296, -2.1388) 
(-1.21447, 1.47089) (-3.01141, 2.52834) (-3.05716, 1.81814) (-2.14991, 0.120005) (0.0372244, 2.36698) (0.0324296, -2.1388) 
(-1.21447, 1.47089) (-3.01141, 2.52834) (-3.05716, 1.81814) (-2.1499, 0.119996) (0.0365527, 2.36655) (0.0324296, -2.1388) 
(-1.21447, 1.47089) (-3.01141, 2.52834) (-3.05716, 1.81814) (-2.14991, 0.12003) (0.0363931, 2.36618) (0.0324296, -2.1388) 
(-1.21447, 1.47089) (-3.01141, 2.52834) (-3.05716, 1.81814) (-2.1499, 0.120001) (0.0369061, 2.36624) (0.0324296, -2.1388) 
(-1.21447, 1.47089) (-3.01141, 2.52834) (-3.05716, 1.81814) (-2.14991, 0.119987) (0.0371454, 2.36614) (0.0324296, -2.1388) 
(-1.21447, 1.47089) (-3.01141, 2.52834) (-3.05716, 1.81814) (-2.14992, 0.12) (0.0401053, 2.36572) (0.0324296, -2.1388) 
(-1.21447, 1.47089) (-3.01141, 2.52834) (-3.05716, 1.81814) (-2.14989, 0.120024) (0.0416412, 2.36355) (0.0324296, -2.1388) 
(-1.21447, 1.47089) (-3.01141, 2.52834) (-3.05716, 1.81814) (-2.14992, 0.119998) (0.0331033, 2.36494) (0.0324296, -2.1388) 
(-1.21447, 1.47089) (-3.01141, 2.52834) (-3.05716, 1.81814) (-2.14992, 0.119981) (0.0387268, 2.36516) (0.0324296, -2.1388) 
(-1.21447, 1.47089) (-3.01141, 2.52834) (-3.05716, 1.81814) (-2.1499, 0.119997) (0.0369156, 2.36578) (0.0324296, -2.1388) 
(-1.21447, 1.47089) (-3.01141, 2.52834) (-3.05716, 1.81814) (-2.14991, 0.120007) (0.03594, 2.36541) (0.0324296, -2.1388) 
(-1.21447, 1.47089) (-3.01141, 2.52834) (-3.05716, 1.81814) (-2.1499, 0.120012) (0.0367252, 2.36692) (0.0324296, -2.1388) 
(-1.21447, 1.47089) (-3.01141, 2.52834) (-3.05716, 1.81814) (-2.14991, 0.119995) (0.036452, 2.3667) (0.0324296, -2.1388) 
(-1.21447, 1.47089) (-3.01141, 2.52834) (-3.05716, 1.81814) (-2.14992, 0.119994) (0.0372941, 2.36744) (0.0324296, -2.1388) 
(-1.21447, 1.47089) (-3.01141, 2.52834) (-3.05716, 1.81814) (-2.14991, 0.120009) (0.0367797, 2.36646) (0.0324296, -2.1388) 
(-1.21447, 1.47089) (-3.01141, 2.52834) (-3.05716, 1.81814) (-2.14991, 0.120004) (0.0361018, 2.36641) (0.0324296, -2.1388) 
(-1.21447, 1.47089) (-3.01141, 2.52834) (-3.05716, 1.81814) (-2.14991, 0.120014) (0.0354292, 2.36528) (0.0324296, -2.1388) 
(-1.21447, 1.47089) (-3.01141, 2.52834) (-3.05716, 1.81814) (-2.1499, 0.119991) (0.0364993, 2.3657) (0.0324296, -2.1388) 
(-1.21447, 1.47089) (-3.01141, 2.52834) (-3.05716, 1.81814) (-2.14991, 0.120004) (0.0366533, 2.36642) (0.0324296, -2.1388) 
(-1.21447, 1.47089) (-3.01141, 2.52834) (-3.05716, 1.81814) (-2.14989, 0.120035) (0.0366035, 2.36597) (0.0324296, -2.1388) 
(-1.21447, 1.47089) (-3.01141, 2.52834) (-3.05716, 1.81814) (-2.14989, 0.120014) (0.0368704, 2.36531) (0.0324296, -2.1388) 
(-1.21447, 1.47089) (-3.01141, 2.52834) (-3.05716, 1.81814) (-2.1499, 0.120017) (0.037076, 2.36548) (0.0324296, -2.1388) 
(-1.21447, 1.47089) (-3.01141, 2.52834) (-3.05716, 1.81814) (-2.14991, 0.12) (0.0369475, 2.36641) (0.0324296, -2.1388) 
(-1.21447, 1.47089) (-3.01141, 2.52834) (-3.05716, 1.81814) (-2.14992, 0.120022) (0.0365724, 2.36618) (0.0324296, -2.1388) 
(-1.21447, 1.47089) (-3.01141, 2.52834) (-3.05716, 1.81814) (-2.1499, 0.120032) (0.0365792, 2.36615) (0.0324296, -2.1388) 
(-1.21447, 1.47089) (-3.01141, 2.52834) (-3.05716, 1.81814) (-2.14994, 0.119966) (0.0365698, 2.3662) (0.0324296, -2.1388) 
(-1.21447, 1.47089) (-3.01141, 2.52834) (-3.05716, 1.81814) (-2.1499, 0.120008) (0.0365444, 2.36635) (0.0324296, -2.1388) 
(-1.21447, 1.47089) (-3.01141, 2.52834) (-3.05716, 1.81814) (-2.14991, 0.120011) (0.0364219, 2.36642) (0.0324296, -2.1388) 
(-1.21447, 1.47089) (-3.01141, 2.52834) (-3.05716, 1.81814) (-2.14991, 0.12) (0.0351833, 2.36782) (0.0324296, -2.1388) 
(-1.21447, 1.47089) (-3.01141, 2.52834) (-3.05716, 1.81814) (-2.14992, 0.120003) (0.0364253, 2.36643) (0.0324296, -2.1388) 
(-1.21447, 1.47089) (-3.01141, 2.52834) (-3.05716, 1.81814) (-2.14992, 0.120014) (0.0364732, 2.36835) (0.0324296, -2.1388) 
(-1.21447, 1.47089) (-3.01141, 2.52834) (-3.05716, 1.81814) (-2.14995, 0.119936) (0.0362866, 2.36707) (0.0324296, -2.1388) 
(-1.21447, 1.47089) (-3.01141, 2.52834) (-3.05716, 1.81814) (-2.14995, 0.119948) (0.036568, 2.36819) (0.0324296, -2.1388) 
(-1.21447, 1.47089) (-3.01141, 2.52834) (-3.05716, 1.81814) (-2.1499, 0.120018) (0.0365116, 2.36664) (0.0324296, -2.1388) 
(-1.21447, 1.47089) (-3.01141, 2.52834) (-3.05716, 1.81814) (-2.14993, 0.119971) (0.036553, 2.36712) (0.0324296, -2.1388) 
(-1.21447, 1.47089) (-3.01141, 2.52834) (-3.05716, 1.81814) (-2.14991, 0.120019) (0.036444, 2.36682) (0.0324296, -2.1388) 
(-1.21447, 1.47089) (-3.01141, 2.52834) (-3.05716, 1.81814) (-2.14989, 0.120029) (0.0366881, 2.36688) (0.0324296, -2.1388) 
(-1.21447, 1.47089) (-3.01141, 2.52834) (-3.05716, 1.81814) (-2.1499, 0.120011) (0.0368045, 2.36698) (0.0324296, -2.1388) 
(-1.21447, 1.47089) (-3.01141, 2.52834) (-3.05716, 1.81814) (-2.14991, 0.120009) (0.036419, 2.36591) (0.0324296, -2.1388) 
(-1.21447, 1.47089) (-3.01141, 2.52834) (-3.05716, 1.81814) (-2.14993, 0.119999) (0.036871, 2.3673) (0.0324296, -2.1388) 
(-1.21447, 1.47089) (-3.01141, 2.52834) (-3.05716, 1.81814) (-2.14992, 0.120015) (0.0363534, 2.36662) (0.0324296, -2.1388) 
