(-0.094957, 2.65049) (-2.4192, -1.48442) (1.85308, -1.56989) (-2.22585, 1.93864) (1.78215, 1.91519) (-0.208056, -1.9391) 
(-0.0955934, 2.64845) (-2.41908, -1.48338) (1.84158, -1.58594) (-2.22585, 1.93863) (1.78216, 1.91518) (-0.208046, -1.93914) 
(-0.0958828, 2.64501) (-2.41865, -1.48287) (1.82941, -1.60047) (-2.2252, 1.93924) (1.78166, 1.91428) (-0.207937, -1.93962) 
(-0.0959307, 2.6416) (-2.41793, -1.48307) (1.81694, -1.6117) (-2.21836, 1.93623) (1.78023, 1.91296) (-0.207769, -1.93885) 
(-0.096647, 2.63806) (-2.41708, -1.48352) (1.79836, -1.63252) (-2.20989, 1.92962) (1.77244, 1.90614) (-0.207349, -1.9355) 
(-0.0969376, 2.63635) (-2.41625, -1.48252) (1.78194, -1.64887) (-2.20289, 1.92796) (1.76736, 1.90154) (-0.206899, -1.92757) 
(-0.0972495, 2.63255) (-2.41491, -1.47613) (1.76385, -1.65749) (-2.19195, 1.9172) (1.75937, 1.89265) (-0.205445, -1.90941) 
(-0.096011, 2.6248) (-2.41154, -1.46439) (1.749, -1.65835) (-2.18209, 1.90875) (1.7486, 1.88359) (-0.204768, -1.89408) 
(-0.0922898, 2.61184) (-2.40508, -1.44769) (1.73452, -1.65363) (-2.17228, 1.89985) (1.73793, 1.87322) (-0.203358, -1.87693) 
(-0.0830687, 2.58748) (-2.39523, -1.42258) (1.71147, -1.63979) (-2.15447, 1.88062) (1.72002, 1.85724) (-0.202212, -1.85742) 
(-0.0733748, 2.56634) (-2.38466, -1.39948) (1.69071, -1.62165) (-2.14179, 1.86832) (1.7083, 1.84668) (-0.200892, -1.84186) 
(-0.0639539, 2.53052) (-2.35783, -1.36915) (1.66161, -1.58984) (-2.1223, 1.84956) (1.68883, 1.82879) (-0.19955, -1.81744) 
(-0.0614026, 2.48963) (-2.31862, -1.34115) (1.63263, -1.55154) (-2.10579, 1.83172) (1.67101, 1.81341) (-0.19818, -1.79011) 
(-0.0674364, 2.44188) (-2.2641, -1.31002) (1.60162, -1.50137) (-2.08245, 1.81108) (1.64712, 1.79125) (-0.196019, -1.7591) 
(-0.0777363, 2.40136) (-2.21349, -1.28456) (1.57915, -1.45671) (-2.06569, 1.79383) (1.62943, 1.77464) (-0.194848, -1.73285) 
(-0.100767, 2.33702) (-2.12605, -1.2443) (1.54392, -1.38493) (-2.03576, 1.76403) (1.59778, 1.74758) (-0.192088, -1.69345) 
(-0.121104, 2.28338) (-2.04992, -1.20672) (1.51337, -1.32421) (-2.01685, 1.74131) (1.57038, 1.72338) (-0.190808, -1.66052) 
(-0.136379, 2.23572) (-1.98509, -1.17046) (1.48161, -1.26585) (-2.00299, 1.71576) (1.54875, 1.70093) (-0.189889, -1.62574) 
(-0.149943, 2.18977) (-1.92331, -1.12553) (1.43847, -1.20069) (-1.99238, 1.69262) (1.52766, 1.67218) (-0.188108, -1.58721) 
(-0.156449, 2.15494) (-1.87916, -1.08526) (1.39969, -1.15101) (-1.98778, 1.67165) (1.50784, 1.6467) (-0.181223, -1.56198) 
(-0.159219, 2.10464) (-1.81701, -1.018) (1.33246, -1.0805) (-1.98218, 1.63821) (1.48193, 1.60264) (-0.165641, -1.52087) 
(-0.154947, 2.06476) (-1.76425, -0.956069) (1.26923, -1.0279) (-1.97587, 1.60723) (1.45888, 1.5675) (-0.148919, -1.49174) 
(-0.146752, 2.02113) (-1.70885, -0.884685) (1.1999, -0.977561) (-1.97123, 1.57473) (1.43439, 1.52888) (-0.136745, -1.46851) 
(-0.137346, 1.98345) (-1.65899, -0.821248) (1.14435, -0.936402) (-1.96172, 1.54646) (1.41271, 1.49708) (-0.12743, -1.44696) 
(-0.120164, 1.93464) (-1.59604, -0.746625) (1.0811, -0.876762) (-1.94722, 1.50754) (1.3836, 1.45466) (-0.117548, -1.41274) 
(-0.100473, 1.88517) (-1.53583, -0.687469) (1.02595, -0.813552) (-1.92991, 1.46732) (1.34978, 1.40907) (-0.117451, -1.38355) 
(-0.0860892, 1.84278) (-1.47607, -0.639839) (0.973747, -0.749398) (-1.91232, 1.42551) (1.32065, 1.37195) (-0.120503, -1.36277) 
(-0.0746461, 1.80921) (-1.42087, -0.595562) (0.925886, -0.684911) (-1.8959, 1.38947) (1.29549, 1.3354) (-0.124535, -1.34274) 
(-0.0638938, 1.77179) (-1.35594, -0.544748) (0.870805, -0.600684) (-1.8737, 1.3406) (1.26593, 1.29331) (-0.129745, -1.31385) 
(-0.0572867, 1.74261) (-1.29769, -0.50505) (0.823196, -0.528743) (-1.85478, 1.30023) (1.24297, 1.25594) (-0.131708, -1.28585) 
(-0.0510383, 1.70798) (-1.23203, -0.46128) (0.774122, -0.465768) (-1.83406, 1.25895) (1.21516, 1.20903) (-0.134465, -1.24742) 
(-0.0515427, 1.67524) (-1.1727, -0.415974) (0.726361, -0.416685) (-1.81622, 1.22226) (1.18948, 1.16669) (-0.133964, -1.21419) 
(-0.0559755, 1.63173) (-1.10618, -0.349477) (0.667283, -0.363095) (-1.78825, 1.1806) (1.15662, 1.11135) (-0.135509, -1.16589) 
(-0.0627, 1.60236) (-1.06797, -0.301727) (0.622034, -0.328131) (-1.76891, 1.15199) (1.13638, 1.07303) (-0.137848, -1.13257) 
(-0.0752832, 1.55913) (-1.0289, -0.239247) (0.558333, -0.288004) (-1.73801, 1.11591) (1.10576, 1.02223) (-0.14585, -1.08365) 
(-0.0904915, 1.5165) (-1.00428, -0.186062) (0.496427, -0.256909) (-1.70965, 1.0835) (1.08198, 0.97868) (-0.152777, -1.0413) 
(-0.109498, 1.47215) (-0.990159, -0.131606) (0.441088, -0.228544) (-1.67751, 1.04571) (1.05868, 0.940131) (-0.158174, -0.99665) 
(-0.125176, 1.43332) (-0.977398, -0.0792412) (0.388717, -0.194914) (-1.64817, 1.01437) (1.0308, 0.901985) (-0.162365, -0.954758) 
(-0.13927, 1.39726) (-0.966101, -0.0427177) (0.343485, -0.157125) (-1.62793, 0.979924) (1.00676, 0.865401) (-0.159598, -0.916307) 
(-0.153232, 1.3567) (-0.948956, -0.0110561) (0.28668, -0.104351) (-1.6071, 0.945625) (0.977627, 0.817982) (-0.15586, -0.876785) 
(-0.161487, 1.32447) (-0.934243, 0.00378507) (0.236947, -0.0520933) (-1.59574, 0.911558) (0.95186, 0.776991) (-0.15808, -0.844032) 
(-0.169004, 1.29182) (-0.918208, 0.0138436) (0.17761, 0.0190155) (-1.57924, 0.865662) (0.921359, 0.724428) (-0.159138, -0.818646) 
(-0.172121, 1.2609) (-0.90227, 0.0142045) (0.121935, 0.0954767) (-1.5647, 0.822215) (0.894741, 0.678468) (-0.164832, -0.789505) 
(-0.169269, 1.23331) (-0.885187, 0.00956993) (0.0750101, 0.162535) (-1.55075, 0.784735) (0.873397, 0.639593) (-0.170858, -0.767569) 
(-0.158955, 1.19614) (-0.852327, -9.62378e-05) (0.0152334, 0.228981) (-1.53288, 0.731872) (0.844123, 0.588957) (-0.177596, -0.742051) 
(-0.142255, 1.16241) (-0.815227, -0.0219255) (-0.0500258, 0.276014) (-1.51297, 0.679675) (0.815913, 0.536512) (-0.181365, -0.716749) 
(-0.121696, 1.134) (-0.778117, -0.0535955) (-0.116318, 0.314909) (-1.49393, 0.628016) (0.787438, 0.487844) (-0.185981, -0.6944) 
(-0.0983911, 1.10521) (-0.746192, -0.0864376) (-0.18059, 0.34828) (-1.47658, 0.580842) (0.76083, 0.442689) (-0.190186, -0.674149) 
(-0.0705085, 1.07514) (-0.713521, -0.117758) (-0.258887, 0.382531) (-1.45955, 0.537139) (0.733232, 0.390801) (-0.194449, -0.658058) 
(-0.0425892, 1.04648) (-0.684784, -0.143252) (-0.354899, 0.422704) (-1.44039, 0.491374) (0.706081, 0.337411) (-0.1987, -0.63744) 
(-0.0180438, 1.02138) (-0.664465, -0.161326) (-0.444729, 0.461213) (-1.41988, 0.445816) (0.678106, 0.284791) (-0.197734, -0.615194) 
(-0.0008757, 1.00244) (-0.645674, -0.170295) (-0.508939, 0.501002) (-1.40261, 0.407247) (0.656308, 0.247505) (-0.195311, -0.595744) 
(0.0196894, 0.975553) (-0.613777, -0.161488) (-0.596431, 0.5732) (-1.37351, 0.347683) (0.628125, 0.189275) (-0.181829, -0.567807) 
(0.0309597, 0.958626) (-0.590255, -0.139608) (-0.654362, 0.627154) (-1.35467, 0.307867) (0.612683, 0.153547) (-0.170696, -0.550401) 
(0.0397659, 0.936543) (-0.564404, -0.102454) (-0.717743, 0.693736) (-1.33594, 0.267822) (0.59606, 0.110531) (-0.15737, -0.535397) 
(0.0484326, 0.910931) (-0.539373, -0.0401051) (-0.801125, 0.79354) (-1.30941, 0.217519) (0.572365, 0.0519539) (-0.136986, -0.522657) 
(0.0543396, 0.886955) (-0.52704, 0.0268764) (-0.881467, 0.891316) (-1.28463, 0.176627) (0.548656, -0.00361654) (-0.12542, -0.515958) 
(0.0565749, 0.862026) (-0.52618, 0.0841954) (-0.952678, 0.958324) (-1.25595, 0.138343) (0.528802, -0.0544213) (-0.117801, -0.507678) 
(0.0576548, 0.836074) (-0.532391, 0.125981) (-1.02017, 1.00313) (-1.22837, 0.104528) (0.509665, -0.0954497) (-0.1145, -0.501882) 
(0.0572562, 0.798624) (-0.536185, 0.176095) (-1.10981, 1.06278) (-1.19605, 0.0664597) (0.490968, -0.14821) (-0.11303, -0.491162) 
(0.0539195, 0.75932) (-0.534808, 0.227429) (-1.20253, 1.12306) (-1.16599, 0.0341206) (0.474147, -0.192692) (-0.110014, -0.477542) 
(0.0465276, 0.716359) (-0.533183, 0.285021) (-1.29676, 1.17853) (-1.13653, 0.00165857) (0.463452, -0.240573) (-0.109825, -0.463521) 
(0.0371488, 0.67647) (-0.52659, 0.347588) (-1.38497, 1.23182) (-1.10924, -0.0305922) (0.457545, -0.288046) (-0.113469, -0.453286) 
(0.0264076, 0.633325) (-0.51081, 0.429923) (-1.46032, 1.29308) (-1.07711, -0.0675676) (0.45172, -0.342494) (-0.117858, -0.44246) 
(0.0172426, 0.598432) (-0.486627, 0.51084) (-1.51815, 1.35718) (-1.04888, -0.102405) (0.452889, -0.389132) (-0.123829, -0.432048) 
(0.0122088, 0.568151) (-0.467955, 0.588134) (-1.57156, 1.42293) (-1.02312, -0.136748) (0.450743, -0.434914) (-0.131433, -0.421116) 
(0.00886274, 0.531823) (-0.444881, 0.682293) (-1.63735, 1.51153) (-0.991695, -0.178461) (0.451788, -0.482608) (-0.143868, -0.407805) 
(0.00615198, 0.500545) (-0.423689, 0.760593) (-1.69139, 1.59586) (-0.964744, -0.213847) (0.443597, -0.523338) (-0.155448, -0.398461) 
(0.00439074, 0.469479) (-0.398582, 0.844633) (-1.74918, 1.68096) (-0.938591, -0.249344) (0.439466, -0.559024) (-0.168562, -0.388192) 
(-0.00128554, 0.437636) (-0.364138, 0.951312) (-1.82115, 1.7546) (-0.910228, -0.292346) (0.426881, -0.597777) (-0.184246, -0.373249) 
(-0.0146314, 0.41468) (-0.323947, 1.04931) (-1.89197, 1.79985) (-0.885349, -0.329533) (0.408335, -0.636961) (-0.200309, -0.357561) 
(-0.0317768, 0.398227) (-0.277792, 1.12688) (-1.95747, 1.83483) (-0.863706, -0.364529) (0.391057, -0.672943) (-0.214692, -0.338236) 
(-0.0595592, 0.383718) (-0.208302, 1.19559) (-2.03468, 1.86559) (-0.83865, -0.403676) (0.365661, -0.718566) (-0.23602, -0.311655) 
(-0.0952028, 0.370438) (-0.129962, 1.24693) (-2.11322, 1.88704) (-0.81455, -0.445078) (0.339805, -0.765431) (-0.260159, -0.280256) 
(-0.13352, 0.363991) (-0.0477823, 1.28708) (-2.17791, 1.90089) (-0.795381, -0.48304) (0.3229, -0.805591) (-0.275051, -0.254216) 
(-0.175271, 0.359105) (0.0385664, 1.31832) (-2.22797, 1.9122) (-0.77752, -0.517042) (0.302466, -0.840365) (-0.278819, -0.230906) 
(-0.226514, 0.35657) (0.149449, 1.35161) (-2.28022, 1.93085) (-0.757989, -0.557425) (0.281276, -0.878991) (-0.282172, -0.200527) 
(-0.27116, 0.356757) (0.250368, 1.38578) (-2.3286, 1.94667) (-0.736562, -0.591941) (0.25694, -0.910817) (-0.279782, -0.175742) 
(-0.311626, 0.361081) (0.348453, 1.4292) (-2.37882, 1.96028) (-0.718357, -0.622761) (0.227638, -0.94511) (-0.274447, -0.15568) 
(-0.346734, 0.365603) (0.438766, 1.47599) (-2.42198, 1.9758) (-0.688629, -0.644826) (0.196577, -0.98043) (-0.263444, -0.136596) 
(-0.373551, 0.366636) (0.520033, 1.52028) (-2.46156, 1.99201) (-0.664674, -0.662485) (0.165437, -1.01467) (-0.249141, -0.119836) 
(-0.39659, 0.363172) (0.610566, 1.57077) (-2.50584, 2.01244) (-0.636008, -0.672397) (0.132313, -1.0525) (-0.231497, -0.10442) 
(-0.415345, 0.354661) (0.701946, 1.62664) (-2.5362, 2.03371) (-0.609177, -0.678896) (0.100545, -1.09018) (-0.211169, -0.0921921) 
(-0.428062, 0.340034) (0.785434, 1.6737) (-2.54483, 2.05087) (-0.583678, -0.67829) (0.0706708, -1.12268) (-0.192041, -0.0839197) 
(-0.437197, 0.311805) (0.889946, 1.72193) (-2.53614, 2.07786) (-0.548467, -0.679199) (0.0371297, -1.1596) (-0.16789, -0.0778593) 
(-0.438346, 0.286767) (0.974093, 1.7501) (-2.51866, 2.10683) (-0.516858, -0.681389) (0.00576215, -1.18799) (-0.145321, -0.0776939) 
(-0.4397, 0.266285) (1.04448, 1.77115) (-2.50171, 2.13641) (-0.492087, -0.685092) (-0.0190254, -1.20993) (-0.130978, -0.0776288) 
(-0.449062, 0.236631) (1.13957, 1.79882) (-2.47967, 2.17738) (-0.457496, -0.697005) (-0.0534277, -1.23233) (-0.10647, -0.0785465) 
(-0.46325, 0.207127) (1.24239, 1.82298) (-2.4606, 2.21948) (-0.421101, -0.71146) (-0.0841998, -1.25121) (-0.0755661, -0.0792914) 
(-0.480161, 0.177499) (1.32776, 1.8405) (-2.44621, 2.2473) (-0.389718, -0.725257) (-0.112988, -1.2629) (-0.0466054, -0.0800679) 
(-0.503645, 0.141) (1.42563, 1.86525) (-2.43441, 2.27053) (-0.34943, -0.743351) (-0.154691, -1.27184) (-0.0293654, -0.0794736) 
(-0.530684, 0.107834) (1.51237, 1.8954) (-2.42951, 2.28264) (-0.310306, -0.758655) (-0.194692, -1.28002) (-0.0157838, -0.0727085) 
(-0.557503, 0.0755726) (1.58558, 1.92106) (-2.4302, 2.28649) (-0.279955, -0.768729) (-0.23023, -1.28338) (-0.000155405, -0.0659953) 
(-0.586227, 0.0385987) (1.65835, 1.94587) (-2.43877, 2.28394) (-0.243813, -0.770602) (-0.26619, -1.29242) (0.00848481, -0.0548282) 
(-0.608646, 0.00182041) (1.73187, 1.97533) (-2.45464, 2.27449) (-0.205198, -0.774028) (-0.302671, -1.30429) (0.0167675, -0.0436104) 
(-0.63237, -0.0463954) (1.82376, 2.01457) (-2.47906, 2.26114) (-0.153836, -0.778888) (-0.351371, -1.32309) (0.0253475, -0.0276719) 
(-0.642477, -0.0867087) (1.89186, 2.04357) (-2.49642, 2.24849) (-0.119829, -0.782569) (-0.380137, -1.34153) (0.0282363, -0.0136945) 
(-0.642782, -0.131148) (1.95888, 2.07192) (-2.51339, 2.23256) (-0.0815419, -0.796299) (-0.415913, -1.35878) (0.030074, 0.00357413) 
(-0.638029, -0.169448) (2.00105, 2.08424) (-2.5263, 2.22118) (-0.0552801, -0.810739) (-0.437883, -1.37293) (0.0292488, 0.0181099) 
(-0.628132, -0.209887) (2.0228, 2.09105) (-2.53762, 2.20977) (-0.0312223, -0.828702) (-0.463475, -1.37931) (0.02581, 0.0320452) 
(-0.607835, -0.258737) (2.02595, 2.09285) (-2.54942, 2.19624) (0.00285268, -0.853483) (-0.506792, -1.38244) (0.0209611, 0.0523038) 
(-0.586382, -0.294668) (2.01808, 2.09316) (-2.55662, 2.18608) (0.0313506, -0.871435) (-0.544007, -1.38172) (0.0174077, 0.0708506) 
(-0.558801, -0.332955) (2.00554, 2.08824) (-2.56248, 2.17457) (0.0675546, -0.886851) (-0.591096, -1.381) (0.0141237, 0.0984794) 
(-0.533605, -0.364898) (1.99381, 2.08493) (-2.56529, 2.16414) (0.111409, -0.901751) (-0.627248, -1.38514) (0.0111808, 0.137111) 
(-0.513535, -0.393255) (1.99057, 2.07841) (-2.56591, 2.15718) (0.155758, -0.915304) (-0.656269, -1.38535) (0.0135701, 0.170841) 
(-0.500934, -0.415835) (1.9941, 2.07374) (-2.56564, 2.1531) (0.190566, -0.92686) (-0.681192, -1.37893) (0.0176377, 0.201848) 
(-0.489425, -0.446703) (2.00935, 2.06625) (-2.56461, 2.14964) (0.242775, -0.944072) (-0.71118, -1.36982) (0.0232488, 0.240297) 
(-0.487368, -0.473324) (2.02854, 2.06203) (-2.56253, 2.14882) (0.283687, -0.961344) (-0.730405, -1.35892) (0.0257093, 0.275688) 
(-0.49753, -0.508383) (2.05409, 2.0542) (-2.55955, 2.14859) (0.335002, -0.98488) (-0.749536, -1.34937) (0.0281275, 0.322398) 
(-0.518692, -0.537805) (2.07514, 2.04601) (-2.55715, 2.14811) (0.384109, -1.00804) (-0.760456, -1.33397) (0.0276396, 0.370246) 
(-0.544956, -0.563346) (2.08917, 2.04399) (-2.55591, 2.1476) (0.43145, -1.03102) (-0.772566, -1.32106) (0.0261133, 0.413292) 
(-0.584106, -0.593439) (2.09907, 2.0531) (-2.55578, 2.14926) (0.488562, -1.05721) (-0.778791, -1.30332) (0.0242082, 0.462827) 
(-0.626224, -0.622353) (2.1029, 2.06945) (-2.56396, 2.15799) (0.53891, -1.08053) (-0.783418, -1.28482) (0.0207027, 0.50937) 
(-0.671877, -0.657) (2.09897, 2.08725) (-2.57456, 2.16269) (0.590783, -1.10259) (-0.783213, -1.26607) (0.0230933, 0.558165) 
(-0.705229, -0.681577) (2.09265, 2.10188) (-2.58107, 2.16099) (0.631922, -1.11903) (-0.781671, -1.25255) (0.0223174, 0.595592) 
(-0.750543, -0.715801) (2.0805, 2.12159) (-2.58196, 2.14558) (0.698651, -1.14577) (-0.775386, -1.23137) (0.0241645, 0.660905) 
(-0.777675, -0.739918) (2.07853, 2.12861) (-2.578, 2.13602) (0.752416, -1.16609) (-0.767932, -1.21688) (0.0263004, 0.710308) 
(-0.79596, -0.763854) (2.08802, 2.13197) (-2.57412, 2.13344) (0.8071, -1.18891) (-0.757669, -1.20308) (0.0282198, 0.764585) 
(-0.803632, -0.779655) (2.09748, 2.13171) (-2.57197, 2.13599) (0.859074, -1.20909) (-0.746682, -1.1927) (0.0290484, 0.817698) 
(-0.804707, -0.797345) (2.10596, 2.12771) (-2.57171, 2.14228) (0.921896, -1.23413) (-0.731329, -1.18291) (0.0302633, 0.874146) 
(-0.798908, -0.809276) (2.11051, 2.11984) (-2.56955, 2.14607) (0.978075, -1.25602) (-0.714765, -1.17719) (0.0315886, 0.925479) 
(-0.792975, -0.820759) (2.11446, 2.11148) (-2.56771, 2.14941) (1.03348, -1.27682) (-0.697572, -1.1744) (0.0303053, 0.979037) 
(-0.786405, -0.832753) (2.1185, 2.10378) (-2.56477, 2.14809) (1.08831, -1.29834) (-0.679442, -1.17538) (0.0287468, 1.03558) 
(-0.780796, -0.841074) (2.12275, 2.09995) (-2.56243, 2.14673) (1.13346, -1.31623) (-0.664465, -1.17877) (0.0291805, 1.08378) 
(-0.771296, -0.849763) (2.12877, 2.09706) (-2.55803, 2.14544) (1.19768, -1.34016) (-0.644671, -1.18841) (0.0291138, 1.14648) 
(-0.760668, -0.858503) (2.13118, 2.09458) (-2.55136, 2.14512) (1.25246, -1.36076) (-0.630411, -1.19765) (0.0293697, 1.20134) 
(-0.747839, -0.867242) (2.13255, 2.09506) (-2.54331, 2.15067) (1.29841, -1.37807) (-0.621454, -1.20597) (0.0295915, 1.24799) 
(-0.723107, -0.880552) (2.13199, 2.09634) (-2.53001, 2.17323) (1.36302, -1.40246) (-0.608899, -1.22608) (0.030799, 1.31134) 
(-0.694121, -0.892126) (2.13084, 2.09823) (-2.51643, 2.20337) (1.41817, -1.42207) (-0.59819, -1.24472) (0.0296055, 1.36855) 
(-0.664499, -0.900348) (2.13023, 2.10295) (-2.50155, 2.23563) (1.46842, -1.44017) (-0.595643, -1.27002) (0.0308241, 1.42006) 
(-0.628528, -0.9086) (2.12821, 2.10859) (-2.48163, 2.27892) (1.5274, -1.46098) (-0.588803, -1.29929) (0.0306895, 1.47995) 
(-0.599812, -0.91475) (2.12717, 2.11342) (-2.46121, 2.32091) (1.58106, -1.4791) (-0.583318, -1.33223) (0.02986, 1.53549) 
(-0.579882, -0.925933) (2.12807, 2.11693) (-2.43964, 2.35553) (1.63523, -1.49703) (-0.578566, -1.36489) (0.0295626, 1.59144) 
(-0.566906, -0.938868) (2.13013, 2.11868) (-2.41979, 2.38357) (1.68958, -1.5142) (-0.572212, -1.39742) (0.0300034, 1.64792) 
(-0.557071, -0.959351) (2.1313, 2.11799) (-2.4021, 2.40241) (1.74336, -1.53032) (-0.57064, -1.4326) (0.0302871, 1.70442) 
(-0.551628, -0.981178) (2.13057, 2.11535) (-2.38937, 2.41294) (1.78964, -1.54381) (-0.565743, -1.4585) (0.0307001, 1.75601) 
(-0.549775, -1.01062) (2.12791, 2.11086) (-2.3817, 2.42111) (1.84276, -1.55783) (-0.571912, -1.4867) (0.032445, 1.81787) 
(-0.551452, -1.03304) (2.12484, 2.10742) (-2.37865, 2.42356) (1.87656, -1.56577) (-0.575343, -1.50499) (0.0334658, 1.86246) 
(-0.557834, -1.0696) (2.11937, 2.10278) (-2.37735, 2.42311) (1.9187, -1.57674) (-0.594089, -1.53254) (0.0353641, 1.93105) 
(-0.565026, -1.09597) (2.11536, 2.09992) (-2.38086, 2.42187) (1.92791, -1.57915) (-0.610168, -1.55683) (0.0352695, 1.98311) 
(-0.569573, -1.12935) (2.11044, 2.09747) (-2.38766, 2.41764) (1.92094, -1.57805) (-0.63437, -1.5747) (0.0361568, 2.04467) 
(-0.571527, -1.15854) (2.10544, 2.0946) (-2.39891, 2.41368) (1.92546, -1.57811) (-0.657483, -1.59676) (0.0364749, 2.10907) 
(-0.56861, -1.18134) (2.10141, 2.09308) (-2.41105, 2.41081) (1.92477, -1.57876) (-0.673928, -1.61185) (0.0380661, 2.1584) 
(-0.557707, -1.20853) (2.09823, 2.09314) (-2.4245, 2.40724) (1.9245, -1.57842) (-0.69125, -1.634) (0.037704, 2.21581) 
(-0.541414, -1.23376) (2.09594, 2.09361) (-2.43406, 2.40312) (1.92485, -1.57838) (-0.699127, -1.65073) (0.0372448, 2.26333) 
(-0.522262, -1.25776) (2.09387, 2.09353) (-2.44005, 2.39914) (1.92488, -1.57863) (-0.705482, -1.67055) (0.0370215, 2.29843) 
(-0.492521, -1.28562) (2.09143, 2.09267) (-2.44348, 2.39542) (1.92485, -1.57852) (-0.711256, -1.69265) (0.0392772, 2.3046) 
(-0.462255, -1.30726) (2.08955, 2.09195) (-2.44403, 2.39224) (1.92487, -1.57847) (-0.711868, -1.71098) (0.0375981, 2.29279) 
(-0.428611, -1.3274) (2.08793, 2.09204) (-2.44336, 2.38894) (1.92485, -1.57853) (-0.714873, -1.72783) (0.0382631, 2.2927) 
(-0.38627, -1.35254) (2.08612, 2.09258) (-2.44102, 2.38573) (1.92485, -1.57853) (-0.717473, -1.74581) (0.0381614, 2.29914) 
(-0.347695, -1.37426) (2.08407, 2.09303) (-2.43872, 2.38343) (1.92485, -1.5785) (-0.727894, -1.75991) (0.0380631, 2.30098) 
(-0.318345, -1.39042) (2.08249, 2.09313) (-2.437, 2.38192) (1.92484, -1.57851) (-0.735941, -1.77166) (0.0381444, 2.30088) 
(-0.282841, -1.41369) (2.07925, 2.09369) (-2.43505, 2.38102) (1.92486, -1.5785) (-0.749557, -1.78486) (0.0382676, 2.30104) 
(-0.259543, -1.43588) (2.07676, 2.09577) (-2.43394, 2.38199) (1.92483, -1.57851) (-0.76326, -1.79719) (0.0382806, 2.30105) 
(-0.240848, -1.46094) (2.07542, 2.09824) (-2.43386, 2.3836) (1.92484, -1.57852) (-0.775951, -1.81296) (0.0381762, 2.30097) 
(-0.227483, -1.49419) (2.07443, 2.10056) (-2.43387, 2.38556) (1.92485, -1.57847) (-0.786141, -1.83168) (0.0381236, 2.30106) 
(-0.223059, -1.52995) (2.07316, 2.10224) (-2.43402, 2.38648) (1.92484, -1.57852) (-0.794024, -1.85135) (0.0381773, 2.30099) 
(-0.226412, -1.56821) (2.07212, 2.10256) (-2.43398, 2.38724) (1.92483, -1.57851) (-0.798378, -1.87194) (0.0382307, 2.30104) 
(-0.235354, -1.60268) (2.07099, 2.10191) (-2.43425, 2.38797) (1.92482, -1.57846) (-0.799293, -1.88991) (0.0381781, 2.301) 
(-0.254305, -1.65681) (2.06897, 2.10074) (-2.43422, 2.38843) (1.92482, -1.57848) (-0.797502, -1.9141) (0.0381608, 2.30098) 
(-0.273821, -1.70018) (2.06712, 2.09932) (-2.43405, 2.38883) (1.92484, -1.5785) (-0.791655, -1.93443) (0.0381471, 2.30102) 
(-0.288885, -1.7316) (2.06549, 2.09823) (-2.43382, 2.38898) (1.92485, -1.57848) (-0.785715, -1.95085) (0.0382227, 2.30098) 
(-0.306154, -1.76488) (2.06377, 2.09744) (-2.43354, 2.38824) (1.92481, -1.57848) (-0.773496, -1.97119) (0.0382113, 2.301) 
(-0.316441, -1.79408) (2.06231, 2.09767) (-2.43296, 2.38687) (1.92485, -1.5785) (-0.758623, -1.98878) (0.0381973, 2.301) 
(-0.320945, -1.81828) (2.06164, 2.09836) (-2.43271, 2.38667) (1.92483, -1.5785) (-0.741908, -2.00253) (0.0381832, 2.30097) 
(-0.32161, -1.84355) (2.06146, 2.09931) (-2.4325, 2.38773) (1.92484, -1.57852) (-0.72477, -2.01329) (0.0381835, 2.30097) 
(-0.316891, -1.86243) (2.06108, 2.10018) (-2.43225, 2.38834) (1.92484, -1.57853) (-0.706751, -2.01976) (0.0382156, 2.301) 
(-0.305222, -1.88606) (2.06091, 2.10051) (-2.43189, 2.38976) (1.92484, -1.57852) (-0.684083, -2.02505) (0.038223, 2.30099) 
(-0.293065, -1.90317) (2.06184, 2.10106) (-2.43128, 2.39022) (1.92485, -1.57852) (-0.667776, -2.0229) (0.038178, 2.30099) 
(-0.280784, -1.91778) (2.06406, 2.10204) (-2.43008, 2.39051) (1.92484, -1.57852) (-0.646983, -2.02375) (0.0381959, 2.30098) 
(-0.274595, -1.92435) (2.06626, 2.10182) (-2.42935, 2.39098) (1.92485, -1.57852) (-0.637109, -2.01575) (0.0381819, 2.30099) 
(-0.272016, -1.92775) (2.06851, 2.10116) (-2.42947, 2.39231) (1.92484, -1.57847) (-0.62416, -2.01905) (0.0382065, 2.30099) 
(-0.271597, -1.92656) (2.07121, 2.10043) (-2.43003, 2.39376) (1.92486, -1.57851) (-0.607067, -2.01517) (0.0382037, 2.301) 
(-0.272689, -1.9252) (2.07288, 2.10034) (-2.43008, 2.39438) (1.92484, -1.57846) (-0.595758, -2.01915) (0.0381572, 2.30098) 
(-0.277464, -1.92156) (2.07534, 2.10001) (-2.42973, 2.3943) (1.92483, -1.57851) (-0.579137, -2.02198) (0.038173, 2.30098) 
(-0.282761, -1.91956) (2.07662, 2.09984) (-2.42942, 2.39426) (1.92482, -1.57847) (-0.567618, -2.02795) (0.0381907, 2.30098) 
(-0.289778, -1.9195) (2.07661, 2.09939) (-2.42881, 2.39285) (1.92481, -1.57847) (-0.554758, -2.03548) (0.0381961, 2.30098) 
(-0.29544, -1.92034) (2.07649, 2.09863) (-2.42788, 2.39114) (1.92481, -1.57847) (-0.545502, -2.04494) (0.0381994, 2.30098) 
(-0.29877, -1.92367) (2.07684, 2.09749) (-2.42672, 2.38871) (1.92482, -1.57848) (-0.537021, -2.05312) (0.0381864, 2.30098) 
(-0.299956, -1.93051) (2.07751, 2.0959) (-2.42553, 2.38621) (1.92481, -1.5785) (-0.528861, -2.07169) (0.0381647, 2.30098) 
(-0.300332, -1.93706) (2.07781, 2.09444) (-2.42464, 2.38428) (1.92483, -1.5785) (-0.523281, -2.08576) (0.0382003, 2.30098) 
(-0.298583, -1.94184) (2.07806, 2.09317) (-2.42407, 2.38279) (1.92485, -1.57852) (-0.521562, -2.09929) (0.0381949, 2.30099) 
(-0.298784, -1.94581) (2.0788, 2.09218) (-2.42354, 2.38095) (1.92483, -1.57851) (-0.520413, -2.11289) (0.0381752, 2.30097) 
(-0.30004, -1.9481) (2.08009, 2.09178) (-2.42123, 2.38141) (1.9248, -1.57851) (-0.522843, -2.12652) (0.0381541, 2.30097) 
(-0.3031, -1.94869) (2.08121, 2.09176) (-2.41192, 2.38669) (1.92482, -1.57848) (-0.527082, -2.14294) (0.0381952, 2.30097) 
(-0.305412, -1.94898) (2.08196, 2.09135) (-2.40529, 2.38788) (1.92481, -1.57847) (-0.534542, -2.15744) (0.038183, 2.30098) 
(-0.307069, -1.95024) (2.08234, 2.09073) (-2.40246, 2.38567) (1.92483, -1.57851) (-0.542746, -2.16956) (0.0381912, 2.30097) 
(-0.307672, -1.95194) (2.08257, 2.08983) (-2.40157, 2.3846) (1.92485, -1.57851) (-0.55897, -2.17915) (0.0381841, 2.30097) 
(-0.306837, -1.9549) (2.0831, 2.08859) (-2.40079, 2.38254) (1.92482, -1.57852) (-0.577407, -2.19248) (0.0381723, 2.30097) 
(-0.304595, -1.95798) (2.08351, 2.08773) (-2.40076, 2.37974) (1.92483, -1.57848) (-0.599275, -2.2046) (0.0382038, 2.30096) 
(-0.300616, -1.96076) (2.08415, 2.08737) (-2.40121, 2.37509) (1.92482, -1.5785) (-0.623949, -2.22167) (0.0381647, 2.30097) 
(-0.297549, -1.96207) (2.08488, 2.0867) (-2.40449, 2.36993) (1.92481, -1.5785) (-0.643097, -2.23993) (0.038166, 2.30095) 
(-0.291741, -1.96423) (2.08518, 2.08546) (-2.4125, 2.35995) (1.92483, -1.57851) (-0.66727, -2.26011) (0.0381787, 2.30095) 
(-0.28649, -1.96801) (2.08503, 2.08411) (-2.42024, 2.34673) (1.92482, -1.57848) (-0.680075, -2.27978) (0.0381841, 2.30095) 
(-0.284241, -1.97197) (2.08499, 2.08247) (-2.43217, 2.33144) (1.92483, -1.57851) (-0.698436, -2.29385) (0.0381982, 2.30095) 
(-0.284438, -1.97554) (2.08521, 2.08125) (-2.4474, 2.3154) (1.92483, -1.57848) (-0.716924, -2.30094) (0.0382015, 2.30096) 
(-0.284488, -1.97962) (2.0852, 2.0798) (-2.47082, 2.29189) (1.92481, -1.57852) (-0.737967, -2.31389) (0.0381754, 2.30096) 
(-0.285667, -1.98221) (2.08529, 2.07844) (-2.49564, 2.27116) (1.92481, -1.57851) (-0.758173, -2.31801) (0.0381877, 2.30095) 
(-0.287147, -1.98405) (2.08538, 2.07737) (-2.52806, 2.24415) (1.92482, -1.57847) (-0.775648, -2.33304) (0.038171, 2.30096) 
(-0.288012, -1.98446) (2.08593, 2.07736) (-2.55623, 2.21835) (1.92481, -1.5785) (-0.792862, -2.34582) (0.038173, 2.30096) 
(-0.288153, -1.98455) (2.08683, 2.07814) (-2.5817, 2.1897) (1.92483, -1.57847) (-0.806181, -2.36327) (0.0382051, 2.30097) 
(-0.287859, -1.98556) (2.08765, 2.07925) (-2.59966, 2.16429) (1.92485, -1.5785) (-0.815788, -2.37714) (0.0381961, 2.30096) 
(-0.286047, -1.98913) (2.08929, 2.08085) (-2.61983, 2.14151) (1.9248, -1.57848) (-0.825669, -2.40026) (0.0381924, 2.30095) 
(-0.284313, -1.99247) (2.0908, 2.08244) (-2.63844, 2.12826) (1.92485, -1.5785) (-0.830702, -2.42178) (0.0381844, 2.30096) 
(-0.282435, -1.99392) (2.09202, 2.08404) (-2.65587, 2.11888) (1.9248, -1.57847) (-0.833157, -2.44257) (0.0381776, 2.30096) 
(-0.280784, -1.99485) (2.0927, 2.08499) (-2.6655, 2.10463) (1.92482, -1.57851) (-0.831074, -2.46425) (0.0381911, 2.30096) 
(-0.279113, -1.99694) (2.09317, 2.08575) (-2.66879, 2.08984) (1.92482, -1.57848) (-0.82888, -2.48039) (0.0381882, 2.30096) 
(-0.277496, -2.00106) (2.09361, 2.08663) (-2.66457, 2.06804) (1.92479, -1.5785) (-0.819695, -2.50435) (0.0381608, 2.30095) 
(-0.275089, -2.00299) (2.09357, 2.08686) (-2.65208, 2.05) (1.92479, -1.57851) (-0.809874, -2.52038) (0.0381835, 2.30095) 
(-0.268165, -2.00214) (2.09285, 2.08751) (-2.61802, 2.0232) (1.92483, -1.57851) (-0.792338, -2.53963) (0.0381737, 2.30095) 
(-0.2512, -1.99536) (2.0919, 2.08817) (-2.57468, 2.00589) (1.92481, -1.57852) (-0.774863, -2.55349) (0.0381764, 2.30095) 
(-0.229329, -1.98852) (2.09051, 2.08887) (-2.5233, 1.99316) (1.92482, -1.57848) (-0.755376, -2.56221) (0.0381944, 2.30094) 
(-0.219712, -1.98609) (2.08962, 2.09014) (-2.47575, 1.98323) (1.92481, -1.5785) (-0.737599, -2.57118) (0.0381767, 2.30095) 
(-0.219341, -1.98797) (2.08921, 2.0921) (-2.44357, 1.97265) (1.9248, -1.57849) (-0.714582, -2.56783) (0.038159, 2.30095) 
(-0.234317, -1.99744) (2.08956, 2.09467) (-2.41473, 1.96062) (1.92482, -1.57847) (-0.695376, -2.5773) (0.0381959, 2.30096) 
(-0.256903, -2.00832) (2.08976, 2.09649) (-2.39465, 1.95155) (1.92482, -1.57851) (-0.677637, -2.57174) (0.0381702, 2.30095) 
(-0.268295, -2.02064) (2.09006, 2.09795) (-2.37937, 1.94562) (1.9248, -1.57851) (-0.654251, -2.53723) (0.0381785, 2.30094) 
(-0.269524, -2.0317) (2.09016, 2.09924) (-2.37073, 1.94294) (1.92483, -1.57851) (-0.633355, -2.49236) (0.0382065, 2.30095) 
(-0.271532, -2.0403) (2.09022, 2.10057) (-2.36367, 1.93937) (1.92481, -1.57849) (-0.627318, -2.49664) (0.038185, 2.30095) 
(-0.273792, -2.04812) (2.0907, 2.10206) (-2.36027, 1.93493) (1.9248, -1.57849) (-0.630745, -2.52372) (0.038182, 2.30095) 
(-0.278741, -2.05737) (2.09117, 2.10332) (-2.36087, 1.92775) (1.92481, -1.57851) (-0.620313, -2.52884) (0.038178, 2.30095) 
(-0.28558, -2.06662) (2.09144, 2.1046) (-2.36363, 1.92216) (1.92482, -1.57849) (-0.61308, -2.52089) (0.0381845, 2.30095) 
(-0.339058, -2.11637) (2.09099, 2.10684) (-2.37997, 1.9135) (1.92483, -1.57848) (-0.605536, -2.48141) (0.0382036, 2.30094) 
(-0.380488, -2.14647) (2.08972, 2.1072) (-2.39142, 1.9133) (1.92481, -1.57849) (-0.60106, -2.47523) (0.0381891, 2.30095) 
(-0.446464, -2.18216) (2.08809, 2.10752) (-2.41373, 1.916) (1.92479, -1.57848) (-0.602495, -2.46739) (0.0381757, 2.30095) 
(-0.511683, -2.20432) (2.08783, 2.10852) (-2.43824, 1.92216) (1.92483, -1.57851) (-0.602383, -2.46796) (0.0381764, 2.30094) 
(-0.562814, -2.21868) (2.08752, 2.1088) (-2.45664, 1.93171) (1.92482, -1.57848) (-0.603171, -2.46901) (0.0381987, 2.30093) 
(-0.607965, -2.23063) (2.08679, 2.10856) (-2.48186, 1.94272) (1.92479, -1.57848) (-0.602868, -2.46961) (0.0381912, 2.30094) 
(-0.636801, -2.23447) (2.08516, 2.10689) (-2.50679, 1.95031) (1.92481, -1.57847) (-0.603077, -2.47007) (0.0381914, 2.30094) 
(-0.650149, -2.22915) (2.08453, 2.10725) (-2.52855, 1.95142) (1.92482, -1.5785) (-0.603248, -2.47057) (0.038188, 2.30093) 
(-0.655972, -2.21762) (2.08574, 2.10947) (-2.55562, 1.95395) (1.92481, -1.57851) (-0.603541, -2.47121) (0.0381808, 2.30093) 
(-0.653462, -2.19955) (2.08568, 2.10926) (-2.58166, 1.95259) (1.92481, -1.57848) (-0.603638, -2.47176) (0.0381791, 2.30094) 
(-0.646365, -2.16948) (2.08331, 2.10833) (-2.60638, 1.95431) (1.9248, -1.57847) (-0.603623, -2.47267) (0.0381639, 2.30093) 
(-0.639796, -2.1447) (2.08326, 2.10937) (-2.60975, 1.95048) (1.92479, -1.57849) (-0.604326, -2.47337) (0.0381668, 2.30094) 
(-0.627275, -2.10922) (2.08508, 2.11132) (-2.60613, 1.93034) (1.92481, -1.5785) (-0.604393, -2.47447) (0.0381709, 2.30093) 
(-0.614399, -2.08307) (2.08747, 2.11329) (-2.59344, 1.91365) (1.9248, -1.57851) (-0.6047, -2.47531) (0.0381775, 2.30093) 
(-0.601935, -2.06598) (2.09007, 2.1154) (-2.56513, 1.9046) (1.92481, -1.57847) (-0.605207, -2.47588) (0.0381931, 2.30094) 
(-0.591727, -2.06091) (2.09252, 2.11591) (-2.53201, 1.89871) (1.9248, -1.57847) (-0.604692, -2.47674) (0.0381739, 2.30094) 
(-0.584304, -2.05789) (2.09438, 2.11588) (-2.49685, 1.88975) (1.92479, -1.57849) (-0.605454, -2.47777) (0.0381698, 2.30094) 
(-0.578546, -2.05786) (2.09656, 2.11639) (-2.46395, 1.87552) (1.92482, -1.5785) (-0.605826, -2.47889) (0.0381795, 2.30095) 
(-0.574756, -2.06456) (2.09821, 2.11744) (-2.4385, 1.85527) (1.92479, -1.57848) (-0.606065, -2.47957) (0.0381724, 2.30094) 
(-0.573937, -2.07729) (2.09935, 2.11849) (-2.42201, 1.82578) (1.92482, -1.57851) (-0.606232, -2.48026) (0.0381855, 2.30094) 
(-0.576381, -2.09362) (2.10056, 2.11995) (-2.41987, 1.79129) (1.92479, -1.57849) (-0.606349, -2.48111) (0.0381717, 2.30094) 
(-0.577776, -2.10818) (2.10158, 2.12137) (-2.42974, 1.7606) (1.9248, -1.5785) (-0.606473, -2.48195) (0.0381859, 2.30094) 
(-0.577657, -2.12462) (2.103, 2.12266) (-2.45618, 1.71534) (1.92483, -1.5785) (-0.606758, -2.48317) (0.0381702, 2.30093) 
(-0.578132, -2.134) (2.10425, 2.1235) (-2.48551, 1.67327) (1.92481, -1.5785) (-0.606775, -2.4838) (0.0381766, 2.30093) 
(-0.579031, -2.14248) (2.10492, 2.12462) (-2.51158, 1.62996) (1.92479, -1.57848) (-0.607465, -2.48444) (0.0381774, 2.30095) 
(-0.579251, -2.14936) (2.10499, 2.12522) (-2.53122, 1.59386) (1.92479, -1.57848) (-0.606874, -2.48514) (0.0381817, 2.30095) 
(-0.580147, -2.15447) (2.10418, 2.12476) (-2.54865, 1.56268) (1.92482, -1.57851) (-0.607102, -2.48606) (0.0381859, 2.30093) 
(-0.581459, -2.15687) (2.10335, 2.12418) (-2.5632, 1.54358) (1.92481, -1.57848) (-0.607771, -2.48767) (0.0381772, 2.30094) 
(-0.58371, -2.1579) (2.10239, 2.12291) (-2.57588, 1.53411) (1.92481, -1.57849) (-0.607583, -2.48823) (0.03818, 2.30093) 
(-0.58616, -2.15822) (2.1011, 2.12084) (-2.58337, 1.52828) (1.92482, -1.57847) (-0.607713, -2.48945) (0.0381726, 2.30094) 
(-0.589174, -2.15731) (2.09959, 2.11877) (-2.59138, 1.51986) (1.92479, -1.57848) (-0.603796, -2.49622) (0.0381723, 2.30093) 
(-0.592457, -2.15562) (2.09849, 2.11635) (-2.60095, 1.5118) (1.92482, -1.5785) (-0.601352, -2.5004) (0.0381806, 2.30093) 
(-0.593996, -2.15293) (2.09773, 2.11367) (-2.60858, 1.50886) (1.92481, -1.57851) (-0.600039, -2.50303) (0.0381899, 2.30093) 
(-0.596886, -2.1518) (2.09706, 2.11099) (-2.61371, 1.51023) (1.92481, -1.57851) (-0.599148, -2.50521) (0.0381818, 2.30093) 
(-0.604409, -2.15038) (2.09629, 2.10843) (-2.6155, 1.5134) (1.92481, -1.57849) (-0.596614, -2.50852) (0.038187, 2.30093) 
(-0.612609, -2.14556) (2.0954, 2.10556) (-2.61454, 1.51552) (1.92479, -1.57848) (-0.594399, -2.51352) (0.038165, 2.30093) 
(-0.619627, -2.13965) (2.09462, 2.10288) (-2.61409, 1.51368) (1.92479, -1.57851) (-0.590661, -2.52072) (0.0381746, 2.30093) 
(-0.624061, -2.13465) (2.09408, 2.10084) (-2.61627, 1.51092) (1.92481, -1.57851) (-0.58724, -2.52628) (0.0382033, 2.30093) 
(-0.623188, -2.13183) (2.09406, 2.0994) (-2.61742, 1.50934) (1.9248, -1.5785) (-0.586557, -2.52881) (0.0381682, 2.30093) 
(-0.617773, -2.13458) (2.09445, 2.09852) (-2.61795, 1.50924) (1.92479, -1.57848) (-0.587812, -2.53058) (0.038164, 2.30092) 
(-0.609613, -2.13714) (2.09501, 2.09803) (-2.61889, 1.509) (1.92482, -1.57851) (-0.584059, -2.53109) (0.0381818, 2.30093) 
(-0.604161, -2.13579) (2.09523, 2.09814) (-2.6205, 1.5079) (1.92479, -1.5785) (-0.585189, -2.53365) (0.0381653, 2.30092) 
(-0.601196, -2.13317) (2.0957, 2.09848) (-2.62303, 1.50698) (1.9248, -1.57849) (-0.585546, -2.53349) (0.0381851, 2.30094) 
(-0.59672, -2.13242) (2.09638, 2.09929) (-2.62555, 1.50633) (1.92483, -1.5785) (-0.586495, -2.53427) (0.038179, 2.30093) 
(-0.591579, -2.13178) (2.09741, 2.10125) (-2.62839, 1.50377) (1.9248, -1.57851) (-0.587627, -2.53336) (0.0381756, 2.30093) 
(-0.587903, -2.13064) (2.09818, 2.10349) (-2.63268, 1.50033) (1.9248, -1.57852) (-0.589369, -2.53214) (0.0381671, 2.30093) 
(-0.585062, -2.12836) (2.09897, 2.10555) (-2.63976, 1.49718) (1.9248, -1.57849) (-0.592099, -2.53334) (0.0381819, 2.30092) 
(-0.582213, -2.12468) (2.09962, 2.10867) (-2.64759, 1.49981) (1.92478, -1.57848) (-0.596645, -2.52097) (0.0381701, 2.30093) 
(-0.579483, -2.12461) (2.1005, 2.11125) (-2.64748, 1.51484) (1.92482, -1.57851) (-0.604433, -2.50362) (0.0381727, 2.30091) 
(-0.577888, -2.12304) (2.1014, 2.11362) (-2.64587, 1.52893) (1.92479, -1.57848) (-0.617433, -2.48633) (0.0381661, 2.30093) 
(-0.57863, -2.11893) (2.10183, 2.1154) (-2.64513, 1.53723) (1.92479, -1.57847) (-0.623786, -2.48054) (0.0381745, 2.30092) 
(-0.580697, -2.11851) (2.10259, 2.11765) (-2.64465, 1.54212) (1.92481, -1.5785) (-0.625022, -2.46809) (0.0381881, 2.30092) 
(-0.582824, -2.121) (2.10312, 2.11929) (-2.64421, 1.54427) (1.9248, -1.5785) (-0.626474, -2.44869) (0.03819, 2.30094) 
(-0.582877, -2.12535) (2.10379, 2.1202) (-2.64384, 1.5463) (1.92479, -1.57849) (-0.636041, -2.42706) (0.0381879, 2.30093) 
(-0.583961, -2.13089) (2.10446, 2.12054) (-2.64345, 1.55019) (1.92482, -1.5785) (-0.659017, -2.39869) (0.0381963, 2.30093) 
(-0.586337, -2.13346) (2.10515, 2.12057) (-2.64341, 1.55343) (1.92479, -1.57847) (-0.680628, -2.38042) (0.0381726, 2.30093) 
(-0.586087, -2.13243) (2.10636, 2.11987) (-2.64227, 1.55685) (1.92479, -1.5785) (-0.703849, -2.3632) (0.0381817, 2.30093) 
(-0.580999, -2.14063) (2.10714, 2.11904) (-2.64159, 1.56002) (1.92482, -1.57849) (-0.725955, -2.33256) (0.0381849, 2.30092) 
(-0.570666, -2.15627) (2.10846, 2.11829) (-2.64099, 1.56247) (1.92478, -1.57851) (-0.737144, -2.30399) (0.0381802, 2.30093) 
(-0.559018, -2.17349) (2.10983, 2.11769) (-2.64037, 1.5636) (1.92481, -1.57848) (-0.740287, -2.28391) (0.0381996, 2.30092) 
(-0.546466, -2.19176) (2.11122, 2.11696) (-2.63987, 1.56254) (1.92479, -1.5785) (-0.742177, -2.2645) (0.038171, 2.30092) 
(-0.534715, -2.20632) (2.11207, 2.11583) (-2.6402, 1.55981) (1.92479, -1.57849) (-0.745917, -2.25142) (0.0381835, 2.30093) 
(-0.531179, -2.21943) (2.11248, 2.11471) (-2.64152, 1.5557) (1.92482, -1.57849) (-0.746664, -2.24305) (0.0381952, 2.30092) 
(-0.53111, -2.23034) (2.11292, 2.11363) (-2.64062, 1.55344) (1.92478, -1.5785) (-0.747644, -2.23898) (0.0381585, 2.30092) 
(-0.530537, -2.23627) (2.11363, 2.1132) (-2.63797, 1.55409) (1.92478, -1.57848) (-0.744707, -2.23911) (0.0381803, 2.30092) 
(-0.531631, -2.23797) (2.11417, 2.11274) (-2.63378, 1.55709) (1.92479, -1.5785) (-0.743306, -2.2438) (0.0381835, 2.30092) 
(-0.537571, -2.23325) (2.11457, 2.11182) (-2.62904, 1.5618) (1.92479, -1.57847) (-0.73856, -2.24156) (0.0381769, 2.30093) 
(-0.550809, -2.21786) (2.11598, 2.11029) (-2.62571, 1.56336) (1.92479, -1.57848) (-0.736607, -2.24371) (0.0381781, 2.30093) 
(-0.560444, -2.20071) (2.11818, 2.1082) (-2.62132, 1.56228) (1.92481, -1.57846) (-0.734738, -2.2447) (0.0382038, 2.30093) 
(-0.568667, -2.1823) (2.11976, 2.10518) (-2.61163, 1.56336) (1.92481, -1.5785) (-0.734125, -2.24496) (0.0381983, 2.30093) 
(-0.577123, -2.16361) (2.12223, 2.1017) (-2.60112, 1.56922) (1.92479, -1.57848) (-0.732789, -2.2442) (0.0381796, 2.30092) 
(-0.582328, -2.15078) (2.1242, 2.0985) (-2.59025, 1.57492) (1.92479, -1.57848) (-0.730705, -2.24478) (0.0381809, 2.30092) 
(-0.589301, -2.13728) (2.12459, 2.09625) (-2.56804, 1.58097) (1.92477, -1.57846) (-0.724818, -2.24539) (0.0381702, 2.30092) 
(-0.593013, -2.12291) (2.12628, 2.0949) (-2.5434, 1.59185) (1.92479, -1.57847) (-0.71912, -2.24631) (0.0381926, 2.30093) 
(-0.590179, -2.11526) (2.13288, 2.0925) (-2.51412, 1.61959) (1.92477, -1.57849) (-0.713936, -2.24509) (0.0381703, 2.30092) 
(-0.583845, -2.11413) (2.14127, 2.08855) (-2.48164, 1.65511) (1.92478, -1.57849) (-0.711946, -2.24255) (0.0381765, 2.30093) 
(-0.573513, -2.11773) (2.14708, 2.08613) (-2.44948, 1.69639) (1.92481, -1.57847) (-0.708571, -2.23811) (0.0381823, 2.30091) 
(-0.560513, -2.12886) (2.14972, 2.08631) (-2.41884, 1.75045) (1.92479, -1.57847) (-0.708299, -2.23764) (0.0381814, 2.30092) 
(-0.544288, -2.14821) (2.15013, 2.08579) (-2.39793, 1.80766) (1.92481, -1.57852) (-0.707604, -2.23767) (0.0382026, 2.30092) 
(-0.527093, -2.1704) (2.14911, 2.08464) (-2.3899, 1.85044) (1.92481, -1.57847) (-0.708031, -2.23929) (0.0381873, 2.30093) 
(-0.505301, -2.1926) (2.15028, 2.08326) (-2.37793, 1.89401) (1.92479, -1.5785) (-0.707727, -2.23827) (0.0381812, 2.30092) 
(-0.484046, -2.21066) (2.1529, 2.08321) (-2.36188, 1.92816) (1.92477, -1.57848) (-0.707644, -2.23773) (0.0381497, 2.30091) 
(-0.456885, -2.23346) (2.15404, 2.08755) (-2.32755, 1.96325) (1.92479, -1.57847) (-0.707618, -2.2378) (0.0381767, 2.30093) 
(-0.439315, -2.24801) (2.15414, 2.09245) (-2.28713, 1.97506) (1.92477, -1.57849) (-0.70763, -2.23787) (0.0381914, 2.30092) 
(-0.427456, -2.25916) (2.14841, 2.09835) (-2.24094, 1.98163) (1.92481, -1.57847) (-0.707604, -2.23785) (0.0382049, 2.30094) 
(-0.421286, -2.26513) (2.14233, 2.10304) (-2.20253, 1.97899) (1.92478, -1.57849) (-0.70765, -2.23778) (0.03818, 2.30092) 
(-0.418017, -2.27536) (2.13431, 2.11097) (-2.13294, 1.96464) (1.92478, -1.57848) (-0.707463, -2.23784) (0.0381745, 2.30092) 
(-0.41883, -2.2791) (2.1328, 2.11689) (-2.09808, 1.95337) (1.92479, -1.57851) (-0.707386, -2.23783) (0.03817, 2.30092) 
(-0.42458, -2.27876) (2.13385, 2.1225) (-2.05475, 1.95321) (1.92479, -1.57851) (-0.707463, -2.23782) (0.0381812, 2.30092) 
(-0.433508, -2.272) (2.13191, 2.12349) (-2.03683, 1.96046) (1.92478, -1.57848) (-0.707616, -2.23798) (0.0381716, 2.30092) 
(-0.444913, -2.26138) (2.13183, 2.12064) (-2.01648, 1.97592) (1.9248, -1.57848) (-0.709891, -2.24188) (0.0381737, 2.30092) 
(-0.45417, -2.25645) (2.13233, 2.11386) (-1.98889, 1.99772) (1.92477, -1.57847) (-0.707513, -2.23926) (0.0381638, 2.30091) 
(-0.465591, -2.25387) (2.13187, 2.10382) (-1.95825, 2.0229) (1.9248, -1.57848) (-0.709158, -2.24199) (0.0381887, 2.30092) 
(-0.475315, -2.25525) (2.13018, 2.09818) (-1.92763, 2.05101) (1.92479, -1.57849) (-0.707626, -2.2413) (0.0381896, 2.30092) 
(-0.482392, -2.25561) (2.12823, 2.10019) (-1.89874, 2.08266) (1.92479, -1.57851) (-0.709258, -2.24209) (0.038167, 2.30092) 
(-0.48426, -2.25715) (2.12805, 2.10191) (-1.87583, 2.10711) (1.92479, -1.57848) (-0.709069, -2.2417) (0.0381646, 2.30091) 
(-0.479933, -2.2546) (2.1284, 2.10442) (-1.85904, 2.12665) (1.92478, -1.57848) (-0.706462, -2.24024) (0.0381803, 2.30092) 
(-0.475584, -2.25541) (2.12975, 2.10854) (-1.85108, 2.13533) (1.92477, -1.57848) (-0.703895, -2.23542) (0.0381676, 2.30092) 
(-0.470601, -2.26098) (2.13061, 2.10991) (-1.85396, 2.14148) (1.92479, -1.57848) (-0.711746, -2.22267) (0.0382052, 2.30091) 
(-0.461064, -2.26346) (2.13106, 2.10958) (-1.85956, 2.14239) (1.92477, -1.57847) (-0.720215, -2.21571) (0.038165, 2.30092) 
(-0.456299, -2.26154) (2.12904, 2.11187) (-1.8689, 2.13945) (1.92478, -1.5785) (-0.72549, -2.20984) (0.0381737, 2.30092) 
(-0.456539, -2.25964) (2.12874, 2.11386) (-1.88826, 2.13807) (1.92477, -1.57849) (-0.730623, -2.19841) (0.038169, 2.30091) 
(-0.457405, -2.25895) (2.13226, 2.11567) (-1.92637, 2.14299) (1.92479, -1.57851) (-0.738059, -2.18858) (0.0381718, 2.30092) 
(-0.464943, -2.25528) (2.14471, 2.1305) (-1.97584, 2.14485) (1.92478, -1.57848) (-0.741983, -2.18441) (0.0381911, 2.30092) 
(-0.468926, -2.25052) (2.14962, 2.15792) (-2.02029, 2.13774) (1.92477, -1.57848) (-0.743825, -2.18076) (0.0381857, 2.30091) 
(-0.472647, -2.24394) (2.15454, 2.18998) (-2.07224, 2.12408) (1.92479, -1.57847) (-0.741907, -2.19334) (0.0381896, 2.30092) 
(-0.475854, -2.2341) (2.15686, 2.22271) (-2.13519, 2.10172) (1.92479, -1.57848) (-0.741116, -2.2369) (0.0381904, 2.3009) 
(-0.474101, -2.2271) (2.1508, 2.22546) (-2.17334, 2.08607) (1.92478, -1.57847) (-0.738545, -2.27008) (0.0381807, 2.30092) 
(-0.474027, -2.21875) (2.11951, 2.1874) (-2.19893, 2.08057) (1.92477, -1.57848) (-0.735598, -2.3079) (0.0381907, 2.30091) 
(-0.478487, -2.20892) (2.05347, 2.09289) (-2.21713, 2.07608) (1.9248, -1.57847) (-0.736644, -2.33879) (0.0381873, 2.30091) 
(-0.481991, -2.20209) (1.97137, 1.97766) (-2.22684, 2.07141) (1.92479, -1.57847) (-0.732211, -2.35203) (0.0381877, 2.30092) 
(-0.485586, -2.19646) (1.88848, 1.8723) (-2.22914, 2.06176) (1.92478, -1.57848) (-0.724677, -2.35792) (0.0381926, 2.30092) 
(-0.488285, -2.19286) (1.82489, 1.79402) (-2.22457, 2.04618) (1.92477, -1.57848) (-0.724222, -2.35806) (0.0381762, 2.30091) 
(-0.486945, -2.18791) (1.78428, 1.74054) (-2.21137, 2.02192) (1.92476, -1.57847) (-0.719581, -2.34285) (0.0381822, 2.30092) 
(-0.482415, -2.18494) (1.78922, 1.72265) (-2.19025, 2.00019) (1.92478, -1.57851) (-0.713845, -2.31591) (0.0381758, 2.30091) 
(-0.474729, -2.18756) (1.80643, 1.72407) (-2.16056, 1.98473) (1.92479, -1.57851) (-0.714361, -2.29448) (0.038188, 2.30091) 
(-0.46705, -2.19439) (1.82562, 1.73281) (-2.12634, 1.97095) (1.92478, -1.57848) (-0.715289, -2.2718) (0.0381795, 2.30091) 
(-0.464752, -2.20486) (1.82715, 1.74987) (-2.09701, 1.95799) (1.92477, -1.57846) (-0.721984, -2.24825) (0.038185, 2.3009) 
(-0.469068, -2.21749) (1.82201, 1.75651) (-2.06933, 1.94216) (1.92479, -1.57848) (-0.732959, -2.22468) (0.0381891, 2.30091) 
(-0.479255, -2.22895) (1.82274, 1.76413) (-2.03893, 1.92137) (1.92479, -1.5785) (-0.739826, -2.19921) (0.0381796, 2.30092) 
(-0.489514, -2.23564) (1.83218, 1.77049) (-2.01653, 1.89824) (1.92478, -1.57848) (-0.743678, -2.18246) (0.0381627, 2.30091) 
(-0.501045, -2.23774) (1.84606, 1.76741) (-1.99473, 1.86985) (1.92479, -1.57847) (-0.744664, -2.17383) (0.0381882, 2.30091) 
(-0.51387, -2.23685) (1.87746, 1.76105) (-1.9779, 1.84405) (1.92477, -1.57851) (-0.745281, -2.16584) (0.0381774, 2.30091) 
(-0.522928, -2.23381) (1.90496, 1.77131) (-1.96453, 1.81817) (1.9248, -1.57852) (-0.744116, -2.16591) (0.0381704, 2.3009) 
(-0.529719, -2.23177) (1.91884, 1.78346) (-1.9523, 1.78796) (1.92478, -1.57848) (-0.739366, -2.16923) (0.0381746, 2.30089) 
(-0.534757, -2.23262) (1.91666, 1.797) (-1.94016, 1.73684) (1.92478, -1.5785) (-0.733422, -2.1691) (0.0381751, 2.30091) 
(-0.541621, -2.23389) (1.91755, 1.81346) (-1.93288, 1.67234) (1.92478, -1.57848) (-0.731198, -2.15766) (0.0381825, 2.30091) 
(-0.545348, -2.23212) (1.91868, 1.8114) (-1.93023, 1.58541) (1.92479, -1.57848) (-0.726981, -2.14153) (0.0381728, 2.30091) 
(-0.551885, -2.22959) (1.91382, 1.8164) (-1.93329, 1.48596) (1.92478, -1.57848) (-0.719992, -2.14253) (0.0381777, 2.30091) 
(-0.552649, -2.23005) (1.90495, 1.82845) (-1.94456, 1.3459) (1.92479, -1.57847) (-0.716324, -2.15125) (0.0381939, 2.30092) 
(-0.545191, -2.23345) (1.9017, 1.83663) (-1.95672, 1.22215) (1.92479, -1.57848) (-0.715639, -2.15234) (0.0381927, 2.30091) 
(-0.535869, -2.24133) (1.89851, 1.84239) (-1.9698, 1.08566) (1.9248, -1.57847) (-0.709859, -2.1456) (0.0381758, 2.3009) 
(-0.528326, -2.25226) (1.89348, 1.85045) (-1.96935, 0.957833) (1.92478, -1.57847) (-0.710844, -2.14568) (0.0381734, 2.30091) 
(-0.523913, -2.26005) (1.8902, 1.85583) (-1.96073, 0.834708) (1.92478, -1.57847) (-0.709659, -2.14529) (0.0381621, 2.30092) 
(-0.521418, -2.26428) (1.88874, 1.86119) (-1.94838, 0.703951) (1.92478, -1.57848) (-0.709637, -2.14596) (0.0381838, 2.30091) 
(-0.514479, -2.26793) (1.88603, 1.87282) (-1.9258, 0.541313) (1.9248, -1.57846) (-0.709603, -2.14559) (0.0381858, 2.30091) 
(-0.506978, -2.2707) (1.8831, 1.88233) (-1.90424, 0.39113) (1.92478, -1.5785) (-0.709888, -2.14568) (0.0381803, 2.3009) 
(-0.501177, -2.26947) (1.87368, 1.89515) (-1.90281, 0.22221) (1.92479, -1.57848) (-0.710059, -2.14565) (0.0381747, 2.3009) 
(-0.499144, -2.26415) (1.87779, 1.89023) (-1.90836, 0.069978) (1.9248, -1.5785) (-0.709933, -2.14619) (0.0381977, 2.3009) 
(-0.498271, -2.254) (1.88984, 1.8706) (-1.91973, -0.117961) (1.92477, -1.57848) (-0.710962, -2.14661) (0.0381721, 2.3009) 
(-0.496657, -2.24693) (1.89474, 1.86736) (-1.932, -0.293577) (1.9248, -1.57851) (-0.712936, -2.1492) (0.0381772, 2.30092) 
(-0.493176, -2.24199) (1.89366, 1.86866) (-1.92629, -0.436997) (1.9248, -1.5785) (-0.714076, -2.14917) (0.0381713, 2.3009) 
(-0.493988, -2.24238) (1.88786, 1.87161) (-1.88503, -0.620099) (1.92477, -1.57851) (-0.710784, -2.15185) (0.0381706, 2.3009) 
(-0.494759, -2.24377) (1.88649, 1.86904) (-1.84163, -0.763752) (1.92479, -1.57848) (-0.709315, -2.15085) (0.038192, 2.3009) 
(-0.491309, -2.24033) (1.88829, 1.86154) (-1.79862, -0.905247) (1.92479, -1.57847) (-0.717193, -2.15365) (0.0381818, 2.30091) 
(-0.485393, -2.23528) (1.88646, 1.85841) (-1.7549, -1.04237) (1.92477, -1.57848) (-0.712867, -2.15588) (0.0381678, 2.3009) 
(-0.485641, -2.2342) (1.88581, 1.85511) (-1.70849, -1.19554) (1.92479, -1.57847) (-0.710168, -2.16508) (0.0381969, 2.30092) 
(-0.481625, -2.2349) (1.88481, 1.8529) (-1.67138, -1.33035) (1.92476, -1.57848) (-0.707137, -2.17114) (0.0381632, 2.30091) 
(-0.475481, -2.23507) (1.87852, 1.85675) (-1.62944, -1.46212) (1.92478, -1.57848) (-0.696997, -2.17621) (0.0381882, 2.3009) 
(-0.469726, -2.2322) (1.87664, 1.85775) (-1.57243, -1.60541) (1.92479, -1.57846) (-0.693138, -2.17536) (0.0381949, 2.30091) 
(-0.463072, -2.22836) (1.87721, 1.85714) (-1.49886, -1.74261) (1.92475, -1.5785) (-0.691591, -2.16693) (0.0381753, 2.3009) 
(-0.459185, -2.22488) (1.87948, 1.85311) (-1.41518, -1.84946) (1.92477, -1.57851) (-0.689926, -2.16628) (0.0381586, 2.30091) 
(-0.458535, -2.22053) (1.87968, 1.85273) (-1.31172, -1.9338) (1.92479, -1.57847) (-0.680197, -2.17293) (0.038197, 2.3009) 
(-0.454867, -2.22075) (1.88564, 1.84767) (-1.19744, -2.00875) (1.92479, -1.57851) (-0.67642, -2.17479) (0.0381883, 2.30091) 
(-0.449872, -2.22163) (1.88726, 1.84264) (-1.12458, -2.06193) (1.9248, -1.57848) (-0.674224, -2.16928) (0.0381909, 2.3009) 
(-0.451575, -2.2229) (1.88454, 1.84923) (-1.07203, -2.11756) (1.92478, -1.57846) (-0.677498, -2.16262) (0.0381912, 2.30091) 
(-0.454873, -2.22423) (1.8909, 1.84681) (-1.04596, -2.16661) (1.92475, -1.57847) (-0.68496, -2.16594) (0.0381617, 2.3009) 
(-0.459277, -2.22369) (1.90069, 1.83618) (-1.03804, -2.20293) (1.9248, -1.57849) (-0.691768, -2.16491) (0.0381945, 2.3009) 
(-0.465692, -2.22506) (1.90237, 1.8245) (-1.03237, -2.23757) (1.92479, -1.57849) (-0.687059, -2.16927) (0.038181, 2.3009) 
(-0.467373, -2.22796) (1.90052, 1.80163) (-1.03625, -2.27614) (1.92478, -1.57847) (-0.680716, -2.17303) (0.0381822, 2.3009) 
(-0.461512, -2.2319) (1.88137, 1.79268) (-1.03968, -2.30995) (1.92479, -1.57849) (-0.678421, -2.17122) (0.0381931, 2.3009) 
(-0.456802, -2.23501) (1.85599, 1.78965) (-1.03835, -2.33261) (1.92481, -1.57849) (-0.680472, -2.16826) (0.0381925, 2.30091) 
(-0.455684, -2.23696) (1.83668, 1.78753) (-1.03805, -2.34775) (1.92477, -1.57847) (-0.678991, -2.16787) (0.0381797, 2.3009) 
(-0.459017, -2.2342) (1.83286, 1.79516) (-1.04511, -2.35282) (1.92479, -1.57847) (-0.681774, -2.17248) (0.0381794, 2.3009) 
(-0.463176, -2.23066) (1.83191, 1.80332) (-1.05439, -2.3571) (1.92479, -1.57847) (-0.685152, -2.1758) (0.0382007, 2.3009) 
(-0.471861, -2.22906) (1.82995, 1.8082) (-1.06679, -2.35943) (1.92477, -1.57847) (-0.689105, -2.17879) (0.0381745, 2.3009) 
(-0.487774, -2.23114) (1.82696, 1.80562) (-1.07592, -2.34371) (1.92478, -1.57849) (-0.695313, -2.17968) (0.0381685, 2.3009) 
(-0.501879, -2.23055) (1.82445, 1.80339) (-1.07483, -2.30661) (1.92476, -1.5785) (-0.698833, -2.18091) (0.038172, 2.3009) 
(-0.509514, -2.22753) (1.82336, 1.79527) (-1.06723, -2.2617) (1.92479, -1.57848) (-0.696348, -2.18566) (0.0381861, 2.30088) 
(-0.51398, -2.22184) (1.81553, 1.79194) (-1.07086, -2.21849) (1.92476, -1.57846) (-0.691514, -2.19334) (0.0381732, 2.3009) 
(-0.516692, -2.21514) (1.81065, 1.79511) (-1.0898, -2.19336) (1.92475, -1.57848) (-0.684496, -2.19707) (0.0381741, 2.3009) 
(-0.522321, -2.21197) (1.80895, 1.80513) (-1.12349, -2.17445) (1.92479, -1.57849) (-0.670253, -2.19189) (0.0381871, 2.3009) 
(-0.532583, -2.21072) (1.80946, 1.81077) (-1.16679, -2.16098) (1.92476, -1.57847) (-0.673853, -2.18009) (0.0381767, 2.30089) 
(-0.54874, -2.20874) (1.81584, 1.80858) (-1.2123, -2.14988) (1.92478, -1.57847) (-0.672172, -2.16473) (0.0381901, 2.30089) 
(-0.570601, -2.20854) (1.81853, 1.80885) (-1.26075, -2.13965) (1.92478, -1.57848) (-0.668739, -2.1559) (0.0381891, 2.3009) 
(-0.598815, -2.20264) (1.81809, 1.81362) (-1.32816, -2.12038) (1.92476, -1.57847) (-0.66703, -2.15965) (0.0381602, 2.3009) 
(-0.619922, -2.19758) (1.81907, 1.817) (-1.39639, -2.09188) (1.92478, -1.57848) (-0.668379, -2.15837) (0.0381961, 2.3009) 
(-0.637181, -2.19275) (1.82133, 1.80943) (-1.46332, -2.04612) (1.92478, -1.57848) (-0.667129, -2.15881) (0.0381827, 2.3009) 
(-0.65295, -2.18289) (1.82286, 1.80148) (-1.5205, -1.97752) (1.92476, -1.57848) (-0.667398, -2.15861) (0.0381684, 2.30091) 
(-0.661436, -2.16544) (1.83177, 1.79628) (-1.58285, -1.89849) (1.92479, -1.5785) (-0.667572, -2.1583) (0.0381948, 2.3009) 
(-0.662047, -2.14394) (1.83007, 1.80605) (-1.63115, -1.82915) (1.92478, -1.57847) (-0.667306, -2.15859) (0.0381974, 2.3009) 
(-0.642959, -2.10767) (1.83319, 1.81718) (-1.67547, -1.7567) (1.92476, -1.57848) (-0.667334, -2.15874) (0.0381734, 2.3009) 
(-0.585272, -2.06373) (1.83403, 1.82377) (-1.71102, -1.69841) (1.92478, -1.57847) (-0.6672, -2.15858) (0.0381908, 2.3009) 
(-0.501968, -2.02451) (1.83177, 1.82378) (-1.73291, -1.64343) (1.92477, -1.57846) (-0.667184, -2.15855) (0.0381806, 2.3009) 
(-0.41383, -1.9863) (1.83429, 1.82174) (-1.74512, -1.589) (1.92477, -1.5785) (-0.667191, -2.1586) (0.0381681, 2.30089) 
(-0.335515, -1.9501) (1.83428, 1.822) (-1.75321, -1.53741) (1.92477, -1.57848) (-0.667208, -2.1586) (0.0381679, 2.3009) 
(-0.256283, -1.91306) (1.83, 1.82565) (-1.75277, -1.45826) (1.92477, -1.5785) (-0.667212, -2.15857) (0.0381837, 2.3009) 
(-0.210536, -1.89139) (1.82895, 1.8209) (-1.76082, -1.39507) (1.92477, -1.57846) (-0.667186, -2.15857) (0.0381835, 2.3009) 
(-0.154007, -1.86335) (1.83056, 1.81633) (-1.78383, -1.31811) (1.92477, -1.57847) (-0.667196, -2.15858) (0.0381779, 2.3009) 
(-0.114005, -1.83355) (1.83805, 1.81807) (-1.81399, -1.24329) (1.92478, -1.57849) (-0.667201, -2.15859) (0.0381766, 2.3009) 
(-0.0821713, -1.79851) (1.83953, 1.82928) (-1.84657, -1.15296) (1.92478, -1.57846) (-0.667191, -2.15858) (0.0381764, 2.3009) 
(-0.0568262, -1.76366) (1.83472, 1.83517) (-1.87953, -1.05638) (1.92477, -1.57847) (-0.667197, -2.15856) (0.0381752, 2.3009) 
(-0.0336056, -1.71902) (1.83109, 1.82611) (-1.92146, -0.930434) (1.92476, -1.57848) (-0.667185, -2.15859) (0.0381746, 2.30089) 
(-0.0139667, -1.6791) (1.82952, 1.8242) (-1.95832, -0.829478) (1.92479, -1.5785) (-0.6672, -2.15859) (0.0381814, 2.30089) 
(0.00183572, -1.65651) (1.82978, 1.8317) (-1.98541, -0.73733) (1.92477, -1.57847) (-0.667204, -2.15859) (0.0381527, 2.30088) 
(0.0173466, -1.65514) (1.83127, 1.8348) (-2.004, -0.647678) (1.92477, -1.5785) (-0.6672, -2.15857) (0.0381778, 2.30089) 
(0.0332783, -1.66489) (1.8327, 1.83371) (-2.01707, -0.54895) (1.92478, -1.5785) (-0.667192, -2.15859) (0.0381798, 2.3009) 
(0.0402115, -1.68992) (1.83841, 1.82465) (-2.02225, -0.418817) (1.92477, -1.57847) (-0.667206, -2.15859) (0.0381874, 2.3009) 
