(1.29891, -0.471237) (2.37165, -0.301285) (-2.80845, 0.702438) (-1.6718, 0.624844) (-0.0833909, 2.56991) (-0.171991, -1.84761) 
(1.2993, -0.472671) (2.37655, -0.298152) (-2.80804, 0.702837) (-1.67178, 0.624837) (-0.0833974, 2.5699) (-0.17215, -1.85115) 
(1.29955, -0.47524) (2.37834, -0.296251) (-2.80762, 0.702872) (-1.67183, 0.624829) (-0.083379, 2.5699) (-0.175026, -1.81688) 
(1.2976, -0.478381) (2.38164, -0.296167) (-2.80727, 0.702328) (-1.66295, 0.625624) (-0.085153, 2.55906) (-0.174935, -1.7825) 
(1.29049, -0.482745) (2.38464, -0.298387) (-2.80595, 0.701068) (-1.60218, 0.622616) (-0.0836282, 2.50393) (-0.186635, -1.75028) 
(1.28062, -0.489088) (2.38746, -0.300103) (-2.80042, 0.697712) (-1.5402, 0.616707) (-0.0838522, 2.46037) (-0.195808, -1.71714) 
(1.26276, -0.498896) (2.38668, -0.298803) (-2.78999, 0.685531) (-1.48698, 0.612982) (-0.0871341, 2.41629) (-0.208447, -1.67852) 
(1.24388, -0.510368) (2.38142, -0.29544) (-2.77778, 0.664362) (-1.44206, 0.611017) (-0.0836941, 2.3759) (-0.215864, -1.64948) 
(1.19714, -0.53136) (2.3529, -0.282947) (-2.73017, 0.611061) (-1.3541, 0.605195) (-0.0737392, 2.30888) (-0.214758, -1.59562) 
(1.18367, -0.535457) (2.34055, -0.279697) (-2.70993, 0.601468) (-1.3325, 0.60377) (-0.0686039, 2.29254) (-0.211383, -1.58295) 
(1.14812, -0.540116) (2.30197, -0.278656) (-2.65819, 0.589663) (-1.27647, 0.598995) (-0.046668, 2.25283) (-0.201833, -1.54745) 
(1.11975, -0.53841) (2.26205, -0.286555) (-2.61027, 0.590862) (-1.22746, 0.595151) (-0.0268451, 2.21804) (-0.192879, -1.5095) 
(1.08124, -0.528211) (2.20869, -0.30754) (-2.55428, 0.610159) (-1.17453, 0.591595) (-0.00216695, 2.18907) (-0.184503, -1.48014) 
(1.03845, -0.504662) (2.15019, -0.337789) (-2.49628, 0.639914) (-1.12142, 0.588063) (0.014689, 2.15918) (-0.18331, -1.44988) 
(0.995125, -0.472752) (2.09124, -0.367072) (-2.43718, 0.660843) (-1.06831, 0.584822) (0.03422, 2.12127) (-0.183377, -1.41874) 
(0.953505, -0.437136) (2.03804, -0.388705) (-2.38396, 0.667826) (-1.01978, 0.581143) (0.0494331, 2.08656) (-0.188696, -1.39515) 
(0.905892, -0.387168) (1.98086, -0.403439) (-2.3255, 0.667169) (-0.960023, 0.577635) (0.0640094, 2.04524) (-0.196651, -1.37312) 
(0.871466, -0.348693) (1.93424, -0.408154) (-2.28174, 0.664074) (-0.910824, 0.574913) (0.0789373, 2.01088) (-0.207492, -1.35923) 
(0.824813, -0.316398) (1.88042, -0.407191) (-2.22417, 0.662898) (-0.855547, 0.570514) (0.0961202, 1.97837) (-0.223833, -1.33557) 
(0.773953, -0.300326) (1.82292, -0.397724) (-2.16528, 0.663404) (-0.809084, 0.567288) (0.107754, 1.94593) (-0.236511, -1.31055) 
(0.725306, -0.291642) (1.76536, -0.379666) (-2.10986, 0.662588) (-0.762276, 0.563264) (0.120183, 1.91901) (-0.248013, -1.28832) 
(0.659323, -0.282603) (1.69412, -0.35135) (-2.04696, 0.65368) (-0.705341, 0.559869) (0.127767, 1.8886) (-0.250093, -1.2701) 
(0.596259, -0.279084) (1.63174, -0.328623) (-1.99429, 0.640833) (-0.653229, 0.555786) (0.137285, 1.86643) (-0.252176, -1.24962) 
(0.527085, -0.282761) (1.57018, -0.312503) (-1.93947, 0.632448) (-0.596691, 0.547956) (0.137805, 1.84428) (-0.248675, -1.22651) 
(0.436461, -0.29284) (1.48691, -0.308579) (-1.87167, 0.634888) (-0.532063, 0.543144) (0.13528, 1.81306) (-0.244903, -1.20025) 
(0.36607, -0.298856) (1.41403, -0.317073) (-1.82227, 0.654914) (-0.472384, 0.540969) (0.126754, 1.77611) (-0.245704, -1.17919) 
(0.320131, -0.299565) (1.3547, -0.333739) (-1.77883, 0.67395) (-0.4237, 0.538003) (0.120313, 1.75037) (-0.248606, -1.16864) 
(0.275497, -0.293057) (1.29586, -0.360202) (-1.7363, 0.698298) (-0.375289, 0.53492) (0.116167, 1.72338) (-0.252845, -1.15275) 
(0.229694, -0.281605) (1.23539, -0.398232) (-1.68434, 0.731852) (-0.318577, 0.533207) (0.115147, 1.68687) (-0.258369, -1.1319) 
(0.176813, -0.266939) (1.17758, -0.437224) (-1.62377, 0.762675) (-0.257752, 0.530386) (0.121395, 1.64898) (-0.257205, -1.11209) 
(0.121641, -0.24537) (1.12373, -0.46324) (-1.56407, 0.780528) (-0.198158, 0.528667) (0.125203, 1.6122) (-0.25052, -1.09457) 
(0.0707215, -0.223081) (1.07081, -0.475017) (-1.51916, 0.791712) (-0.147078, 0.525717) (0.132871, 1.58481) (-0.246577, -1.08173) 
(0.00888459, -0.194917) (1.01551, -0.475807) (-1.48006, 0.797705) (-0.0946201, 0.524609) (0.132985, 1.55912) (-0.241001, -1.06316) 
(-0.0692311, -0.164033) (0.955861, -0.471899) (-1.43485, 0.802874) (-0.0321606, 0.522535) (0.125426, 1.5226) (-0.236986, -1.04564) 
(-0.132329, -0.148073) (0.902021, -0.470897) (-1.39363, 0.800505) (0.0251962, 0.52007) (0.123646, 1.48831) (-0.234807, -1.02518) 
(-0.190068, -0.141185) (0.849175, -0.478715) (-1.35475, 0.788866) (0.0764082, 0.517375) (0.109597, 1.46006) (-0.229414, -0.998632) 
(-0.242244, -0.136959) (0.804398, -0.502792) (-1.31027, 0.765881) (0.12782, 0.51626) (0.10322, 1.42329) (-0.22491, -0.983324) 
(-0.295631, -0.1348) (0.756304, -0.557876) (-1.25531, 0.724897) (0.189142, 0.515577) (0.0901633, 1.38642) (-0.215067, -0.96495) 
(-0.348769, -0.136245) (0.71547, -0.632871) (-1.19719, 0.689365) (0.246602, 0.514439) (0.0899608, 1.35024) (-0.200219, -0.951575) 
(-0.408503, -0.145496) (0.671205, -0.728218) (-1.13553, 0.664923) (0.309028, 0.51298) (0.090523, 1.3159) (-0.187567, -0.937502) 
(-0.459306, -0.162276) (0.632233, -0.807021) (-1.09146, 0.65927) (0.36106, 0.512873) (0.0968794, 1.28765) (-0.176045, -0.92239) 
(-0.523152, -0.18903) (0.584704, -0.88911) (-1.04129, 0.661168) (0.423373, 0.511225) (0.105987, 1.26097) (-0.171032, -0.911706) 
(-0.576598, -0.210721) (0.540427, -0.948945) (-0.995219, 0.66684) (0.475855, 0.510332) (0.111149, 1.23939) (-0.17268, -0.902386) 
(-0.633161, -0.232977) (0.485344, -1.00551) (-0.935979, 0.685924) (0.54327, 0.50945) (0.12072, 1.22541) (-0.171993, -0.886425) 
(-0.676182, -0.244334) (0.431204, -1.03867) (-0.886883, 0.708832) (0.594289, 0.508863) (0.117789, 1.21023) (-0.173731, -0.870093) 
(-0.717773, -0.250129) (0.368831, -1.06654) (-0.835738, 0.73343) (0.648128, 0.508833) (0.11798, 1.19551) (-0.178951, -0.85188) 
(-0.766157, -0.254042) (0.288539, -1.09472) (-0.772171, 0.758368) (0.712934, 0.507033) (0.109421, 1.18018) (-0.184876, -0.836549) 
(-0.812256, -0.255785) (0.216104, -1.11896) (-0.719474, 0.769612) (0.76876, 0.505781) (0.109618, 1.15989) (-0.193459, -0.821534) 
(-0.864806, -0.255444) (0.137178, -1.14654) (-0.661794, 0.763506) (0.828093, 0.506298) (0.106541, 1.14011) (-0.205537, -0.800219) 
(-0.92559, -0.248852) (0.0555098, -1.1737) (-0.604825, 0.746989) (0.891619, 0.505767) (0.111023, 1.11652) (-0.216626, -0.776042) 
(-0.996014, -0.234575) (-0.0296805, -1.20568) (-0.542981, 0.724116) (0.957117, 0.50423) (0.117783, 1.09054) (-0.227882, -0.74467) 
(-1.058, -0.220653) (-0.114556, -1.23038) (-0.494095, 0.698362) (1.00899, 0.503496) (0.127043, 1.07125) (-0.236992, -0.716245) 
(-1.10865, -0.208528) (-0.213787, -1.25129) (-0.44259, 0.662364) (1.06345, 0.504184) (0.137722, 1.0549) (-0.246511, -0.688844) 
(-1.15601, -0.195969) (-0.315465, -1.26339) (-0.389346, 0.612596) (1.12194, 0.505878) (0.150892, 1.03747) (-0.262539, -0.659318) 
(-1.17203, -0.190732) (-0.352907, -1.26021) (-0.366522, 0.591839) (1.14581, 0.506152) (0.157308, 1.03197) (-0.27026, -0.648577) 
(-1.21137, -0.169166) (-0.465241, -1.22763) (-0.287664, 0.526749) (1.22963, 0.507478) (0.182053, 1.01704) (-0.295547, -0.61209) 
(-1.23688, -0.154805) (-0.541645, -1.19223) (-0.241871, 0.505463) (1.28921, 0.506991) (0.200925, 1.00813) (-0.312477, -0.581829) 
(-1.27175, -0.143266) (-0.620093, -1.14164) (-0.183295, 0.49034) (1.35685, 0.506449) (0.219192, 1.00608) (-0.327025, -0.546209) 
(-1.31914, -0.139189) (-0.717555, -1.08001) (-0.101653, 0.483931) (1.43416, 0.508828) (0.235878, 0.997993) (-0.32899, -0.505212) 
(-1.34657, -0.143447) (-0.7706, -1.0566) (-0.0602002, 0.488929) (1.47063, 0.510451) (0.244417, 0.996044) (-0.329079, -0.481093) 
(-1.39419, -0.152704) (-0.84772, -1.02957) (-0.00407953, 0.506933) (1.52342, 0.512586) (0.252614, 0.988905) (-0.32714, -0.443632) 
(-1.45832, -0.164745) (-0.927987, -1.0073) (0.0597036, 0.529256) (1.58956, 0.513385) (0.258616, 0.979787) (-0.323412, -0.40907) 
(-1.52203, -0.170825) (-1.01156, -0.998909) (0.122309, 0.525182) (1.64813, 0.512504) (0.266355, 0.971616) (-0.324172, -0.373764) 
(-1.59167, -0.162569) (-1.11561, -1.00085) (0.191577, 0.486676) (1.71156, 0.5149) (0.271178, 0.956338) (-0.325771, -0.330637) 
(-1.65206, -0.146911) (-1.20595, -1.00612) (0.246057, 0.456496) (1.76535, 0.517871) (0.282312, 0.942687) (-0.332007, -0.28877) 
(-1.71459, -0.129291) (-1.29239, -1.00994) (0.311414, 0.430183) (1.82033, 0.519513) (0.293677, 0.928203) (-0.336805, -0.247616) 
(-1.78635, -0.104456) (-1.38943, -1.005) (0.387698, 0.389655) (1.8846, 0.522211) (0.310828, 0.914312) (-0.342492, -0.197439) 
(-1.84959, -0.0794757) (-1.46881, -0.992579) (0.462354, 0.34212) (1.94394, 0.526025) (0.323953, 0.904505) (-0.343632, -0.15613) 
(-1.90567, -0.0522665) (-1.53791, -0.975645) (0.523907, 0.303063) (1.9972, 0.529236) (0.337497, 0.899352) (-0.336525, -0.117561) 
(-1.97108, -0.0129679) (-1.61872, -0.94951) (0.609062, 0.283662) (2.05689, 0.533765) (0.355026, 0.897812) (-0.325515, -0.0706901) 
(-2.02372, 0.0217551) (-1.68694, -0.921411) (0.671658, 0.297849) (2.10782, 0.539212) (0.370811, 0.895711) (-0.315656, -0.0322651) 
(-2.08156, 0.0582451) (-1.76627, -0.893547) (0.744168, 0.33086) (2.17428, 0.544431) (0.382843, 0.899035) (-0.302479, 0.013419) 
(-2.12341, 0.0796826) (-1.82962, -0.879672) (0.800566, 0.355055) (2.22518, 0.548843) (0.396852, 0.896539) (-0.29347, 0.0508571) 
(-2.17692, 0.104958) (-1.91235, -0.874447) (0.881501, 0.395817) (2.2925, 0.556895) (0.413145, 0.892173) (-0.284569, 0.106852) 
(-2.22192, 0.125811) (-1.98247, -0.870988) (0.940512, 0.432767) (2.34574, 0.564143) (0.424633, 0.889012) (-0.278586, 0.146288) 
(-2.28078, 0.154847) (-2.07043, -0.858504) (1.00756, 0.469382) (2.40221, 0.572) (0.438299, 0.879963) (-0.273061, 0.193401) 
(-2.33287, 0.181247) (-2.14612, -0.842469) (1.07001, 0.487692) (2.45338, 0.578665) (0.449325, 0.870945) (-0.267934, 0.241742) 
(-2.37363, 0.200835) (-2.20108, -0.8384) (1.12165, 0.487368) (2.47293, 0.580019) (0.45654, 0.859632) (-0.262505, 0.288956) 
(-2.42626, 0.226596) (-2.2567, -0.849965) (1.19621, 0.491442) (2.46729, 0.580436) (0.467215, 0.846502) (-0.252207, 0.357224) 
(-2.45801, 0.2506) (-2.29779, -0.899066) (1.2978, 0.506534) (2.46165, 0.578816) (0.474178, 0.829074) (-0.242316, 0.425837) 
(-2.46453, 0.250704) (-2.32032, -0.956257) (1.38517, 0.512186) (2.47164, 0.580368) (0.477131, 0.811533) (-0.233387, 0.478134) 
(-2.46573, 0.243996) (-2.32768, -0.983985) (1.4255, 0.509483) (2.47206, 0.580362) (0.479086, 0.802142) (-0.228101, 0.503174) 
(-2.47171, 0.220416) (-2.3364, -1.03289) (1.50208, 0.499408) (2.47003, 0.580539) (0.476049, 0.784317) (-0.218586, 0.556925) 
(-2.48285, 0.194233) (-2.34565, -1.07506) (1.59223, 0.501764) (2.47086, 0.580619) (0.466865, 0.755558) (-0.209175, 0.619955) 
(-2.49577, 0.173468) (-2.36214, -1.09129) (1.66053, 0.5282) (2.47054, 0.580486) (0.457313, 0.728628) (-0.199521, 0.670456) 
(-2.51661, 0.155166) (-2.38498, -1.09026) (1.71754, 0.571361) (2.47061, 0.580487) (0.448597, 0.697024) (-0.192, 0.727866) 
(-2.54107, 0.142729) (-2.40349, -1.07485) (1.76407, 0.611552) (2.47044, 0.580554) (0.445241, 0.665515) (-0.18403, 0.777556) 
(-2.57037, 0.127775) (-2.42091, -1.05106) (1.80602, 0.652946) (2.47055, 0.580514) (0.441364, 0.634358) (-0.17684, 0.82971) 
(-2.61092, 0.107533) (-2.42981, -1.01404) (1.85201, 0.708125) (2.47038, 0.580479) (0.440175, 0.593347) (-0.167342, 0.896092) 
(-2.64348, 0.0937416) (-2.43434, -0.987735) (1.88492, 0.752563) (2.47046, 0.58045) (0.437281, 0.558448) (-0.158169, 0.948047) 
(-2.66991, 0.0862006) (-2.43659, -0.967871) (1.9255, 0.796333) (2.47041, 0.580474) (0.434516, 0.521759) (-0.149761, 0.998054) 
(-2.70331, 0.0853694) (-2.43722, -0.955462) (1.97381, 0.834665) (2.47043, 0.580455) (0.431497, 0.474767) (-0.139028, 1.06073) 
(-2.72708, 0.0962451) (-2.43571, -0.946408) (2.01468, 0.859975) (2.47045, 0.58045) (0.426485, 0.433359) (-0.131094, 1.11405) 
(-2.75299, 0.120177) (-2.43218, -0.942981) (2.05966, 0.893969) (2.47045, 0.580456) (0.419601, 0.379837) (-0.1219, 1.1755) 
(-2.77017, 0.149827) (-2.4262, -0.948459) (2.10577, 0.93081) (2.47045, 0.580421) (0.413539, 0.333287) (-0.114185, 1.22831) 
(-2.78119, 0.182803) (-2.41575, -0.958252) (2.16574, 0.973118) (2.47045, 0.580432) (0.405844, 0.279149) (-0.105232, 1.28623) 
(-2.78495, 0.210777) (-2.39936, -0.96284) (2.23545, 1.0117) (2.47044, 0.580478) (0.400381, 0.227389) (-0.0981568, 1.3435) 
(-2.78829, 0.233314) (-2.38197, -0.957239) (2.32191, 1.05432) (2.47053, 0.580491) (0.393415, 0.171716) (-0.0895194, 1.40503) 
(-2.78905, 0.248169) (-2.37203, -0.939247) (2.41301, 1.09502) (2.47051, 0.580736) (0.386516, 0.115173) (-0.0821282, 1.46568) 
(-2.7915, 0.25497) (-2.3644, -0.9138) (2.47389, 1.13528) (2.47056, 0.58067) (0.380183, 0.0662808) (-0.0737859, 1.51726) 
(-2.79277, 0.257213) (-2.36174, -0.881521) (2.50834, 1.17094) (2.47056, 0.580665) (0.374883, 0.0161799) (-0.0647774, 1.57002) 
(-2.79004, 0.251361) (-2.35772, -0.841249) (2.52299, 1.19911) (2.47057, 0.580657) (0.370326, -0.0434339) (-0.0546869, 1.63202) 
(-2.78966, 0.240751) (-2.35522, -0.808282) (2.52646, 1.22219) (2.47055, 0.580657) (0.364696, -0.0940998) (-0.0476065, 1.68419) 
(-2.79264, 0.22006) (-2.35372, -0.77451) (2.52415, 1.25711) (2.47053, 0.580669) (0.355215, -0.15705) (-0.0376909, 1.753) 
(-2.80332, 0.201633) (-2.35259, -0.758164) (2.51073, 1.28295) (2.47053, 0.580631) (0.348021, -0.206955) (-0.0277416, 1.80798) 
(-2.81231, 0.189159) (-2.35819, -0.748773) (2.481, 1.30183) (2.47044, 0.580634) (0.342321, -0.256927) (-0.018334, 1.86211) 
(-2.81676, 0.181685) (-2.36827, -0.745287) (2.44684, 1.32083) (2.47043, 0.580617) (0.336144, -0.312163) (-0.00892843, 1.92094) 
(-2.81761, 0.173549) (-2.38168, -0.753296) (2.42755, 1.36153) (2.47035, 0.580506) (0.328461, -0.371937) (0.000425318, 1.98261) 
(-2.81804, 0.166767) (-2.3916, -0.76302) (2.41243, 1.40787) (2.47035, 0.580489) (0.322119, -0.433306) (0.0107696, 2.0456) 
(-2.81831, 0.163318) (-2.40018, -0.77159) (2.4118, 1.44447) (2.47034, 0.580503) (0.316867, -0.484815) (0.0184811, 2.0995) 
(-2.819, 0.161929) (-2.40977, -0.782068) (2.40763, 1.49748) (2.47036, 0.5805) (0.311804, -0.544049) (0.0278571, 2.15896) 
(-2.82252, 0.159794) (-2.41678, -0.789649) (2.41489, 1.53396) (2.47036, 0.580505) (0.305894, -0.594835) (0.0345584, 2.20863) 
(-2.82648, 0.159007) (-2.42314, -0.795517) (2.43673, 1.56513) (2.47034, 0.580489) (0.301162, -0.645579) (0.0413068, 2.25339) 
(-2.83148, 0.161951) (-2.43232, -0.802257) (2.46928, 1.59877) (2.47033, 0.580493) (0.294078, -0.709627) (0.0496412, 2.31279) 
(-2.83498, 0.165876) (-2.43902, -0.807174) (2.48873, 1.62507) (2.47035, 0.580488) (0.287936, -0.760159) (0.0532538, 2.33052) 
(-2.8367, 0.16803) (-2.44502, -0.810804) (2.49982, 1.65238) (2.47034, 0.580478) (0.281358, -0.811764) (0.0523401, 2.32756) 
(-2.83491, 0.169344) (-2.44944, -0.814285) (2.50826, 1.67744) (2.47032, 0.580508) (0.275656, -0.863427) (0.0508926, 2.31833) 
(-2.83312, 0.170648) (-2.45227, -0.818255) (2.51358, 1.70505) (2.47033, 0.580502) (0.268183, -0.93106) (0.0514627, 2.32243) 
(-2.83519, 0.172216) (-2.45492, -0.821901) (2.52906, 1.71874) (2.47032, 0.580507) (0.26146, -0.993667) (0.0524997, 2.32854) 
(-2.83506, 0.175816) (-2.45896, -0.824507) (2.55085, 1.72143) (2.47033, 0.580492) (0.25549, -1.04621) (0.0521719, 2.32746) 
(-2.83284, 0.178336) (-2.46321, -0.827288) (2.57758, 1.72021) (2.47033, 0.580482) (0.249358, -1.09813) (0.0523329, 2.32739) 
(-2.82905, 0.179258) (-2.46779, -0.831388) (2.61292, 1.70503) (2.47035, 0.580489) (0.243677, -1.15818) (0.0523479, 2.32772) 
(-2.82871, 0.180469) (-2.47123, -0.835574) (2.64699, 1.68468) (2.47033, 0.580493) (0.236947, -1.20965) (0.052294, 2.32769) 
(-2.83101, 0.18124) (-2.47377, -0.839869) (2.68193, 1.65028) (2.47033, 0.580513) (0.229785, -1.26829) (0.0522809, 2.32762) 
(-2.83894, 0.182334) (-2.47653, -0.84414) (2.70459, 1.59073) (2.47033, 0.580497) (0.222803, -1.32987) (0.0523266, 2.32764) 
(-2.83974, 0.182186) (-2.47833, -0.846877) (2.71743, 1.53606) (2.47029, 0.58048) (0.216915, -1.38287) (0.0522936, 2.32764) 
(-2.83549, 0.18143) (-2.48047, -0.849492) (2.73169, 1.47842) (2.47034, 0.5805) (0.210068, -1.44508) (0.0523104, 2.32764) 
(-2.83236, 0.181779) (-2.4822, -0.850878) (2.74416, 1.43894) (2.47035, 0.580558) (0.203818, -1.49849) (0.052303, 2.32763) 
(-2.83003, 0.183407) (-2.48328, -0.852061) (2.75372, 1.4111) (2.47038, 0.580528) (0.197392, -1.55604) (0.0522934, 2.32764) 
(-2.82799, 0.182288) (-2.48229, -0.850954) (2.76046, 1.39421) (2.47032, 0.580538) (0.187907, -1.64186) (0.0523081, 2.32763) 
(-2.82692, 0.181634) (-2.48166, -0.850978) (2.76296, 1.39444) (2.47034, 0.580525) (0.184999, -1.66973) (0.0523202, 2.32764) 
(-2.82463, 0.178527) (-2.48068, -0.851038) (2.76969, 1.4023) (2.47031, 0.580528) (0.178582, -1.73144) (0.0523004, 2.32763) 
(-2.82528, 0.175763) (-2.48096, -0.849077) (2.77565, 1.41484) (2.47036, 0.580534) (0.172978, -1.78305) (0.0523115, 2.32763) 
(-2.82692, 0.172187) (-2.48313, -0.845767) (2.77709, 1.43214) (2.47037, 0.580546) (0.166579, -1.84214) (0.0523004, 2.32764) 
(-2.82935, 0.170389) (-2.48516, -0.844311) (2.77641, 1.44644) (2.47034, 0.580508) (0.160174, -1.89592) (0.0523205, 2.32764) 
(-2.83163, 0.169401) (-2.48545, -0.843782) (2.77354, 1.45871) (2.47036, 0.580494) (0.154816, -1.94504) (0.0523198, 2.32764) 
