(2.43378, 2.01816) (-2.39222, 2.21491) (2.59074, -1.8249) (-2.27237, 1.95986) (-3.12174, 1.8092) (-1.94664, -1.63442) 
(2.43359, 2.01706) (-2.39222, 2.21491) (2.59524, -1.82862) (-2.27238, 1.95985) (-3.12174, 1.8092) (-1.94664, -1.63442) 
(2.43311, 2.0166) (-2.39222, 2.21491) (2.59784, -1.83146) (-2.27237, 1.95988) (-3.12174, 1.8092) (-1.94664, -1.63441) 
(2.43247, 2.01619) (-2.39222, 2.21491) (2.59926, -1.83433) (-2.27608, 1.96018) (-3.12174, 1.8092) (-1.9504, -1.63378) 
(2.43184, 2.01641) (-2.39222, 2.21491) (2.59896, -1.83596) (-2.25129, 1.95086) (-3.12174, 1.8092) (-1.93811, -1.63484) 
(2.43116, 2.0167) (-2.39222, 2.21491) (2.59699, -1.83663) (-2.20691, 1.94812) (-3.12174, 1.8092) (-1.87005, -1.63718) 
(2.43012, 2.01716) (-2.39222, 2.21491) (2.5936, -1.8368) (-2.17789, 1.92986) (-3.12174, 1.8092) (-1.81741, -1.6403) 
(2.42824, 2.01634) (-2.39222, 2.21491) (2.58962, -1.83599) (-2.15165, 1.91555) (-3.12174, 1.8092) (-1.77652, -1.6393) 
(2.42382, 2.01325) (-2.39222, 2.21491) (2.58309, -1.83348) (-2.12378, 1.90371) (-3.12174, 1.8092) (-1.73501, -1.63828) 
(2.41064, 2.0026) (-2.39222, 2.21491) (2.56138, -1.8244) (-2.09526, 1.89681) (-3.12174, 1.8092) (-1.68055, -1.6359) 
(2.39517, 1.98947) (-2.39222, 2.21491) (2.53489, -1.81179) (-2.06642, 1.89649) (-3.12174, 1.8092) (-1.63581, -1.63475) 
(2.37602, 1.97145) (-2.39222, 2.21491) (2.49913, -1.79281) (-2.04007, 1.89882) (-3.12174, 1.8092) (-1.5837, -1.63183) 
(2.35031, 1.95215) (-2.39222, 2.21491) (2.45841, -1.76962) (-2.0204, 1.90444) (-3.12174, 1.8092) (-1.53181, -1.63163) 
(2.3097, 1.93179) (-2.39222, 2.21491) (2.41092, -1.74004) (-1.99099, 1.91066) (-3.12174, 1.8092) (-1.47558, -1.63248) 
(2.29357, 1.92729) (-2.39222, 2.21491) (2.39531, -1.73137) (-1.9806, 1.91199) (-3.12174, 1.8092) (-1.45756, -1.6327) 
(2.20485, 1.91688) (-2.39222, 2.21491) (2.31006, -1.70158) (-1.92853, 1.91762) (-3.12174, 1.8092) (-1.36688, -1.63291) 
(2.15017, 1.92381) (-2.39222, 2.21491) (2.25246, -1.70129) (-1.89761, 1.91891) (-3.12174, 1.8092) (-1.31516, -1.63279) 
(2.08048, 1.94282) (-2.39222, 2.21491) (2.18493, -1.72185) (-1.85293, 1.91942) (-3.12174, 1.8092) (-1.25708, -1.63259) 
(2.01092, 1.96556) (-2.39222, 2.21491) (2.12354, -1.75082) (-1.8129, 1.91936) (-3.12174, 1.8092) (-1.20344, -1.63156) 
(1.94742, 1.98554) (-2.39222, 2.21491) (2.07488, -1.77079) (-1.77641, 1.91994) (-3.12174, 1.8092) (-1.15215, -1.63076) 
(1.88236, 2.00188) (-2.39222, 2.21491) (2.00776, -1.78378) (-1.72726, 1.92096) (-3.12174, 1.8092) (-1.09208, -1.62988) 
(1.81649, 2.00636) (-2.39222, 2.21491) (1.93055, -1.77576) (-1.6823, 1.92197) (-3.12174, 1.8092) (-1.03689, -1.62993) 
(1.75075, 2.00361) (-2.39222, 2.21491) (1.85113, -1.75591) (-1.63616, 1.92312) (-3.12174, 1.8092) (-0.986684, -1.63012) 
(1.66628, 1.99509) (-2.39222, 2.21491) (1.7597, -1.72957) (-1.58356, 1.92562) (-3.12174, 1.8092) (-0.926481, -1.63006) 
(1.63852, 1.99115) (-2.39222, 2.21491) (1.73505, -1.72159) (-1.56672, 1.92635) (-3.12174, 1.8092) (-0.90783, -1.62986) 
(1.49113, 1.9502) (-2.39222, 2.21491) (1.60465, -1.67292) (-1.47252, 1.92994) (-3.12174, 1.8092) (-0.814523, -1.62982) 
(1.39497, 1.91402) (-2.39222, 2.21491) (1.52879, -1.63862) (-1.41736, 1.9317) (-3.12174, 1.8092) (-0.758268, -1.62994) 
(1.31376, 1.8945) (-2.39222, 2.21491) (1.46487, -1.61727) (-1.36788, 1.93444) (-3.12174, 1.8092) (-0.711115, -1.63025) 
(1.22367, 1.88706) (-2.39222, 2.21491) (1.39927, -1.59474) (-1.31333, 1.93645) (-3.12174, 1.8092) (-0.661144, -1.63581) 
(1.13669, 1.88967) (-2.39222, 2.21491) (1.33517, -1.57189) (-1.25883, 1.93895) (-3.12174, 1.8092) (-0.609085, -1.64283) 
(1.04896, 1.8991) (-2.39222, 2.21491) (1.26614, -1.54984) (-1.20394, 1.9415) (-3.12174, 1.8092) (-0.560754, -1.65111) 
(0.969708, 1.91261) (-2.39222, 2.21491) (1.20675, -1.532) (-1.16916, 1.94336) (-3.12174, 1.8092) (-0.521412, -1.65722) 
(0.850948, 1.944) (-2.39222, 2.21491) (1.1149, -1.50508) (-1.1128, 1.95683) (-3.12174, 1.8092) (-0.4635, -1.66607) 
(0.753234, 1.97363) (-2.39222, 2.21491) (1.03711, -1.47635) (-1.07097, 1.97199) (-3.12174, 1.8092) (-0.412608, -1.67322) 
(0.656002, 1.99581) (-2.39222, 2.21491) (0.958155, -1.43794) (-1.03106, 1.98637) (-3.12174, 1.8092) (-0.351134, -1.68199) 
(0.568188, 1.99406) (-2.39222, 2.21491) (0.893657, -1.39502) (-0.987487, 1.99897) (-3.12174, 1.8092) (-0.291061, -1.68971) 
(0.474992, 1.98149) (-2.39222, 2.21491) (0.83923, -1.34475) (-0.952411, 2.00614) (-3.12174, 1.8092) (-0.238441, -1.69585) 
(0.38584, 1.96453) (-2.39222, 2.21491) (0.790339, -1.28914) (-0.917553, 2.00404) (-3.12174, 1.8092) (-0.185696, -1.70089) 
(0.290225, 1.94135) (-2.39222, 2.21491) (0.740147, -1.23094) (-0.875803, 2.00096) (-3.12174, 1.8092) (-0.134536, -1.70378) 
(0.213166, 1.9162) (-2.39222, 2.21491) (0.68488, -1.18556) (-0.84426, 2.00061) (-3.12174, 1.8092) (-0.0910828, -1.70164) 
(0.134866, 1.89814) (-2.39222, 2.21491) (0.628547, -1.15527) (-0.816598, 2.0029) (-3.12174, 1.8092) (-0.0392255, -1.6977) 
(0.0708299, 1.89398) (-2.39222, 2.21491) (0.583, -1.14829) (-0.785164, 2.01518) (-3.12174, 1.8092) (0.0132556, -1.69415) 
(0.0191617, 1.90117) (-2.39222, 2.21491) (0.540957, -1.14694) (-0.765276, 2.02642) (-3.12174, 1.8092) (0.0663882, -1.69168) 
(-0.0353192, 1.92528) (-2.39222, 2.21491) (0.482123, -1.1519) (-0.744493, 2.04478) (-3.12174, 1.8092) (0.122132, -1.68971) 
(-0.0841181, 1.95868) (-2.39222, 2.21491) (0.431641, -1.16761) (-0.735499, 2.05779) (-3.12174, 1.8092) (0.170271, -1.68898) 
(-0.13934, 2.00801) (-2.39222, 2.21491) (0.38246, -1.19325) (-0.726109, 2.07979) (-3.12174, 1.8092) (0.228566, -1.68909) 
(-0.192823, 2.05271) (-2.39222, 2.21491) (0.342612, -1.22497) (-0.721023, 2.09877) (-3.12174, 1.8092) (0.283795, -1.69144) 
(-0.240417, 2.08195) (-2.39222, 2.21491) (0.312619, -1.25949) (-0.721248, 2.11655) (-3.12174, 1.8092) (0.33525, -1.6937) 
(-0.28744, 2.09567) (-2.39222, 2.21491) (0.282113, -1.29719) (-0.723269, 2.13625) (-3.12174, 1.8092) (0.383002, -1.69674) 
(-0.330278, 2.08585) (-2.39222, 2.21491) (0.250177, -1.32998) (-0.729123, 2.15524) (-3.12174, 1.8092) (0.433938, -1.70534) 
(-0.37419, 2.05634) (-2.39222, 2.21491) (0.210341, -1.35757) (-0.738607, 2.1728) (-3.12174, 1.8092) (0.47498, -1.71715) 
(-0.422651, 2.00245) (-2.39222, 2.21491) (0.153355, -1.37518) (-0.752852, 2.19141) (-3.12174, 1.8092) (0.516175, -1.74022) 
(-0.465265, 1.93882) (-2.39222, 2.21491) (0.0926413, -1.38014) (-0.766652, 2.20381) (-3.12174, 1.8092) (0.546993, -1.76512) 
(-0.521035, 1.85097) (-2.39222, 2.21491) (0.0119277, -1.37582) (-0.786802, 2.21879) (-3.12174, 1.8092) (0.582552, -1.8008) 
(-0.574231, 1.78601) (-2.39222, 2.21491) (-0.0699952, -1.36469) (-0.806458, 2.23361) (-3.12174, 1.8092) (0.612472, -1.82682) 
(-0.623556, 1.75264) (-2.39222, 2.21491) (-0.151231, -1.36069) (-0.816566, 2.24121) (-3.12174, 1.8092) (0.627238, -1.83956) 
(-0.675751, 1.737) (-2.39222, 2.21491) (-0.225533, -1.35906) (-0.828045, 2.25614) (-3.12174, 1.8092) (0.648562, -1.8471) 
(-0.753372, 1.73601) (-2.39222, 2.21491) (-0.312815, -1.37253) (-0.841876, 2.27464) (-3.12174, 1.8092) (0.686387, -1.85808) 
(-0.820953, 1.74623) (-2.39222, 2.21491) (-0.375886, -1.39167) (-0.844251, 2.28665) (-3.12174, 1.8092) (0.717551, -1.85913) 
(-0.8762, 1.7598) (-2.39222, 2.21491) (-0.423794, -1.41003) (-0.848458, 2.3017) (-3.12174, 1.8092) (0.728579, -1.85639) 
(-0.973696, 1.786) (-2.39222, 2.21491) (-0.509159, -1.44008) (-0.849919, 2.32618) (-3.12174, 1.8092) (0.744735, -1.84856) 
(-1.03915, 1.80405) (-2.39222, 2.21491) (-0.576305, -1.46922) (-0.847111, 2.34342) (-3.12174, 1.8092) (0.766057, -1.84082) 
(-1.11235, 1.81313) (-2.39222, 2.21491) (-0.655739, -1.51135) (-0.841693, 2.36107) (-3.12174, 1.8092) (0.793853, -1.83257) 
(-1.19689, 1.81292) (-2.39222, 2.21491) (-0.740984, -1.5578) (-0.832071, 2.37956) (-3.12174, 1.8092) (0.832489, -1.82323) 
(-1.22216, 1.81238) (-2.39222, 2.21491) (-0.763786, -1.56773) (-0.82886, 2.38465) (-3.12174, 1.8092) (0.845491, -1.82108) 
(-1.35804, 1.80382) (-2.39222, 2.21491) (-0.889079, -1.59692) (-0.808051, 2.40794) (-3.12174, 1.8092) (0.90464, -1.81696) 
(-1.44097, 1.79166) (-2.39222, 2.21491) (-0.955358, -1.59462) (-0.793922, 2.41827) (-3.12174, 1.8092) (0.931325, -1.81733) 
(-1.5308, 1.7777) (-2.39222, 2.21491) (-1.03099, -1.58828) (-0.775483, 2.42734) (-3.12174, 1.8092) (0.96631, -1.81668) 
(-1.61689, 1.77245) (-2.39222, 2.21491) (-1.11003, -1.57581) (-0.756129, 2.43346) (-3.12174, 1.8092) (1.00618, -1.81527) 
(-1.69768, 1.7805) (-2.39222, 2.21491) (-1.19737, -1.55681) (-0.73616, 2.436) (-3.12174, 1.8092) (1.04741, -1.80988) 
(-1.77835, 1.79368) (-2.39222, 2.21491) (-1.29768, -1.53748) (-0.717901, 2.4359) (-3.12174, 1.8092) (1.08835, -1.80398) 
(-1.86005, 1.81187) (-2.39222, 2.21491) (-1.38617, -1.52497) (-0.69855, 2.43151) (-3.12174, 1.8092) (1.13718, -1.79603) 
(-1.92815, 1.834) (-2.39222, 2.21491) (-1.45199, -1.52436) (-0.68203, 2.425) (-3.12174, 1.8092) (1.18537, -1.78713) 
(-1.99671, 1.86561) (-2.39222, 2.21491) (-1.50023, -1.52925) (-0.665542, 2.41924) (-3.12174, 1.8092) (1.23581, -1.77921) 
(-2.07455, 1.90462) (-2.39222, 2.21491) (-1.55089, -1.53933) (-0.642474, 2.4144) (-3.12174, 1.8092) (1.28283, -1.7723) 
(-2.14609, 1.93501) (-2.39222, 2.21491) (-1.59746, -1.55283) (-0.615236, 2.40941) (-3.12174, 1.8092) (1.32962, -1.7669) 
(-2.19875, 1.95528) (-2.39222, 2.21491) (-1.62932, -1.56742) (-0.593631, 2.40673) (-3.12174, 1.8092) (1.36875, -1.76419) 
(-2.27373, 1.97268) (-2.39222, 2.21491) (-1.67688, -1.59271) (-0.551791, 2.40256) (-3.12174, 1.8092) (1.43243, -1.75854) 
(-2.32178, 1.98123) (-2.39222, 2.21491) (-1.72769, -1.61896) (-0.514717, 2.39915) (-3.12174, 1.8092) (1.48819, -1.7537) 
(-2.3589, 1.98595) (-2.39222, 2.21491) (-1.78702, -1.64094) (-0.484128, 2.39654) (-3.12174, 1.8092) (1.54047, -1.7493) 
(-2.37612, 1.98556) (-2.39222, 2.21491) (-1.85272, -1.65585) (-0.446711, 2.3922) (-3.12174, 1.8092) (1.59462, -1.7445) 
(-2.37612, 1.98556) (-2.39222, 2.21491) (-1.90438, -1.65605) (-0.408171, 2.38831) (-3.12174, 1.8092) (1.65293, -1.73942) 
(-2.37612, 1.98556) (-2.39222, 2.21491) (-1.94371, -1.6476) (-0.36764, 2.38171) (-3.12174, 1.8092) (1.7008, -1.73489) 
(-2.37612, 1.98556) (-2.39222, 2.21491) (-1.97676, -1.63708) (-0.325219, 2.37628) (-3.12174, 1.8092) (1.74878, -1.73199) 
(-2.37612, 1.98556) (-2.39222, 2.21491) (-1.99598, -1.62563) (-0.270913, 2.36808) (-3.12174, 1.8092) (1.80928, -1.72864) 
(-2.37612, 1.98556) (-2.39222, 2.21491) (-1.99433, -1.62484) (-0.224197, 2.36137) (-3.12174, 1.8092) (1.86107, -1.72514) 
(-2.37612, 1.98556) (-2.39222, 2.21491) (-1.99842, -1.62328) (-0.176754, 2.35387) (-3.12174, 1.8092) (1.9101, -1.72252) 
(-2.37612, 1.98556) (-2.39222, 2.21491) (-2.02824, -1.62262) (-0.12308, 2.34721) (-3.12174, 1.8092) (1.963, -1.72011) 
(-2.37612, 1.98556) (-2.39222, 2.21491) (-2.07545, -1.62735) (-0.0663873, 2.34015) (-3.12174, 1.8092) (2.02099, -1.71786) 
(-2.37612, 1.98556) (-2.39222, 2.21491) (-2.1176, -1.63412) (-0.0160358, 2.33316) (-3.12174, 1.8092) (2.06938, -1.71632) 
(-2.37612, 1.98556) (-2.39222, 2.21491) (-2.15891, -1.64329) (0.0373954, 2.32743) (-3.12174, 1.8092) (2.11787, -1.71483) 
(-2.37612, 1.98556) (-2.39222, 2.21491) (-2.18648, -1.65232) (0.0911982, 2.32057) (-3.12174, 1.8092) (2.16322, -1.71339) 
(-2.37612, 1.98556) (-2.39222, 2.21491) (-2.20566, -1.66651) (0.145927, 2.3146) (-3.12174, 1.8092) (2.20995, -1.71387) 
(-2.37612, 1.98556) (-2.39222, 2.21491) (-2.22299, -1.67737) (0.203543, 2.30686) (-3.12174, 1.8092) (2.23096, -1.71289) 
(-2.37612, 1.98556) (-2.39222, 2.21491) (-2.22538, -1.68116) (0.254022, 2.29938) (-3.12174, 1.8092) (2.22774, -1.71354) 
(-2.37612, 1.98556) (-2.39222, 2.21491) (-2.21418, -1.67983) (0.309239, 2.29258) (-3.12174, 1.8092) (2.21714, -1.71326) 
(-2.37612, 1.98556) (-2.39222, 2.21491) (-2.20121, -1.68518) (0.370999, 2.28473) (-3.12174, 1.8092) (2.22057, -1.71324) 
(-2.37612, 1.98556) (-2.39222, 2.21491) (-2.19406, -1.68596) (0.42673, 2.27866) (-3.12174, 1.8092) (2.22617, -1.71336) 
(-2.37612, 1.98556) (-2.39222, 2.21491) (-2.19449, -1.67913) (0.482153, 2.27198) (-3.12174, 1.8092) (2.22822, -1.71351) 
(-2.37612, 1.98556) (-2.39222, 2.21491) (-2.19781, -1.67) (0.53224, 2.26662) (-3.12174, 1.8092) (2.22713, -1.71352) 
(-2.41649, 1.99073) (-2.39222, 2.21491) (-2.19954, -1.65616) (0.586768, 2.26089) (-3.12174, 1.8092) (2.22732, -1.71354) 
(-2.41126, 1.97628) (-2.39222, 2.21491) (-2.196, -1.65011) (0.647443, 2.25267) (-3.12174, 1.8092) (2.22725, -1.71349) 
(-2.41249, 1.96061) (-2.39222, 2.21491) (-2.19529, -1.6523) (0.696926, 2.24468) (-3.12174, 1.8092) (2.22714, -1.71348) 
(-2.42109, 1.93966) (-2.39222, 2.21491) (-2.19546, -1.65751) (0.75594, 2.23758) (-3.12174, 1.8092) (2.22713, -1.71349) 
(-2.42552, 1.93125) (-2.39222, 2.21491) (-2.19478, -1.65949) (0.779325, 2.23434) (-3.12174, 1.8092) (2.22707, -1.71348) 
(-2.44009, 1.91205) (-2.39222, 2.21491) (-2.19359, -1.66683) (0.839793, 2.22702) (-3.12174, 1.8092) (2.22718, -1.7135) 
(-2.44947, 1.89569) (-2.39222, 2.21491) (-2.19415, -1.67362) (0.924475, 2.2168) (-3.12174, 1.8092) (2.22715, -1.71349) 
(-2.44946, 1.89571) (-2.39222, 2.21491) (-2.19409, -1.67696) (0.976119, 2.21133) (-3.12174, 1.8092) (2.22712, -1.7135) 
(-2.44788, 1.91562) (-2.39222, 2.21491) (-2.18949, -1.67991) (1.03727, 2.20283) (-3.12174, 1.8092) (2.2271, -1.71349) 
(-2.44305, 1.93386) (-2.39222, 2.21491) (-2.18189, -1.67567) (1.09495, 2.19555) (-3.12174, 1.8092) (2.22714, -1.7135) 
(-2.43784, 1.95027) (-2.39222, 2.21491) (-2.17434, -1.67028) (1.14746, 2.18817) (-3.12174, 1.8092) (2.22712, -1.7135) 
(-2.43191, 1.96774) (-2.39222, 2.21491) (-2.16548, -1.66491) (1.21101, 2.17937) (-3.12174, 1.8092) (2.22709, -1.71349) 
(-2.42596, 1.97876) (-2.39222, 2.21491) (-2.15836, -1.66279) (1.26401, 2.17219) (-3.12174, 1.8092) (2.22711, -1.71349) 
(-2.42016, 1.98647) (-2.39222, 2.21491) (-2.15274, -1.6616) (1.30987, 2.16729) (-3.12174, 1.8092) (2.2271, -1.71349) 
(-2.41593, 1.98971) (-2.39222, 2.21491) (-2.15066, -1.66106) (1.33992, 2.16355) (-3.12174, 1.8092) (2.22712, -1.71349) 
(-2.40791, 1.99549) (-2.39222, 2.21491) (-2.15045, -1.66433) (1.42911, 2.15534) (-3.12174, 1.8092) (2.2271, -1.71348) 
(-2.40532, 1.99693) (-2.39222, 2.21491) (-2.15026, -1.66476) (1.48568, 2.14882) (-3.12174, 1.8092) (2.22711, -1.71349) 
(-2.40342, 1.99579) (-2.39222, 2.21491) (-2.15333, -1.6644) (1.53475, 2.14172) (-3.12174, 1.8092) (2.2271, -1.71349) 
(-2.40265, 1.99182) (-2.39222, 2.21491) (-2.15728, -1.66406) (1.59435, 2.13436) (-3.12174, 1.8092) (2.2271, -1.7135) 
(-2.40266, 1.98855) (-2.39222, 2.21491) (-2.16079, -1.66362) (1.65615, 2.12636) (-3.12174, 1.8092) (2.2271, -1.71349) 
(-2.40214, 1.98743) (-2.39222, 2.21491) (-2.16191, -1.66295) (1.71316, 2.11919) (-3.12174, 1.8092) (2.22709, -1.7135) 
(-2.40123, 1.98696) (-2.39222, 2.21491) (-2.16114, -1.66157) (1.77645, 2.11077) (-3.12174, 1.8092) (2.22711, -1.7135) 
(-2.39996, 1.9859) (-2.39222, 2.21491) (-2.15874, -1.65933) (1.83086, 2.10461) (-3.12174, 1.8092) (2.22709, -1.7135) 
(-2.39981, 1.98499) (-2.39222, 2.21491) (-2.15355, -1.65622) (1.89344, 2.09714) (-3.12174, 1.8092) (2.22707, -1.71348) 
(-2.40073, 1.98286) (-2.39222, 2.21491) (-2.14855, -1.65402) (1.94837, 2.09113) (-3.12174, 1.8092) (2.22709, -1.7135) 
(-2.40086, 1.97984) (-2.39222, 2.21491) (-2.14358, -1.65318) (2.01228, 2.08424) (-3.12174, 1.8092) (2.22707, -1.71349) 
(-2.4012, 1.97775) (-2.39222, 2.21491) (-2.14076, -1.65345) (2.06616, 2.08017) (-3.12174, 1.8092) (2.2271, -1.71351) 
(-2.40114, 1.97545) (-2.39222, 2.21491) (-2.13969, -1.65356) (2.11391, 2.07509) (-3.12174, 1.8092) (2.2271, -1.71349) 
(-2.40094, 1.97403) (-2.39222, 2.21491) (-2.13871, -1.65378) (2.15694, 2.06932) (-3.12174, 1.8092) (2.22708, -1.71349) 
(-2.39982, 1.97297) (-2.39222, 2.21491) (-2.1365, -1.65405) (2.21201, 2.0637) (-3.12174, 1.8092) (2.22707, -1.71349) 
(-2.39869, 1.97302) (-2.39222, 2.21491) (-2.13413, -1.65349) (2.23285, 2.05999) (-3.12174, 1.8092) (2.2271, -1.7135) 
(-2.39555, 1.97448) (-2.39222, 2.21491) (-2.13137, -1.65219) (2.2279, 2.06249) (-3.12174, 1.8092) (2.22707, -1.7135) 
(-2.39312, 1.97486) (-2.39222, 2.21491) (-2.12923, -1.65128) (2.2216, 2.06191) (-3.12174, 1.8092) (2.22708, -1.7135) 
(-2.3945, 1.97603) (-2.39222, 2.21491) (-2.12735, -1.65032) (2.2306, 2.06123) (-3.12174, 1.8092) (2.22706, -1.71348) 
(-2.39083, 1.97728) (-2.39222, 2.21491) (-2.12561, -1.64926) (2.23101, 2.06132) (-3.12174, 1.8092) (2.22707, -1.71349) 
(-2.38736, 1.97482) (-2.39222, 2.21491) (-2.12338, -1.64643) (2.2307, 2.06134) (-3.12174, 1.8092) (2.22709, -1.71351) 
(-2.39507, 1.97464) (-2.39222, 2.21491) (-2.12337, -1.64032) (2.23107, 2.06136) (-3.12174, 1.8092) (2.22708, -1.71349) 
(-2.40234, 1.9768) (-2.39222, 2.21491) (-2.12771, -1.63178) (2.2308, 2.06138) (-3.12174, 1.8092) (2.22707, -1.7135) 
(-2.40469, 1.97788) (-2.39222, 2.21491) (-2.13664, -1.62359) (2.23057, 2.06139) (-3.12174, 1.8092) (2.22707, -1.71349) 
(-2.40591, 1.97708) (-2.39222, 2.21491) (-2.14836, -1.61749) (2.23072, 2.06137) (-3.12174, 1.8092) (2.22704, -1.71347) 
(-2.41079, 1.9788) (-2.39222, 2.21491) (-2.16589, -1.61586) (2.23069, 2.06139) (-3.12174, 1.8092) (2.22707, -1.71349) 
(-2.41905, 1.98527) (-2.39222, 2.21491) (-2.1824, -1.6188) (2.23062, 2.06137) (-3.12174, 1.8092) (2.22707, -1.7135) 
(-2.42815, 1.99664) (-2.39222, 2.21491) (-2.19096, -1.62589) (2.23064, 2.06139) (-3.12174, 1.8092) (2.22705, -1.71348) 
(-2.43191, 2.00358) (-2.39222, 2.21491) (-2.18722, -1.63764) (2.23063, 2.0614) (-3.12174, 1.8092) (2.22706, -1.7135) 
(-2.43264, 2.00586) (-2.39222, 2.21491) (-2.18067, -1.64485) (2.23063, 2.06139) (-3.12174, 1.8092) (2.22708, -1.71351) 
(-2.43023, 2.01019) (-2.39222, 2.21491) (-2.14347, -1.65945) (2.23063, 2.0614) (-3.12174, 1.8092) (2.22705, -1.71349) 
(-2.42805, 2.00935) (-2.39222, 2.21491) (-2.12213, -1.65915) (2.23064, 2.0614) (-3.12174, 1.8092) (2.22707, -1.7135) 
(-2.42699, 2.00696) (-2.39222, 2.21491) (-2.11854, -1.66606) (2.23062, 2.0614) (-3.12174, 1.8092) (2.22706, -1.71351) 
(-2.42598, 2.00377) (-2.39222, 2.21491) (-2.11816, -1.67961) (2.23062, 2.06139) (-3.12174, 1.8092) (2.22706, -1.71351) 
(-2.42409, 1.99974) (-2.39222, 2.21491) (-2.12169, -1.68985) (2.23062, 2.06139) (-3.12174, 1.8092) (2.22706, -1.71349) 
(-2.42367, 1.99258) (-2.39222, 2.21491) (-2.13623, -1.70092) (2.23062, 2.0614) (-3.12174, 1.8092) (2.22706, -1.7135) 
(-2.42619, 1.98534) (-2.39222, 2.21491) (-2.15761, -1.70614) (2.23062, 2.06141) (-3.12174, 1.8092) (2.22708, -1.71352) 
(-2.42938, 1.97737) (-2.39222, 2.21491) (-2.18812, -1.7115) (2.23063, 2.06141) (-3.12174, 1.8092) (2.22707, -1.7135) 
(-2.4324, 1.9623) (-2.39222, 2.21491) (-2.22704, -1.72041) (2.23061, 2.0614) (-3.12174, 1.8092) (2.22706, -1.7135) 
(-2.4331, 1.95513) (-2.39222, 2.21491) (-2.23959, -1.72334) (2.23061, 2.06141) (-3.12174, 1.8092) (2.22706, -1.7135) 
(-2.4562, 1.92017) (-2.39222, 2.21491) (-2.28263, -1.72618) (2.23057, 2.06141) (-3.12174, 1.8092) (2.22705, -1.71349) 
(-2.46982, 1.90754) (-2.39222, 2.21491) (-2.29412, -1.72851) (2.23062, 2.0614) (-3.12174, 1.8092) (2.22706, -1.7135) 
(-2.47979, 1.88827) (-2.39222, 2.21491) (-2.30356, -1.73324) (2.2306, 2.06141) (-3.12174, 1.8092) (2.22706, -1.7135) 
(-2.47804, 1.86799) (-2.39222, 2.21491) (-2.3059, -1.73266) (2.23059, 2.0614) (-3.12174, 1.8092) (2.22708, -1.7135) 
(-2.46495, 1.84719) (-2.39222, 2.21491) (-2.29414, -1.72468) (2.23061, 2.0614) (-3.12174, 1.8092) (2.22706, -1.71349) 
(-2.45118, 1.84315) (-2.39222, 2.21491) (-2.26906, -1.71066) (2.23061, 2.06141) (-3.12174, 1.8092) (2.22706, -1.7135) 
(-2.42353, 1.84747) (-2.39222, 2.21491) (-2.23233, -1.69251) (2.2306, 2.06141) (-3.12174, 1.8092) (2.22707, -1.7135) 
(-2.3793, 1.8559) (-2.39222, 2.21491) (-2.16706, -1.66742) (2.23062, 2.06139) (-3.12174, 1.8092) (2.22708, -1.71351) 
(-2.31915, 1.8669) (-2.39222, 2.21491) (-2.07849, -1.6453) (2.23059, 2.06141) (-3.12174, 1.8092) (2.22706, -1.71349) 
(-2.26014, 1.87628) (-2.39222, 2.21491) (-1.99105, -1.63151) (2.23061, 2.06141) (-3.12174, 1.8092) (2.22704, -1.7135) 
(-2.18508, 1.89161) (-2.39222, 2.21491) (-1.88219, -1.62661) (2.23062, 2.06142) (-3.12174, 1.8092) (2.22705, -1.71349) 
(-2.11349, 1.90889) (-2.39222, 2.21491) (-1.81449, -1.63228) (2.23061, 2.06141) (-3.12174, 1.8092) (2.22705, -1.71349) 
(-2.05223, 1.92234) (-2.39222, 2.21491) (-1.76868, -1.62765) (2.23062, 2.06141) (-3.12174, 1.8092) (2.22705, -1.71348) 
(-1.98141, 1.9246) (-2.39222, 2.21491) (-1.72326, -1.618) (2.2306, 2.06141) (-3.12174, 1.8092) (2.22706, -1.7135) 
(-1.91866, 1.91404) (-2.39222, 2.21491) (-1.68436, -1.59883) (2.23061, 2.06141) (-3.12174, 1.8092) (2.22705, -1.71349) 
(-1.85788, 1.8928) (-2.39222, 2.21491) (-1.65368, -1.57431) (2.23061, 2.06139) (-3.12174, 1.8092) (2.22705, -1.71349) 
(-1.78502, 1.86768) (-2.39222, 2.21491) (-1.62255, -1.54095) (2.23061, 2.06142) (-3.12174, 1.8092) (2.22704, -1.71349) 
(-1.71312, 1.84087) (-2.39222, 2.21491) (-1.58127, -1.50691) (2.23061, 2.06141) (-3.12174, 1.8092) (2.22705, -1.71349) 
(-1.64273, 1.81183) (-2.39222, 2.21491) (-1.52216, -1.47581) (2.23061, 2.06142) (-3.12174, 1.8092) (2.22705, -1.7135) 
(-1.58231, 1.78245) (-2.39222, 2.21491) (-1.45407, -1.46973) (2.23061, 2.0614) (-3.12174, 1.8092) (2.22704, -1.71349) 
(-1.49621, 1.74406) (-2.39222, 2.21491) (-1.373, -1.47787) (2.23054, 2.06145) (-3.12174, 1.8092) (2.22705, -1.71349) 
(-1.39176, 1.72125) (-2.39222, 2.21491) (-1.28262, -1.49744) (2.23053, 2.06144) (-3.12174, 1.8092) (2.22705, -1.71349) 
(-1.274, 1.72953) (-2.39222, 2.21491) (-1.18804, -1.53077) (2.23061, 2.06142) (-3.12174, 1.8092) (2.22705, -1.7135) 
(-1.13873, 1.75782) (-2.39222, 2.21491) (-1.07378, -1.5733) (2.23061, 2.06142) (-3.12174, 1.8092) (2.22706, -1.7135) 
(-1.02355, 1.79277) (-2.39222, 2.21491) (-0.9901, -1.60112) (2.2306, 2.06141) (-3.12174, 1.8092) (2.22705, -1.7135) 
(-0.907766, 1.83254) (-2.39222, 2.21491) (-0.910713, -1.62034) (2.23061, 2.06142) (-3.12174, 1.8092) (2.22705, -1.71352) 
(-0.758799, 1.85495) (-2.39222, 2.21491) (-0.8063, -1.6345) (2.23063, 2.06141) (-3.12174, 1.8092) (2.22704, -1.71349) 
(-0.646813, 1.85005) (-2.39222, 2.21491) (-0.713003, -1.64017) (2.23064, 2.06142) (-3.12174, 1.8092) (2.22705, -1.71349) 
(-0.51887, 1.83327) (-2.39222, 2.21491) (-0.597867, -1.63888) (2.23058, 2.06143) (-3.12174, 1.8092) (2.22705, -1.71349) 
(-0.413587, 1.81366) (-2.39222, 2.21491) (-0.486019, -1.63044) (2.23061, 2.06142) (-3.12174, 1.8092) (2.22704, -1.71349) 
(-0.286257, 1.7841) (-2.39222, 2.21491) (-0.363063, -1.62534) (2.23059, 2.06141) (-3.12174, 1.8092) (2.22703, -1.71347) 
(-0.154001, 1.75841) (-2.39222, 2.21491) (-0.248338, -1.63786) (2.23053, 2.06144) (-3.12174, 1.8092) (2.22705, -1.71349) 
(-0.0379438, 1.74966) (-2.39222, 2.21491) (-0.143392, -1.65887) (2.23059, 2.06139) (-3.12174, 1.8092) (2.22703, -1.71349) 
(0.0911724, 1.75946) (-2.39222, 2.21491) (-0.0132189, -1.68966) (2.23052, 2.06143) (-3.12174, 1.8092) (2.22704, -1.71349) 
(0.198985, 1.77834) (-2.39222, 2.21491) (0.108128, -1.71881) (2.2306, 2.06143) (-3.12174, 1.8092) (2.22705, -1.71349) 
(0.316437, 1.80757) (-2.39222, 2.21491) (0.247971, -1.74761) (2.23059, 2.06141) (-3.12174, 1.8092) (2.22704, -1.71349) 
(0.450395, 1.85082) (-2.39222, 2.21491) (0.38526, -1.75448) (2.23061, 2.06141) (-3.12174, 1.8092) (2.22706, -1.71351) 
(0.579055, 1.89442) (-2.39222, 2.21491) (0.48628, -1.74462) (2.2306, 2.06142) (-3.12174, 1.8092) (2.22703, -1.71349) 
(0.726698, 1.92993) (-2.39222, 2.21491) (0.603697, -1.73332) (2.2306, 2.0614) (-3.12174, 1.8092) (2.22705, -1.71351) 
(0.780478, 1.93528) (-2.39222, 2.21491) (0.650635, -1.72905) (2.23059, 2.0614) (-3.12174, 1.8092) (2.22705, -1.71351) 
(0.97614, 1.93392) (-2.39222, 2.21491) (0.8528, -1.70303) (2.23065, 2.06146) (-3.12174, 1.8092) (2.22703, -1.71348) 
(1.0996, 1.9239) (-2.39222, 2.21491) (0.974908, -1.68176) (2.23072, 2.06157) (-3.12174, 1.8092) (2.22705, -1.7135) 
(1.21586, 1.90508) (-2.39222, 2.21491) (1.09446, -1.67471) (2.23066, 2.06151) (-3.12174, 1.8092) (2.22705, -1.71351) 
(1.35716, 1.87026) (-2.39222, 2.21491) (1.2321, -1.68025) (2.23069, 2.06154) (-3.12174, 1.8092) (2.22703, -1.7135) 
(1.48385, 1.8331) (-2.39222, 2.21491) (1.35863, -1.68673) (2.23073, 2.06155) (-3.12174, 1.8092) (2.22706, -1.7135) 
(1.58433, 1.80563) (-2.39222, 2.21491) (1.48978, -1.69059) (2.23075, 2.06158) (-3.12174, 1.8092) (2.22704, -1.71349) 
(1.70783, 1.78409) (-2.39222, 2.21491) (1.696, -1.68381) (2.23062, 2.06141) (-3.12174, 1.8092) (2.22703, -1.7135) 
(1.79165, 1.77391) (-2.39222, 2.21491) (1.84831, -1.66952) (2.23061, 2.06141) (-3.12174, 1.8092) (2.22703, -1.7135) 
(1.89125, 1.7585) (-2.39222, 2.21491) (2.02053, -1.64489) (2.23065, 2.06145) (-3.12174, 1.8092) (2.22704, -1.71351) 
(1.97956, 1.76111) (-2.39222, 2.21491) (2.15123, -1.62284) (2.23064, 2.06144) (-3.12174, 1.8092) (2.22702, -1.71348) 
(2.06547, 1.78123) (-2.39222, 2.21491) (2.24589, -1.60479) (2.23065, 2.06157) (-3.12174, 1.8092) (2.22676, -1.71337) 
(2.14359, 1.80873) (-2.39222, 2.21491) (2.30179, -1.59202) (2.23054, 2.0618) (-3.12174, 1.8092) (2.22691, -1.71364) 
(2.1947, 1.82122) (-2.39222, 2.21491) (2.33173, -1.5838) (2.23074, 2.06144) (-3.12174, 1.8092) (2.22741, -1.71302) 
(2.22013, 1.83798) (-2.39222, 2.21491) (2.34699, -1.57269) (2.23072, 2.06181) (-3.12174, 1.8092) (2.22873, -1.714) 
(2.22666, 1.86349) (-2.39222, 2.21491) (2.34679, -1.56024) (2.23043, 2.06174) (-3.12174, 1.8092) (2.22558, -1.71275) 
(2.22196, 1.89236) (-2.39222, 2.21491) (2.33133, -1.54472) (2.23054, 2.06155) (-3.12174, 1.8092) (2.21667, -1.71629) 
(2.20063, 1.92675) (-2.39222, 2.21491) (2.2949, -1.51977) (2.23046, 2.06157) (-3.12174, 1.8092) (2.20874, -1.71772) 
(2.17732, 1.94457) (-2.39222, 2.21491) (2.25539, -1.4986) (2.23085, 2.0617) (-3.12174, 1.8092) (2.19281, -1.71275) 
(2.14921, 1.96098) (-2.39222, 2.21491) (2.19272, -1.47489) (2.23122, 2.06418) (-3.12174, 1.8092) (2.15784, -1.7006) 
(2.1232, 1.97407) (-2.39222, 2.21491) (2.13931, -1.4578) (2.22949, 2.0637) (-3.12174, 1.8092) (2.13294, -1.69137) 
(2.08947, 1.98687) (-2.39222, 2.21491) (2.09117, -1.44236) (2.21561, 2.05859) (-3.12174, 1.8092) (2.10834, -1.67931) 
(2.05208, 1.99838) (-2.39222, 2.21491) (2.05214, -1.43493) (2.18706, 2.05984) (-3.12174, 1.8092) (2.07827, -1.67075) 
(2.00555, 2.01366) (-2.39222, 2.21491) (2.00373, -1.43265) (2.15031, 2.05911) (-3.12174, 1.8092) (2.03714, -1.66133) 
(1.95535, 2.03286) (-2.39222, 2.21491) (1.93934, -1.43663) (2.10678, 2.05166) (-3.12174, 1.8092) (1.98907, -1.64903) 
(1.91279, 2.05781) (-2.39222, 2.21491) (1.8684, -1.45034) (2.06232, 2.04346) (-3.12174, 1.8092) (1.94409, -1.63561) 
(1.86724, 2.09303) (-2.39222, 2.21491) (1.79123, -1.4676) (2.00561, 2.03699) (-3.12174, 1.8092) (1.89221, -1.62206) 
(1.81827, 2.13769) (-2.39222, 2.21491) (1.70211, -1.48732) (1.93199, 2.03187) (-3.12174, 1.8092) (1.82708, -1.60791) 
(1.77874, 2.17664) (-2.39222, 2.21491) (1.62118, -1.51281) (1.87506, 2.02776) (-3.12174, 1.8092) (1.76394, -1.59894) 
(1.74163, 2.21454) (-2.39222, 2.21491) (1.51928, -1.55474) (1.85564, 2.02518) (-3.12174, 1.8092) (1.67993, -1.59177) 
(1.71764, 2.23667) (-2.39222, 2.21491) (1.42716, -1.59448) (1.68845, 2.02337) (-3.12174, 1.8092) (1.59861, -1.58948) 
(1.69279, 2.25104) (-2.39222, 2.21491) (1.31369, -1.64964) (1.58656, 2.02865) (-3.12174, 1.8092) (1.49108, -1.58818) 
(1.6675, 2.25273) (-2.39222, 2.21491) (1.1911, -1.69683) (1.4877, 2.03338) (-3.12174, 1.8092) (1.38301, -1.59035) 
(1.63796, 2.24323) (-2.39222, 2.21491) (1.10248, -1.73915) (1.39403, 2.03503) (-3.12174, 1.8092) (1.27774, -1.59588) 
(1.60036, 2.21898) (-2.39222, 2.21491) (1.05543, -1.78367) (1.28732, 2.03853) (-3.12174, 1.8092) (1.15959, -1.60482) 
(1.54964, 2.17357) (-2.39222, 2.21491) (1.01412, -1.813) (1.17055, 2.04902) (-3.12174, 1.8092) (1.03112, -1.616) 
(1.49305, 2.12845) (-2.39222, 2.21491) (0.98626, -1.82495) (1.07215, 2.06094) (-3.12174, 1.8092) (0.923089, -1.62529) 
(1.41411, 2.10127) (-2.39222, 2.21491) (0.956587, -1.82071) (0.95433, 2.06955) (-3.12174, 1.8092) (0.800751, -1.63697) 
(1.34276, 2.09388) (-2.39222, 2.21491) (0.92258, -1.80337) (0.856721, 2.07444) (-3.12174, 1.8092) (0.703607, -1.64781) 
(1.26439, 2.09396) (-2.39222, 2.21491) (0.870924, -1.78763) (0.763095, 2.07928) (-3.12174, 1.8092) (0.607969, -1.65543) 
(1.2047, 2.09668) (-2.39222, 2.21491) (0.820585, -1.78305) (0.697881, 2.08262) (-3.12174, 1.8092) (0.53825, -1.65928) 
(1.06847, 2.11165) (-2.39222, 2.21491) (0.699496, -1.79756) (0.558412, 2.08999) (-3.12174, 1.8092) (0.396499, -1.6641) 
(0.960257, 2.13213) (-2.39222, 2.21491) (0.609138, -1.82381) (0.462424, 2.09153) (-3.12174, 1.8092) (0.298934, -1.66694) 
(0.84352, 2.1473) (-2.39222, 2.21491) (0.509532, -1.86502) (0.364276, 2.09556) (-3.12174, 1.8092) (0.194589, -1.6684) 
(0.745493, 2.14693) (-2.39222, 2.21491) (0.420384, -1.89359) (0.271166, 2.09733) (-3.12174, 1.8092) (0.102713, -1.6669) 
(0.658802, 2.14071) (-2.39222, 2.21491) (0.342189, -1.90453) (0.185829, 2.09822) (-3.12174, 1.8092) (0.0189068, -1.66836) 
(0.569026, 2.13323) (-2.39222, 2.21491) (0.269066, -1.90828) (0.0984758, 2.09888) (-3.12174, 1.8092) (-0.0637616, -1.67088) 
(0.44378, 2.10913) (-2.39222, 2.21491) (0.176492, -1.90137) (-0.0147203, 2.10168) (-3.12174, 1.8092) (-0.168844, -1.67725) 
(0.340394, 2.07728) (-2.39222, 2.21491) (0.0995003, -1.88503) (-0.103537, 2.10299) (-3.12174, 1.8092) (-0.251123, -1.68245) 
(0.223401, 2.04212) (-2.39222, 2.21491) (-0.00467895, -1.8564) (-0.199712, 2.10397) (-3.12174, 1.8092) (-0.340687, -1.69105) 
(0.185211, 2.03304) (-2.39222, 2.21491) (-0.0489705, -1.84336) (-0.232076, 2.1036) (-3.12174, 1.8092) (-0.369737, -1.69379) 
(0.00644832, 2.01075) (-2.39222, 2.21491) (-0.329397, -1.79601) (-0.383894, 2.09728) (-3.12174, 1.8092) (-0.50254, -1.70168) 
(-0.103065, 1.99995) (-2.39222, 2.21491) (-0.494476, -1.81449) (-0.487981, 2.09395) (-3.12174, 1.8092) (-0.572941, -1.69342) 
(-0.201309, 1.99291) (-2.39222, 2.21491) (-0.60813, -1.86638) (-0.587407, 2.09168) (-3.12174, 1.8092) (-0.626011, -1.67399) 
(-0.300569, 1.99762) (-2.39222, 2.21491) (-0.699988, -1.9267) (-0.688008, 2.08771) (-3.12174, 1.8092) (-0.675916, -1.65526) 
(-0.409291, 2.01035) (-2.39222, 2.21491) (-0.763556, -1.98004) (-0.78769, 2.08017) (-3.12174, 1.8092) (-0.721351, -1.64261) 
(-0.49043, 2.01766) (-2.39222, 2.21491) (-0.790725, -2.00425) (-0.850907, 2.0779) (-3.12174, 1.8092) (-0.745456, -1.63521) 
(-0.655437, 2.01656) (-2.39222, 2.21491) (-0.814219, -2.03103) (-0.982957, 2.0756) (-3.12174, 1.8092) (-0.776851, -1.61887) 
(-0.735754, 2.00654) (-2.39222, 2.21491) (-0.817237, -2.03447) (-1.05184, 2.07192) (-3.12174, 1.8092) (-0.787097, -1.61117) 
(-0.85594, 2.00007) (-2.39222, 2.21491) (-0.817558, -2.02826) (-1.1671, 2.066) (-3.12174, 1.8092) (-0.794582, -1.59945) 
(-0.946576, 1.99316) (-2.39222, 2.21491) (-0.815863, -2.0181) (-1.26056, 2.06112) (-3.12174, 1.8092) (-0.793628, -1.59284) 
(-1.03334, 1.97545) (-2.39222, 2.21491) (-0.816599, -1.99207) (-1.34689, 2.05702) (-3.12174, 1.8092) (-0.790887, -1.59032) 
(-1.12318, 1.95696) (-2.39222, 2.21491) (-0.809384, -1.9458) (-1.4299, 2.0546) (-3.12174, 1.8092) (-0.788501, -1.59086) 
(-1.21875, 1.95272) (-2.39222, 2.21491) (-0.785696, -1.90534) (-1.50561, 2.04973) (-3.12174, 1.8092) (-0.788202, -1.59243) 
(-1.30546, 1.95821) (-2.39222, 2.21491) (-0.77076, -1.87782) (-1.57731, 2.04633) (-3.12174, 1.8092) (-0.787631, -1.59309) 
(-1.3779, 1.96838) (-2.39222, 2.21491) (-0.764317, -1.86278) (-1.64186, 2.04387) (-3.12174, 1.8092) (-0.787958, -1.59491) 
(-1.44291, 1.98456) (-2.39222, 2.21491) (-0.760285, -1.85384) (-1.70186, 2.04103) (-3.12174, 1.8092) (-0.790636, -1.59705) 
