(2.2447, 2.05182) (-3.27099, 2.28561) (2.28478, -1.86628) (-2.40504, 2.20059) (-3.32121, 2.68918) (-2.31417, -1.47002) 
(2.24271, 2.05257) (-3.27099, 2.28561) (2.27616, -1.87531) (-2.40511, 2.20064) (-3.32121, 2.68918) (-2.31429, -1.46998) 
(2.24173, 2.0532) (-3.27099, 2.28561) (2.26815, -1.88119) (-2.39391, 2.19735) (-3.32121, 2.68918) (-2.31115, -1.46859) 
(2.24002, 2.0534) (-3.27099, 2.28561) (2.26027, -1.88965) (-2.35063, 2.19049) (-3.32121, 2.68918) (-2.27174, -1.46873) 
(2.23798, 2.0527) (-3.27099, 2.28561) (2.25032, -1.8977) (-2.31879, 2.176) (-3.32121, 2.68918) (-2.23245, -1.46151) 
(2.22906, 2.04849) (-3.27099, 2.28561) (2.24225, -1.89564) (-2.28812, 2.16117) (-3.32121, 2.68918) (-2.20724, -1.44988) 
(2.20823, 2.04497) (-3.27099, 2.28561) (2.23498, -1.88989) (-2.25561, 2.14123) (-3.32121, 2.68918) (-2.18796, -1.43503) 
(2.1703, 2.04017) (-3.27099, 2.28561) (2.22648, -1.88194) (-2.2223, 2.12275) (-3.32121, 2.68918) (-2.171, -1.41868) 
(2.12898, 2.03106) (-3.27099, 2.28561) (2.2129, -1.8733) (-2.1857, 2.10592) (-3.32121, 2.68918) (-2.1607, -1.40264) 
(2.0741, 2.02609) (-3.27099, 2.28561) (2.19234, -1.86688) (-2.15021, 2.08956) (-3.32121, 2.68918) (-2.15164, -1.38174) 
(2.02012, 2.02245) (-3.27099, 2.28561) (2.16563, -1.8629) (-2.11573, 2.07655) (-3.32121, 2.68918) (-2.14805, -1.36376) 
(1.95549, 2.02567) (-3.27099, 2.28561) (2.13544, -1.84661) (-2.07693, 2.06512) (-3.32121, 2.68918) (-2.14307, -1.34351) 
(1.87684, 2.03645) (-3.27099, 2.28561) (2.09842, -1.81529) (-2.03282, 2.05079) (-3.32121, 2.68918) (-2.13263, -1.31151) 
(1.79347, 2.04897) (-3.27099, 2.28561) (2.05621, -1.76194) (-1.98286, 2.03375) (-3.32121, 2.68918) (-2.11966, -1.28462) 
(1.72324, 2.05643) (-3.27099, 2.28561) (2.01986, -1.69836) (-1.93558, 2.01511) (-3.32121, 2.68918) (-2.10411, -1.26669) 
(1.65786, 2.05968) (-3.27099, 2.28561) (1.98732, -1.62966) (-1.89323, 1.99905) (-3.32121, 2.68918) (-2.08686, -1.24571) 
(1.5786, 2.05564) (-3.27099, 2.28561) (1.94948, -1.55212) (-1.84101, 1.9764) (-3.32121, 2.68918) (-2.06685, -1.2235) 
(1.50677, 2.04402) (-3.27099, 2.28561) (1.91184, -1.49661) (-1.79577, 1.95724) (-3.32121, 2.68918) (-2.0488, -1.19959) 
(1.42938, 2.02001) (-3.27099, 2.28561) (1.85792, -1.43999) (-1.75014, 1.9368) (-3.32121, 2.68918) (-2.03014, -1.17123) 
(1.35001, 1.98869) (-3.27099, 2.28561) (1.79373, -1.38653) (-1.70266, 1.91724) (-3.32121, 2.68918) (-2.01306, -1.13814) 
(1.26778, 1.95028) (-3.27099, 2.28561) (1.71842, -1.333) (-1.65421, 1.89938) (-3.32121, 2.68918) (-1.9995, -1.1047) 
(1.19029, 1.91252) (-3.27099, 2.28561) (1.63428, -1.28581) (-1.60388, 1.8799) (-3.32121, 2.68918) (-1.98377, -1.06848) 
(1.11594, 1.87813) (-3.27099, 2.28561) (1.54302, -1.23488) (-1.55252, 1.86092) (-3.32121, 2.68918) (-1.96301, -1.02875) 
(1.05013, 1.84962) (-3.27099, 2.28561) (1.47245, -1.18483) (-1.50522, 1.84368) (-3.32121, 2.68918) (-1.9406, -0.989822) 
(0.971808, 1.81729) (-3.27099, 2.28561) (1.40626, -1.12194) (-1.44865, 1.82284) (-3.32121, 2.68918) (-1.91416, -0.946036) 
(0.899799, 1.79062) (-3.27099, 2.28561) (1.34903, -1.06088) (-1.39583, 1.80255) (-3.32121, 2.68918) (-1.88933, -0.906839) 
(0.831812, 1.7705) (-3.27099, 2.28561) (1.29302, -0.99903) (-1.35613, 1.78584) (-3.32121, 2.68918) (-1.86667, -0.875252) 
(0.751767, 1.74854) (-3.27099, 2.28561) (1.22797, -0.920505) (-1.30474, 1.77778) (-3.32121, 2.68918) (-1.83791, -0.831852) 
(0.687881, 1.73071) (-3.27099, 2.28561) (1.17187, -0.847253) (-1.25788, 1.77227) (-3.32121, 2.68918) (-1.81319, -0.791831) 
(0.617303, 1.70827) (-3.27099, 2.28561) (1.10949, -0.769757) (-1.20784, 1.77687) (-3.32121, 2.68918) (-1.78429, -0.743586) 
(0.556208, 1.68744) (-3.27099, 2.28561) (1.05023, -0.716609) (-1.16632, 1.78174) (-3.32121, 2.68918) (-1.75834, -0.695527) 
(0.509661, 1.67083) (-3.27099, 2.28561) (0.999408, -0.68196) (-1.12498, 1.78807) (-3.32121, 2.68918) (-1.73583, -0.650898) 
