(1.32005, -0.424705) (2.47431, -0.300415) (-2.54005, 0.658277) (-1.54506, 0.675807) (-0.109909, 2.52423) (-0.230029, -2.00702) 
(1.321, -0.424816) (2.47619, -0.301251) (-2.54054, 0.658793) (-1.54513, 0.675806) (-0.10989, 2.52423) (-0.230049, -2.00703) 
(1.32067, -0.424396) (2.47704, -0.302772) (-2.54066, 0.659727) (-1.54514, 0.675809) (-0.109903, 2.52423) (-0.230024, -2.00704) 
(1.32107, -0.42457) (2.47761, -0.30442) (-2.54057, 0.660849) (-1.5394, 0.678759) (-0.112938, 2.51048) (-0.230542, -2.00332) 
(1.32219, -0.424449) (2.47852, -0.30663) (-2.54053, 0.662151) (-1.49449, 0.679974) (-0.109668, 2.465) (-0.231135, -1.96071) 
(1.32166, -0.424243) (2.47861, -0.307621) (-2.53869, 0.663859) (-1.45895, 0.69215) (-0.114077, 2.43042) (-0.238121, -1.92918) 
(1.31424, -0.427428) (2.47521, -0.305646) (-2.52714, 0.667497) (-1.43493, 0.707017) (-0.1149, 2.39118) (-0.246808, -1.89632) 
(1.30144, -0.435419) (2.47057, -0.301947) (-2.50231, 0.673968) (-1.41557, 0.726294) (-0.120233, 2.35937) (-0.251666, -1.86776) 
(1.28358, -0.449708) (2.46511, -0.295988) (-2.46168, 0.688472) (-1.39474, 0.745211) (-0.128978, 2.32127) (-0.255108, -1.83377) 
(1.26913, -0.462001) (2.46082, -0.290396) (-2.42084, 0.694488) (-1.37704, 0.75892) (-0.134839, 2.28976) (-0.25018, -1.81348) 
(1.25055, -0.47584) (2.45283, -0.28233) (-2.37859, 0.692774) (-1.35857, 0.773253) (-0.143305, 2.25704) (-0.242516, -1.7858) 
(1.22222, -0.491293) (2.43186, -0.268511) (-2.31029, 0.689404) (-1.33469, 0.77838) (-0.145888, 2.21555) (-0.226294, -1.75452) 
(1.20769, -0.496135) (2.42056, -0.2626) (-2.27829, 0.685824) (-1.32588, 0.781203) (-0.146388, 2.19735) (-0.22098, -1.74448) 
(1.14513, -0.497928) (2.3778, -0.251428) (-2.17877, 0.671033) (-1.30273, 0.779459) (-0.140752, 2.1483) (-0.203512, -1.71292) 
(1.07889, -0.480469) (2.3352, -0.25231) (-2.10711, 0.666579) (-1.28187, 0.780818) (-0.129269, 2.1113) (-0.192275, -1.68574) 
(1.01989, -0.454666) (2.28841, -0.257715) (-2.04841, 0.667589) (-1.26544, 0.782859) (-0.119151, 2.07871) (-0.192571, -1.66842) 
(0.949511, -0.418156) (2.22445, -0.2723) (-1.98744, 0.673925) (-1.24992, 0.78608) (-0.10757, 2.04354) (-0.195595, -1.65376) 
(0.887971, -0.386423) (2.17214, -0.295714) (-1.94259, 0.682689) (-1.2332, 0.792337) (-0.099979, 2.01752) (-0.197122, -1.63777) 
(0.8265, -0.35696) (2.11182, -0.331357) (-1.89439, 0.69849) (-1.21701, 0.804001) (-0.0972627, 1.98476) (-0.197363, -1.61284) 
(0.772894, -0.337663) (2.05753, -0.361316) (-1.85758, 0.717749) (-1.20426, 0.816097) (-0.101007, 1.95301) (-0.19666, -1.58534) 
(0.728924, -0.328782) (2.00603, -0.382732) (-1.82423, 0.736921) (-1.19333, 0.829434) (-0.103964, 1.91373) (-0.188944, -1.57416) 
(0.673249, -0.323471) (1.94682, -0.393159) (-1.78837, 0.749497) (-1.18488, 0.845016) (-0.11019, 1.87743) (-0.180035, -1.5566) 
(0.619093, -0.322664) (1.88679, -0.39335) (-1.75893, 0.757172) (-1.17955, 0.860135) (-0.109006, 1.8445) (-0.166218, -1.53955) 
(0.559713, -0.327652) (1.80062, -0.384329) (-1.72361, 0.758834) (-1.17012, 0.882849) (-0.104627, 1.80421) (-0.151317, -1.52147) 
(0.521863, -0.332012) (1.73067, -0.369192) (-1.70166, 0.747323) (-1.16198, 0.901071) (-0.100444, 1.76887) (-0.141741, -1.50695) 
(0.495928, -0.329396) (1.65829, -0.347138) (-1.68512, 0.727503) (-1.15268, 0.916098) (-0.0960582, 1.72965) (-0.132985, -1.48994) 
