(2.21514, 1.97403) (-3.1577, 2.1536) (2.43763, -1.74073) (-2.45942, 2.17884) (-3.31603, 2.4055) (-2.25716, -1.4864) 
(2.218, 1.97113) (-3.1577, 2.1536) (2.43667, -1.74088) (-2.45941, 2.17883) (-3.31603, 2.4055) (-2.2572, -1.48642) 
(2.22093, 1.96858) (-3.1577, 2.1536) (2.43551, -1.7412) (-2.45596, 2.17864) (-3.31603, 2.4055) (-2.25705, -1.48781) 
(2.22367, 1.96665) (-3.1577, 2.1536) (2.43312, -1.74245) (-2.39825, 2.17437) (-3.31603, 2.4055) (-2.21049, -1.49801) 
(2.22377, 1.96431) (-3.1577, 2.1536) (2.42409, -1.74941) (-2.3402, 2.17545) (-3.31603, 2.4055) (-2.12224, -1.49267) 
(2.21726, 1.9623) (-3.1577, 2.1536) (2.40746, -1.76315) (-2.29571, 2.16963) (-3.31603, 2.4055) (-2.07751, -1.50128) 
(2.20068, 1.95556) (-3.1577, 2.1536) (2.3687, -1.78878) (-2.23969, 2.1634) (-3.31603, 2.4055) (-2.03208, -1.50343) 
(2.1798, 1.94757) (-3.1577, 2.1536) (2.32052, -1.81498) (-2.19052, 2.15862) (-3.31603, 2.4055) (-1.98737, -1.5062) 
(2.15197, 1.93946) (-3.1577, 2.1536) (2.25971, -1.82393) (-2.14232, 2.15142) (-3.31603, 2.4055) (-1.94137, -1.50821) 
(2.10451, 1.93392) (-3.1577, 2.1536) (2.16748, -1.81669) (-2.08463, 2.14416) (-3.31603, 2.4055) (-1.87874, -1.50983) 
(2.06873, 1.9349) (-3.1577, 2.1536) (2.10122, -1.80439) (-2.04596, 2.14081) (-3.31603, 2.4055) (-1.83709, -1.51217) 
(2.01319, 1.94297) (-3.1577, 2.1536) (2.00931, -1.77474) (-1.99466, 2.13567) (-3.31603, 2.4055) (-1.77681, -1.51498) 
(1.93491, 1.96413) (-3.1577, 2.1536) (1.8902, -1.72861) (-1.93587, 2.13162) (-3.31603, 2.4055) (-1.71573, -1.51831) 
(1.86456, 1.98758) (-3.1577, 2.1536) (1.80478, -1.6969) (-1.88668, 2.1271) (-3.31603, 2.4055) (-1.66758, -1.51997) 
(1.77368, 2.01687) (-3.1577, 2.1536) (1.70589, -1.69019) (-1.83085, 2.12187) (-3.31603, 2.4055) (-1.61111, -1.52476) 
(1.69828, 2.0389) (-3.1577, 2.1536) (1.62038, -1.69816) (-1.77667, 2.11581) (-3.31603, 2.4055) (-1.55817, -1.52774) 
(1.63211, 2.05131) (-3.1577, 2.1536) (1.54131, -1.70526) (-1.72796, 2.11159) (-3.31603, 2.4055) (-1.50708, -1.5313) 
(1.54784, 2.05726) (-3.1577, 2.1536) (1.44779, -1.72076) (-1.66854, 2.10657) (-3.31603, 2.4055) (-1.44743, -1.53443) 
(1.47238, 2.05556) (-3.1577, 2.1536) (1.35729, -1.73866) (-1.61757, 2.10259) (-3.31603, 2.4055) (-1.39648, -1.53724) 
(1.37048, 2.04557) (-3.1577, 2.1536) (1.23922, -1.7599) (-1.55332, 2.09806) (-3.31603, 2.4055) (-1.33297, -1.5401) 
(1.28406, 2.03122) (-3.1577, 2.1536) (1.15584, -1.76381) (-1.50275, 2.09436) (-3.31603, 2.4055) (-1.2831, -1.54339) 
(1.17708, 2.01365) (-3.1577, 2.1536) (1.05874, -1.75526) (-1.44248, 2.08989) (-3.31603, 2.4055) (-1.22179, -1.54638) 
(1.10462, 2.00475) (-3.1577, 2.1536) (0.992704, -1.75329) (-1.40112, 2.08735) (-3.31603, 2.4055) (-1.18008, -1.54892) 
(0.99938, 2.00201) (-3.1577, 2.1536) (0.885432, -1.74687) (-1.33757, 2.08273) (-3.31603, 2.4055) (-1.12565, -1.55084) 
(0.90806, 2.0083) (-3.1577, 2.1536) (0.782995, -1.73608) (-1.2829, 2.07831) (-3.31603, 2.4055) (-1.08524, -1.54437) 
(0.812697, 2.01891) (-3.1577, 2.1536) (0.683141, -1.72232) (-1.23185, 2.07327) (-3.31603, 2.4055) (-1.0376, -1.53193) 
(0.722967, 2.03539) (-3.1577, 2.1536) (0.596232, -1.71129) (-1.19276, 2.07901) (-3.31603, 2.4055) (-0.996705, -1.51478) 
(0.611918, 2.06404) (-3.1577, 2.1536) (0.489403, -1.71709) (-1.14159, 2.08682) (-3.31603, 2.4055) (-0.95705, -1.49235) 
(0.512368, 2.08983) (-3.1577, 2.1536) (0.396839, -1.73647) (-1.09612, 2.09145) (-3.31603, 2.4055) (-0.927612, -1.47274) 
(0.418277, 2.10954) (-3.1577, 2.1536) (0.297309, -1.76031) (-1.05413, 2.09693) (-3.31603, 2.4055) (-0.893349, -1.44845) 
(0.320388, 2.1196) (-3.1577, 2.1536) (0.189538, -1.79752) (-1.00985, 2.08884) (-3.31603, 2.4055) (-0.844762, -1.41615) 
(0.250152, 2.1192) (-3.1577, 2.1536) (0.0975519, -1.83628) (-0.97757, 2.07953) (-3.31603, 2.4055) (-0.810708, -1.39273) 
(0.184587, 2.11507) (-3.1577, 2.1536) (0.0190473, -1.85988) (-0.948226, 2.06464) (-3.31603, 2.4055) (-0.769303, -1.37916) 
(0.102233, 2.10215) (-3.1577, 2.1536) (-0.0728397, -1.86535) (-0.919044, 2.04091) (-3.31603, 2.4055) (-0.729811, -1.37264) 
(0.0100648, 2.08015) (-3.1577, 2.1536) (-0.167976, -1.86191) (-0.892387, 2.01301) (-3.31603, 2.4055) (-0.680002, -1.37173) 
(-0.0720557, 2.06343) (-3.1577, 2.1536) (-0.255599, -1.85441) (-0.879096, 1.98869) (-3.31603, 2.4055) (-0.645189, -1.37648) 
(-0.160999, 2.05183) (-3.1577, 2.1536) (-0.369212, -1.83388) (-0.869184, 1.9631) (-3.31603, 2.4055) (-0.610065, -1.38204) 
(-0.231011, 2.04941) (-3.1577, 2.1536) (-0.461888, -1.81265) (-0.865538, 1.94045) (-3.31603, 2.4055) (-0.579033, -1.3835) 
(-0.293215, 2.05188) (-3.1577, 2.1536) (-0.544943, -1.79476) (-0.865522, 1.91968) (-3.31603, 2.4055) (-0.549795, -1.38395) 
(-0.364767, 2.06281) (-3.1577, 2.1536) (-0.632162, -1.78671) (-0.872887, 1.89874) (-3.31603, 2.4055) (-0.525299, -1.37422) 
(-0.445432, 2.09059) (-3.1577, 2.1536) (-0.721876, -1.77702) (-0.881322, 1.87555) (-3.31603, 2.4055) (-0.499296, -1.36224) 
(-0.518408, 2.1244) (-3.1577, 2.1536) (-0.797296, -1.769) (-0.893196, 1.86216) (-3.31603, 2.4055) (-0.481109, -1.34873) 
(-0.612815, 2.17057) (-3.1577, 2.1536) (-0.889737, -1.76435) (-0.910703, 1.84372) (-3.31603, 2.4055) (-0.459654, -1.33244) 
(-0.70339, 2.20882) (-3.1577, 2.1536) (-0.977628, -1.76708) (-0.930093, 1.83182) (-3.31603, 2.4055) (-0.435223, -1.32388) 
(-0.791553, 2.23796) (-3.1577, 2.1536) (-1.07223, -1.76883) (-0.950765, 1.82172) (-3.31603, 2.4055) (-0.418393, -1.32384) 
(-0.864793, 2.25203) (-3.1577, 2.1536) (-1.14792, -1.77126) (-0.965039, 1.81478) (-3.31603, 2.4055) (-0.394309, -1.32231) 
(-0.942205, 2.25991) (-3.1577, 2.1536) (-1.23942, -1.75764) (-0.983917, 1.80414) (-3.31603, 2.4055) (-0.36474, -1.32856) 
(-1.00924, 2.26287) (-3.1577, 2.1536) (-1.31504, -1.74029) (-0.995342, 1.79485) (-3.31603, 2.4055) (-0.345088, -1.33564) 
(-1.07969, 2.26149) (-3.1577, 2.1536) (-1.39886, -1.71601) (-1.00339, 1.7802) (-3.31603, 2.4055) (-0.324564, -1.34574) 
(-1.17599, 2.25294) (-3.1577, 2.1536) (-1.51365, -1.67541) (-1.01364, 1.76169) (-3.31603, 2.4055) (-0.2987, -1.35687) 
(-1.25882, 2.24293) (-3.1577, 2.1536) (-1.61611, -1.63781) (-1.01846, 1.74412) (-3.31603, 2.4055) (-0.270456, -1.36786) 
(-1.31698, 2.23801) (-3.1577, 2.1536) (-1.68998, -1.61312) (-1.02019, 1.72996) (-3.31603, 2.4055) (-0.248515, -1.37304) 
(-1.40482, 2.23879) (-3.1577, 2.1536) (-1.79939, -1.58443) (-1.01965, 1.70913) (-3.31603, 2.4055) (-0.219566, -1.37566) 
(-1.47445, 2.24166) (-3.1577, 2.1536) (-1.86897, -1.57406) (-1.01646, 1.69243) (-3.31603, 2.4055) (-0.196332, -1.37698) 
(-1.55422, 2.24593) (-3.1577, 2.1536) (-1.9362, -1.56912) (-1.01104, 1.67552) (-3.31603, 2.4055) (-0.167489, -1.37783) 
(-1.64457, 2.25774) (-3.1577, 2.1536) (-2.01168, -1.56635) (-1.00116, 1.65764) (-3.31603, 2.4055) (-0.131311, -1.37949) 
(-1.72942, 2.27549) (-3.1577, 2.1536) (-2.08224, -1.5684) (-0.990229, 1.64389) (-3.31603, 2.4055) (-0.0929044, -1.38499) 
(-1.81752, 2.29186) (-3.1577, 2.1536) (-2.15046, -1.56877) (-0.976653, 1.63077) (-3.31603, 2.4055) (-0.0548594, -1.39203) 
(-1.90047, 2.3036) (-3.1577, 2.1536) (-2.20124, -1.57087) (-0.961703, 1.62037) (-3.31603, 2.4055) (-0.0156032, -1.40011) 
(-1.97673, 2.30326) (-3.1577, 2.1536) (-2.24045, -1.56396) (-0.946963, 1.6128) (-3.31603, 2.4055) (0.0280858, -1.41134) 
(-2.05813, 2.29166) (-3.1577, 2.1536) (-2.27281, -1.55135) (-0.926943, 1.60871) (-3.31603, 2.4055) (0.077032, -1.42204) 
(-2.1165, 2.27819) (-3.1577, 2.1536) (-2.29449, -1.53875) (-0.916844, 1.60626) (-3.31603, 2.4055) (0.116137, -1.4309) 
(-2.17608, 2.25262) (-3.1577, 2.1536) (-2.31449, -1.51691) (-0.894336, 1.60843) (-3.31603, 2.4055) (0.159382, -1.43878) 
(-2.22492, 2.21909) (-3.1577, 2.1536) (-2.33676, -1.49569) (-0.874809, 1.61111) (-3.31603, 2.4055) (0.201768, -1.44407) 
(-2.27275, 2.17161) (-3.1577, 2.1536) (-2.36293, -1.476) (-0.852765, 1.61784) (-3.31603, 2.4055) (0.253221, -1.45055) 
(-2.30622, 2.13117) (-3.1577, 2.1536) (-2.39532, -1.46734) (-0.833061, 1.62597) (-3.31603, 2.4055) (0.302517, -1.4575) 
(-2.33558, 2.09839) (-3.1577, 2.1536) (-2.43737, -1.45996) (-0.804758, 1.63349) (-3.31603, 2.4055) (0.361577, -1.46593) 
(-2.35959, 2.07977) (-3.1577, 2.1536) (-2.47906, -1.45025) (-0.780259, 1.63896) (-3.31603, 2.4055) (0.41236, -1.47275) 
(-2.37917, 2.06612) (-3.1577, 2.1536) (-2.52346, -1.43758) (-0.751887, 1.64115) (-3.31603, 2.4055) (0.463784, -1.48168) 
(-2.40252, 2.05189) (-3.1577, 2.1536) (-2.56214, -1.42488) (-0.721231, 1.64247) (-3.31603, 2.4055) (0.520745, -1.49422) 
(-2.42877, 2.03916) (-3.1577, 2.1536) (-2.58348, -1.41263) (-0.67818, 1.64319) (-3.31603, 2.4055) (0.586698, -1.5053) 
(-2.44795, 2.03548) (-3.1577, 2.1536) (-2.58985, -1.40933) (-0.65128, 1.64452) (-3.31603, 2.4055) (0.629249, -1.51203) 
(-2.48067, 2.02993) (-3.1577, 2.1536) (-2.58944, -1.42343) (-0.599767, 1.64742) (-3.31603, 2.4055) (0.684897, -1.51995) 
(-2.50479, 2.02693) (-3.1577, 2.1536) (-2.58536, -1.4431) (-0.561759, 1.65016) (-3.31603, 2.4055) (0.725849, -1.5267) 
(-2.53068, 2.02267) (-3.1577, 2.1536) (-2.57994, -1.47069) (-0.514315, 1.65358) (-3.31603, 2.4055) (0.783124, -1.53326) 
(-2.54434, 2.01976) (-3.1577, 2.1536) (-2.56993, -1.49752) (-0.471143, 1.65761) (-3.31603, 2.4055) (0.836814, -1.54014) 
(-2.55327, 2.02233) (-3.1577, 2.1536) (-2.55568, -1.52523) (-0.417653, 1.66262) (-3.31603, 2.4055) (0.897466, -1.54867) 
(-2.5532, 2.02765) (-3.1577, 2.1536) (-2.5406, -1.54839) (-0.370089, 1.66743) (-3.31603, 2.4055) (0.950561, -1.55695) 
(-2.5467, 2.03553) (-3.1577, 2.1536) (-2.5209, -1.56767) (-0.319729, 1.67197) (-3.31603, 2.4055) (1.00672, -1.56437) 
(-2.53529, 2.04678) (-3.1577, 2.1536) (-2.49349, -1.57969) (-0.267261, 1.67667) (-3.31603, 2.4055) (1.06289, -1.57324) 
(-2.5188, 2.06247) (-3.1577, 2.1536) (-2.4606, -1.58547) (-0.211576, 1.68243) (-3.31603, 2.4055) (1.12234, -1.58239) 
(-2.49924, 2.08196) (-3.1577, 2.1536) (-2.44514, -1.59067) (-0.158743, 1.68722) (-3.31603, 2.4055) (1.17406, -1.59113) 
(-2.47749, 2.1044) (-3.1577, 2.1536) (-2.44209, -1.59606) (-0.105131, 1.69128) (-3.31603, 2.4055) (1.22671, -1.59863) 
(-2.45192, 2.12611) (-3.1577, 2.1536) (-2.44299, -1.59918) (-0.0503828, 1.69654) (-3.31603, 2.4055) (1.27987, -1.60545) 
(-2.42013, 2.1458) (-3.1577, 2.1536) (-2.44899, -1.60048) (0.00989524, 1.70237) (-3.31603, 2.4055) (1.33906, -1.6133) 
(-2.39321, 2.15674) (-3.1577, 2.1536) (-2.452, -1.59315) (0.0613722, 1.70711) (-3.31603, 2.4055) (1.39154, -1.62085) 
(-2.37287, 2.16471) (-3.1577, 2.1536) (-2.45927, -1.57805) (0.121326, 1.71301) (-3.31603, 2.4055) (1.45413, -1.62926) 
(-2.36822, 2.16923) (-3.1577, 2.1536) (-2.46262, -1.56856) (0.169109, 1.71777) (-3.31603, 2.4055) (1.50087, -1.6351) 
(-2.36921, 2.17013) (-3.1577, 2.1536) (-2.46666, -1.55984) (0.226046, 1.72398) (-3.31603, 2.4055) (1.55733, -1.64315) 
(-2.37343, 2.16625) (-3.1577, 2.1536) (-2.47367, -1.55494) (0.283727, 1.72933) (-3.31603, 2.4055) (1.61404, -1.65207) 
(-2.38697, 2.15734) (-3.1577, 2.1536) (-2.48198, -1.55732) (0.349045, 1.73554) (-3.31603, 2.4055) (1.67866, -1.66001) 
(-2.40179, 2.15293) (-3.1577, 2.1536) (-2.49145, -1.55995) (0.393621, 1.74006) (-3.31603, 2.4055) (1.72579, -1.66571) 
(-2.42576, 2.14693) (-3.1577, 2.1536) (-2.50375, -1.56258) (0.459199, 1.74624) (-3.31603, 2.4055) (1.79004, -1.67416) 
(-2.43979, 2.14278) (-3.1577, 2.1536) (-2.51087, -1.56619) (0.50681, 1.75177) (-3.31603, 2.4055) (1.83655, -1.6797) 
(-2.45275, 2.13802) (-3.1577, 2.1536) (-2.51426, -1.57022) (0.564658, 1.75805) (-3.31603, 2.4055) (1.89242, -1.68616) 
(-2.46157, 2.133) (-3.1577, 2.1536) (-2.51425, -1.57055) (0.618259, 1.76476) (-3.31603, 2.4055) (1.94441, -1.69185) 
(-2.46846, 2.12603) (-3.1577, 2.1536) (-2.51455, -1.57278) (0.676597, 1.77143) (-3.31603, 2.4055) (2.00724, -1.69893) 
(-2.47195, 2.12031) (-3.1577, 2.1536) (-2.51523, -1.5779) (0.725738, 1.7769) (-3.31603, 2.4055) (2.05928, -1.70527) 
(-2.47582, 2.11565) (-3.1577, 2.1536) (-2.5177, -1.58259) (0.795913, 1.78326) (-3.31603, 2.4055) (2.12514, -1.71243) 
(-2.47803, 2.11509) (-3.1577, 2.1536) (-2.5193, -1.58635) (0.853918, 1.7902) (-3.31603, 2.4055) (2.1773, -1.71781) 
(-2.47909, 2.11475) (-3.1577, 2.1536) (-2.52076, -1.58804) (0.90648, 1.79773) (-3.31603, 2.4055) (2.22172, -1.72238) 
(-2.47949, 2.11375) (-3.1577, 2.1536) (-2.52259, -1.58908) (0.960774, 1.80287) (-3.31603, 2.4055) (2.26613, -1.72652) 
(-2.47976, 2.11227) (-3.1577, 2.1536) (-2.5238, -1.58991) (1.02432, 1.81109) (-3.31603, 2.4055) (2.28804, -1.72919) 
(-2.47836, 2.11093) (-3.1577, 2.1536) (-2.52452, -1.59087) (1.07815, 1.81854) (-3.31603, 2.4055) (2.28351, -1.72901) 
(-2.47249, 2.10991) (-3.1577, 2.1536) (-2.52512, -1.59272) (1.1392, 1.82625) (-3.31603, 2.4055) (2.27745, -1.72745) 
(-2.46504, 2.10857) (-3.1577, 2.1536) (-2.52625, -1.59553) (1.1978, 1.83361) (-3.31603, 2.4055) (2.2827, -1.72826) 
(-2.45746, 2.10958) (-3.1577, 2.1536) (-2.52896, -1.59768) (1.25705, 1.84106) (-3.31603, 2.4055) (2.28462, -1.72854) 
(-2.45226, 2.11027) (-3.1577, 2.1536) (-2.53337, -1.59859) (1.31429, 1.84864) (-3.31603, 2.4055) (2.2832, -1.72826) 
(-2.44547, 2.10822) (-3.1577, 2.1536) (-2.53694, -1.59783) (1.36952, 1.85501) (-3.31603, 2.4055) (2.28332, -1.72826) 
(-2.44125, 2.10513) (-3.1577, 2.1536) (-2.53903, -1.59606) (1.42123, 1.86262) (-3.31603, 2.4055) (2.2836, -1.72839) 
(-2.45054, 2.10878) (-3.1577, 2.1536) (-2.54054, -1.5947) (1.49096, 1.87113) (-3.31603, 2.4055) (2.28327, -1.72841) 
(-2.45577, 2.10993) (-3.1577, 2.1536) (-2.54192, -1.59374) (1.54512, 1.88021) (-3.31603, 2.4055) (2.28347, -1.72836) 
(-2.45741, 2.10729) (-3.1577, 2.1536) (-2.54358, -1.59257) (1.59337, 1.88783) (-3.31603, 2.4055) (2.28331, -1.72837) 
(-2.4613, 2.11882) (-3.1577, 2.1536) (-2.54697, -1.5896) (1.66192, 1.89841) (-3.31603, 2.4055) (2.2834, -1.72835) 
(-2.46071, 2.12769) (-3.1577, 2.1536) (-2.55054, -1.58598) (1.72472, 1.90922) (-3.31603, 2.4055) (2.28344, -1.72836) 
(-2.46481, 2.13075) (-3.1577, 2.1536) (-2.55339, -1.58408) (1.77749, 1.91909) (-3.31603, 2.4055) (2.28334, -1.72837) 
(-2.46923, 2.12831) (-3.1577, 2.1536) (-2.55392, -1.58422) (1.84263, 1.92953) (-3.31603, 2.4055) (2.2834, -1.72836) 
(-2.47144, 2.12771) (-3.1577, 2.1536) (-2.55321, -1.58515) (1.90115, 1.93788) (-3.31603, 2.4055) (2.28338, -1.72836) 
(-2.4716, 2.12776) (-3.1577, 2.1536) (-2.55419, -1.58647) (1.94905, 1.94653) (-3.31603, 2.4055) (2.28336, -1.72836) 
(-2.47454, 2.13174) (-3.1577, 2.1536) (-2.55533, -1.58736) (2.0094, 1.96062) (-3.31603, 2.4055) (2.28338, -1.72838) 
(-2.48147, 2.13913) (-3.1577, 2.1536) (-2.55602, -1.58763) (2.06053, 1.97044) (-3.31603, 2.4055) (2.28336, -1.72837) 
(-2.49089, 2.14672) (-3.1577, 2.1536) (-2.55609, -1.58732) (2.1086, 1.98082) (-3.31603, 2.4055) (2.28335, -1.72835) 
(-2.49895, 2.15693) (-3.1577, 2.1536) (-2.55579, -1.58669) (2.16521, 1.99349) (-3.31603, 2.4055) (2.28337, -1.72837) 
(-2.50127, 2.16397) (-3.1577, 2.1536) (-2.55559, -1.58566) (2.20726, 2.00306) (-3.31603, 2.4055) (2.28335, -1.72837) 
(-2.50132, 2.16591) (-3.1577, 2.1536) (-2.55504, -1.58401) (2.24879, 2.01316) (-3.31603, 2.4055) (2.28335, -1.72836) 
(-2.50193, 2.15655) (-3.1577, 2.1536) (-2.55462, -1.58161) (2.25861, 2.01424) (-3.31603, 2.4055) (2.28334, -1.72835) 
(-2.49897, 2.14189) (-3.1577, 2.1536) (-2.55424, -1.57953) (2.24916, 2.0126) (-3.31603, 2.4055) (2.28334, -1.72836) 
(-2.48878, 2.128) (-3.1577, 2.1536) (-2.55356, -1.57637) (2.25131, 2.01306) (-3.31603, 2.4055) (2.28335, -1.72834) 
(-2.48035, 2.1235) (-3.1577, 2.1536) (-2.55344, -1.57384) (2.25624, 2.01372) (-3.31603, 2.4055) (2.28335, -1.72835) 
(-2.47465, 2.12184) (-3.1577, 2.1536) (-2.55324, -1.57079) (2.25471, 2.01397) (-3.31603, 2.4055) (2.28334, -1.72837) 
(-2.47329, 2.12066) (-3.1577, 2.1536) (-2.55324, -1.57025) (2.25498, 2.01381) (-3.31603, 2.4055) (2.28334, -1.72834) 
(-2.47522, 2.11883) (-3.1577, 2.1536) (-2.55268, -1.57313) (2.25523, 2.0137) (-3.31603, 2.4055) (2.28335, -1.72837) 
(-2.47817, 2.11681) (-3.1577, 2.1536) (-2.55297, -1.57565) (2.25512, 2.01369) (-3.31603, 2.4055) (2.28333, -1.72837) 
(-2.48077, 2.11348) (-3.1577, 2.1536) (-2.55415, -1.57502) (2.25513, 2.01381) (-3.31603, 2.4055) (2.28335, -1.72835) 
(-2.48349, 2.10899) (-3.1577, 2.1536) (-2.55902, -1.56955) (2.25512, 2.01379) (-3.31603, 2.4055) (2.28334, -1.72836) 
(-2.49227, 2.11053) (-3.1577, 2.1536) (-2.57022, -1.55836) (2.25513, 2.01376) (-3.31603, 2.4055) (2.28334, -1.72836) 
(-2.50115, 2.12071) (-3.1577, 2.1536) (-2.58219, -1.55134) (2.25513, 2.01373) (-3.31603, 2.4055) (2.28335, -1.72835) 
(-2.50548, 2.12968) (-3.1577, 2.1536) (-2.59202, -1.54381) (2.25512, 2.01375) (-3.31603, 2.4055) (2.28334, -1.72834) 
(-2.50642, 2.13554) (-3.1577, 2.1536) (-2.59655, -1.53528) (2.25512, 2.01373) (-3.31603, 2.4055) (2.28336, -1.72834) 
(-2.50457, 2.13917) (-3.1577, 2.1536) (-2.58607, -1.53303) (2.25514, 2.01375) (-3.31603, 2.4055) (2.28333, -1.72833) 
(-2.50146, 2.14087) (-3.1577, 2.1536) (-2.55831, -1.53734) (2.25513, 2.01373) (-3.31603, 2.4055) (2.28334, -1.72836) 
(-2.50002, 2.14057) (-3.1577, 2.1536) (-2.51327, -1.53977) (2.25515, 2.01375) (-3.31603, 2.4055) (2.28332, -1.72835) 
(-2.50147, 2.13996) (-3.1577, 2.1536) (-2.46974, -1.54179) (2.25511, 2.01376) (-3.31603, 2.4055) (2.28333, -1.72836) 
(-2.50348, 2.13747) (-3.1577, 2.1536) (-2.42594, -1.54135) (2.25513, 2.01373) (-3.31603, 2.4055) (2.28333, -1.72837) 
(-2.5012, 2.13445) (-3.1577, 2.1536) (-2.37806, -1.5388) (2.25511, 2.01375) (-3.31603, 2.4055) (2.28333, -1.72835) 
(-2.49509, 2.13332) (-3.1577, 2.1536) (-2.32878, -1.52896) (2.25513, 2.01374) (-3.31603, 2.4055) (2.28333, -1.72836) 
(-2.49027, 2.13392) (-3.1577, 2.1536) (-2.30097, -1.51988) (2.25515, 2.01375) (-3.31603, 2.4055) (2.28332, -1.72837) 
(-2.48554, 2.13582) (-3.1577, 2.1536) (-2.27085, -1.5103) (2.2551, 2.01375) (-3.31603, 2.4055) (2.28333, -1.72835) 
(-2.48398, 2.13846) (-3.1577, 2.1536) (-2.24337, -1.50225) (2.2551, 2.01373) (-3.31603, 2.4055) (2.28332, -1.72837) 
(-2.48296, 2.13989) (-3.1577, 2.1536) (-2.22078, -1.49861) (2.25512, 2.01374) (-3.31603, 2.4055) (2.28333, -1.72836) 
(-2.48254, 2.13966) (-3.1577, 2.1536) (-2.20703, -1.50356) (2.25509, 2.01375) (-3.31603, 2.4055) (2.28333, -1.72837) 
(-2.48269, 2.13744) (-3.1577, 2.1536) (-2.20126, -1.5109) (2.25509, 2.01375) (-3.31603, 2.4055) (2.28331, -1.72839) 
(-2.4838, 2.13425) (-3.1577, 2.1536) (-2.19562, -1.52647) (2.2551, 2.01375) (-3.31603, 2.4055) (2.28335, -1.72835) 
(-2.48557, 2.13146) (-3.1577, 2.1536) (-2.1896, -1.53798) (2.2551, 2.01374) (-3.31603, 2.4055) (2.28332, -1.72837) 
(-2.48782, 2.13037) (-3.1577, 2.1536) (-2.18796, -1.54663) (2.25511, 2.01378) (-3.31603, 2.4055) (2.28334, -1.72835) 
(-2.49013, 2.12901) (-3.1577, 2.1536) (-2.19355, -1.55445) (2.2551, 2.01378) (-3.31603, 2.4055) (2.28334, -1.72836) 
(-2.49275, 2.12855) (-3.1577, 2.1536) (-2.20898, -1.56611) (2.25509, 2.0137) (-3.31603, 2.4055) (2.28331, -1.72838) 
(-2.49464, 2.12807) (-3.1577, 2.1536) (-2.23601, -1.58482) (2.25513, 2.01374) (-3.31603, 2.4055) (2.28332, -1.72834) 
(-2.49561, 2.12639) (-3.1577, 2.1536) (-2.26558, -1.60455) (2.25513, 2.01377) (-3.31603, 2.4055) (2.28332, -1.72837) 
(-2.49659, 2.12491) (-3.1577, 2.1536) (-2.29913, -1.62404) (2.25509, 2.01375) (-3.31603, 2.4055) (2.28331, -1.72838) 
(-2.4976, 2.12402) (-3.1577, 2.1536) (-2.33598, -1.64061) (2.2551, 2.01375) (-3.31603, 2.4055) (2.28334, -1.72834) 
(-2.49801, 2.12368) (-3.1577, 2.1536) (-2.36129, -1.64969) (2.25511, 2.01376) (-3.31603, 2.4055) (2.28332, -1.72835) 
(-2.4986, 2.12351) (-3.1577, 2.1536) (-2.38353, -1.65744) (2.25509, 2.01373) (-3.31603, 2.4055) (2.28332, -1.72835) 
(-2.49919, 2.12394) (-3.1577, 2.1536) (-2.39713, -1.66243) (2.2551, 2.01374) (-3.31603, 2.4055) (2.28333, -1.72836) 
(-2.50049, 2.12381) (-3.1577, 2.1536) (-2.4116, -1.66565) (2.25509, 2.01372) (-3.31603, 2.4055) (2.2833, -1.72837) 
(-2.50128, 2.12347) (-3.1577, 2.1536) (-2.42005, -1.66671) (2.2551, 2.01375) (-3.31603, 2.4055) (2.28332, -1.72837) 
(-2.50228, 2.12269) (-3.1577, 2.1536) (-2.42675, -1.66754) (2.25509, 2.01376) (-3.31603, 2.4055) (2.28332, -1.72838) 
