(2.06387, -1.65616) (-2.11675, -1.61267) (-0.000757922, 2.57372) (-2.11032, 1.82736) (2.00731, 1.90101) (0.119328, -2.11999) 
(2.06237, -1.65678) (-2.12343, -1.61038) (1.21991e-05, 2.56514) (-2.11032, 1.82735) (2.00739, 1.90098) (0.119351, -2.12) 
(2.06034, -1.65608) (-2.12667, -1.60761) (-0.00644254, 2.55429) (-2.1094, 1.82449) (2.00579, 1.89981) (0.120224, -2.11947) 
(2.06008, -1.65586) (-2.12699, -1.60741) (-0.00779544, 2.55263) (-2.10842, 1.8232) (2.00557, 1.8996) (0.120195, -2.1189) 
(2.05818, -1.65088) (-2.12856, -1.6071) (-0.0212739, 2.54617) (-2.1004, 1.81172) (1.99659, 1.89107) (0.121678, -2.1124) 
(2.0585, -1.64816) (-2.12773, -1.60849) (-0.0213827, 2.5477) (-2.09529, 1.80819) (1.99266, 1.8842) (0.120734, -2.10019) 
(2.0591, -1.64612) (-2.1251, -1.60589) (-0.0141507, 2.55363) (-2.08461, 1.8001) (1.98492, 1.87592) (0.120195, -2.08185) 
(2.05922, -1.64557) (-2.1239, -1.59966) (-0.00536889, 2.5574) (-2.06808, 1.78776) (1.97313, 1.864) (0.119411, -2.06173) 
(2.05763, -1.64596) (-2.12076, -1.59351) (0.000979926, 2.55844) (-2.05729, 1.78063) (1.96459, 1.85504) (0.118464, -2.04894) 
(2.05346, -1.64819) (-2.1167, -1.58432) (0.00880619, 2.55968) (-2.03989, 1.7669) (1.94785, 1.84153) (0.11807, -2.03117) 
(2.04468, -1.64985) (-2.10705, -1.56849) (0.016128, 2.56016) (-2.02336, 1.7549) (1.93391, 1.82926) (0.116323, -2.01065) 
(2.02652, -1.65427) (-2.08152, -1.54686) (0.0240439, 2.56002) (-2.00155, 1.73814) (1.91268, 1.81209) (0.115199, -1.987) 
(2.00597, -1.65872) (-2.04654, -1.52378) (0.0307747, 2.55737) (-1.98475, 1.72427) (1.89445, 1.79718) (0.114362, -1.96578) 
(1.98782, -1.66177) (-2.01313, -1.50674) (0.0353297, 2.55417) (-1.96795, 1.71106) (1.87832, 1.78464) (0.11381, -1.9448) 
(1.93441, -1.66448) (-1.92513, -1.47672) (0.0440922, 2.54153) (-1.93049, 1.67938) (1.84336, 1.75543) (0.112215, -1.89695) 
(1.89077, -1.65698) (-1.85559, -1.44844) (0.0443923, 2.52086) (-1.90538, 1.65845) (1.81839, 1.73365) (0.110204, -1.85986) 
(1.84671, -1.63683) (-1.79638, -1.41767) (0.0430814, 2.48857) (-1.87659, 1.63375) (1.78833, 1.70755) (0.108396, -1.82264) 
(1.80616, -1.60703) (-1.74674, -1.38204) (0.0426897, 2.44286) (-1.84725, 1.61116) (1.76058, 1.68338) (0.108387, -1.787) 
(1.75704, -1.55336) (-1.69995, -1.32946) (0.0341617, 2.38269) (-1.81135, 1.58194) (1.72583, 1.65469) (0.111153, -1.74056) 
(1.71714, -1.49367) (-1.6614, -1.27966) (0.0251207, 2.32336) (-1.77971, 1.55516) (1.69706, 1.63018) (0.115899, -1.70137) 
(1.67122, -1.42002) (-1.62063, -1.22357) (0.0147365, 2.25431) (-1.74356, 1.52586) (1.66359, 1.60101) (0.123781, -1.6617) 
(1.62565, -1.34692) (-1.57779, -1.16028) (0.00533994, 2.17945) (-1.7098, 1.4993) (1.62823, 1.57231) (0.130941, -1.62762) 
(1.57584, -1.28349) (-1.52972, -1.09522) (-1.86136e-05, 2.10156) (-1.67803, 1.46879) (1.59568, 1.5417) (0.131791, -1.59998) 
(1.51709, -1.22928) (-1.48291, -1.04457) (-0.0017475, 2.05131) (-1.65131, 1.44215) (1.56269, 1.5153) (0.130591, -1.57058) 
(1.43219, -1.16096) (-1.4092, -0.996526) (-0.00479791, 1.99186) (-1.63047, 1.403) (1.52985, 1.47849) (0.122905, -1.53474) 
(1.34761, -1.0998) (-1.34735, -0.960966) (-0.00794408, 1.93912) (-1.61412, 1.37201) (1.50357, 1.44731) (0.113741, -1.50573) 
(1.2492, -1.04027) (-1.27905, -0.915081) (-0.0117645, 1.8889) (-1.59518, 1.34281) (1.48492, 1.41393) (0.102486, -1.47373) 
(1.13615, -0.976806) (-1.20525, -0.863293) (-0.0157185, 1.84464) (-1.57585, 1.31099) (1.46755, 1.37362) (0.0923622, -1.44416) 
(1.03263, -0.903784) (-1.12807, -0.812576) (-0.0139423, 1.80143) (-1.55452, 1.27132) (1.44974, 1.33259) (0.0896911, -1.41168) 
(0.940476, -0.816389) (-1.05759, -0.774785) (-0.00228533, 1.74754) (-1.5333, 1.23346) (1.43001, 1.29224) (0.0887786, -1.37871) 
(0.861786, -0.730787) (-0.985095, -0.739573) (0.0163414, 1.69376) (-1.51681, 1.19859) (1.41218, 1.25595) (0.0888229, -1.35056) 
(0.781057, -0.628454) (-0.919296, -0.683452) (0.0345584, 1.62833) (-1.48985, 1.15387) (1.38883, 1.21414) (0.0872985, -1.31237) 
(0.71134, -0.526068) (-0.880582, -0.628199) (0.0440305, 1.56717) (-1.46569, 1.1147) (1.36446, 1.18376) (0.0844577, -1.27524) 
(0.638797, -0.416915) (-0.851934, -0.564091) (0.0501449, 1.50585) (-1.44115, 1.07526) (1.34354, 1.14576) (0.0782134, -1.2411) 
(0.559541, -0.31402) (-0.835976, -0.492165) (0.0571417, 1.43849) (-1.41095, 1.03438) (1.32473, 1.10785) (0.0723292, -1.20695) 
(0.476446, -0.234947) (-0.827944, -0.4202) (0.0634163, 1.37815) (-1.38286, 0.992366) (1.30833, 1.07151) (0.0658684, -1.17427) 
(0.374837, -0.15308) (-0.813573, -0.340458) (0.0708614, 1.30829) (-1.35294, 0.950502) (1.29832, 1.03578) (0.0559799, -1.12517) 
(0.28294, -0.0864682) (-0.785643, -0.293669) (0.0844989, 1.2522) (-1.33069, 0.910551) (1.28435, 1.00831) (0.0488837, -1.08112) 
(0.156238, -0.00706711) (-0.736447, -0.262939) (0.113982, 1.19582) (-1.3084, 0.868069) (1.26965, 0.979186) (0.0404745, -1.04184) 
(0.0294881, 0.070008) (-0.688478, -0.244018) (0.159704, 1.14968) (-1.29216, 0.827387) (1.25144, 0.956236) (0.0290197, -1.00226) 
(-0.0708815, 0.144345) (-0.644997, -0.22363) (0.205251, 1.11611) (-1.27577, 0.786867) (1.22618, 0.939465) (0.0175324, -0.96825) 
(-0.171577, 0.245707) (-0.590901, -0.199989) (0.259414, 1.07937) (-1.25205, 0.732099) (1.19548, 0.920799) (0.00659041, -0.929404) 
(-0.259107, 0.343778) (-0.538925, -0.178879) (0.309826, 1.05706) (-1.23076, 0.68164) (1.1734, 0.899988) (-0.00518146, -0.887224) 
(-0.280377, 0.368874) (-0.525645, -0.174096) (0.323364, 1.05454) (-1.22533, 0.669941) (1.16815, 0.894621) (-0.00851545, -0.876389) 
(-0.42568, 0.551977) (-0.428327, -0.134378) (0.419472, 1.04398) (-1.18988, 0.58205) (1.13797, 0.858874) (-0.0276414, -0.812055) 
(-0.513079, 0.656672) (-0.382461, -0.0999012) (0.460717, 1.01421) (-1.1727, 0.533349) (1.12021, 0.835708) (-0.0384444, -0.77566) 
(-0.603492, 0.750478) (-0.347433, -0.0608737) (0.485614, 0.976309) (-1.15094, 0.486878) (1.10501, 0.811307) (-0.0512293, -0.739294) 
(-0.694293, 0.828841) (-0.325139, -0.0200374) (0.501226, 0.93812) (-1.13144, 0.444285) (1.09048, 0.780908) (-0.063269, -0.70413) 
(-0.798449, 0.910217) (-0.306693, 0.0405109) (0.507902, 0.882889) (-1.10638, 0.391976) (1.07599, 0.747338) (-0.0795301, -0.660699) 
(-0.882646, 0.966126) (-0.294095, 0.0931671) (0.502687, 0.837921) (-1.08473, 0.347745) (1.06955, 0.722752) (-0.0923549, -0.623966) 
(-1.004, 1.03165) (-0.282563, 0.16954) (0.485408, 0.780804) (-1.05969, 0.293414) (1.06372, 0.685544) (-0.108736, -0.576725) 
(-1.12473, 1.09238) (-0.276418, 0.245016) (0.469416, 0.727582) (-1.03639, 0.243195) (1.06023, 0.649293) (-0.124629, -0.530396) 
(-1.23857, 1.17236) (-0.262288, 0.310745) (0.457018, 0.666995) (-1.01056, 0.185026) (1.0629, 0.607224) (-0.143999, -0.473128) 
(-1.2898, 1.21916) (-0.251089, 0.340214) (0.452455, 0.635123) (-0.99696, 0.155467) (1.06423, 0.585588) (-0.155423, -0.439382) 
(-1.40341, 1.33245) (-0.21171, 0.402613) (0.450375, 0.54635) (-0.964052, 0.0842475) (1.07368, 0.545526) (-0.177993, -0.364892) 
(-1.47089, 1.411) (-0.180817, 0.450136) (0.458584, 0.4852) (-0.941378, 0.0352427) (1.07751, 0.519268) (-0.190112, -0.320734) 
(-1.54592, 1.50161) (-0.136604, 0.517133) (0.475693, 0.414473) (-0.916851, -0.0182925) (1.07718, 0.497746) (-0.19871, -0.278422) 
(-1.63138, 1.5948) (-0.0807697, 0.587837) (0.495232, 0.34595) (-0.894751, -0.0653249) (1.07417, 0.474496) (-0.206167, -0.234627) 
(-1.72897, 1.67627) (0.0016585, 0.648954) (0.513231, 0.273596) (-0.868583, -0.114704) (1.06594, 0.452501) (-0.208774, -0.189335) 
(-1.81938, 1.73526) (0.0850581, 0.698462) (0.519968, 0.217315) (-0.844674, -0.160079) (1.05979, 0.434489) (-0.209443, -0.149273) 
(-1.8968, 1.77976) (0.144134, 0.751562) (0.518608, 0.168071) (-0.820789, -0.199864) (1.0486, 0.424917) (-0.204193, -0.11452) 
(-1.97923, 1.81291) (0.190448, 0.820449) (0.509348, 0.111151) (-0.795137, -0.244361) (1.03369, 0.409374) (-0.195994, -0.0748326) 
(-2.04768, 1.82962) (0.236329, 0.888614) (0.49244, 0.0536026) (-0.766813, -0.282193) (1.01427, 0.398786) (-0.18937, -0.0298912) 
(-2.1039, 1.8477) (0.279438, 0.954654) (0.469295, 0.00733975) (-0.744098, -0.313535) (0.996017, 0.393845) (-0.182426, 0.00800566) 
(-2.16537, 1.88226) (0.341301, 1.05014) (0.426078, -0.0592833) (-0.712568, -0.358118) (0.963714, 0.384198) (-0.177519, 0.0649485) 
(-2.21261, 1.91251) (0.402723, 1.11767) (0.393316, -0.121453) (-0.690078, -0.392073) (0.934275, 0.378397) (-0.173873, 0.110069) 
(-2.26334, 1.94412) (0.465152, 1.16833) (0.369014, -0.17477) (-0.673439, -0.426931) (0.905137, 0.369309) (-0.17401, 0.156435) 
(-2.327, 1.97153) (0.541982, 1.21193) (0.337843, -0.228569) (-0.654025, -0.46181) (0.871526, 0.351549) (-0.17206, 0.212246) 
(-2.38361, 1.98827) (0.614346, 1.24458) (0.311899, -0.267626) (-0.634197, -0.486057) (0.8381, 0.335182) (-0.171787, 0.266207) 
(-2.42767, 2.00109) (0.685052, 1.28024) (0.299202, -0.308093) (-0.60912, -0.514328) (0.805564, 0.319534) (-0.167203, 0.316666) 
(-2.46088, 2.0134) (0.778606, 1.32216) (0.293602, -0.366137) (-0.578581, -0.532762) (0.765553, 0.3014) (-0.162599, 0.378067) 
(-2.47173, 2.0324) (0.879731, 1.35848) (0.29318, -0.423512) (-0.55364, -0.552357) (0.721609, 0.285645) (-0.156665, 0.436029) 
(-2.46818, 2.0554) (0.996003, 1.38907) (0.292237, -0.487046) (-0.526589, -0.572089) (0.676551, 0.267458) (-0.151473, 0.503008) 
(-2.45822, 2.07542) (1.09301, 1.4221) (0.289777, -0.540505) (-0.50154, -0.587538) (0.636155, 0.25459) (-0.146452, 0.560433) 
(-2.44624, 2.09627) (1.16964, 1.46154) (0.280587, -0.589606) (-0.478769, -0.594327) (0.596336, 0.236792) (-0.142537, 0.614461) 
(-2.43097, 2.116) (1.23329, 1.49563) (0.270838, -0.625151) (-0.458657, -0.592207) (0.558305, 0.219592) (-0.138984, 0.662466) 
(-2.40334, 2.13826) (1.31146, 1.54301) (0.259856, -0.655118) (-0.426748, -0.592714) (0.515542, 0.195563) (-0.134827, 0.72027) 
(-2.37461, 2.15256) (1.37512, 1.58727) (0.252455, -0.673496) (-0.400134, -0.59237) (0.478802, 0.17522) (-0.131877, 0.77247) 
(-2.34413, 2.16764) (1.45279, 1.63942) (0.247183, -0.690904) (-0.37403, -0.589513) (0.431441, 0.149926) (-0.127174, 0.836278) 
(-2.32384, 2.17893) (1.51555, 1.67484) (0.246261, -0.708988) (-0.351307, -0.594117) (0.392378, 0.132731) (-0.122929, 0.891854) 
(-2.3141, 2.18933) (1.5866, 1.69561) (0.245746, -0.730924) (-0.3302, -0.596298) (0.345288, 0.113098) (-0.118642, 0.953944) 
(-2.31544, 2.19728) (1.64554, 1.6965) (0.239572, -0.756594) (-0.314331, -0.603433) (0.301187, 0.0945215) (-0.113206, 1.00842) 
(-2.32249, 2.2004) (1.72556, 1.70134) (0.219642, -0.799328) (-0.298842, -0.610137) (0.241738, 0.0706144) (-0.108195, 1.07756) 
(-2.32341, 2.20031) (1.73214, 1.70158) (0.217675, -0.802675) (-0.298356, -0.610876) (0.237132, 0.068865) (-0.107549, 1.08259) 
(-2.34126, 2.18756) (1.89373, 1.71037) (0.172157, -0.903448) (-0.278893, -0.634085) (0.133415, 0.0327111) (-0.0984471, 1.1982) 
(-2.34658, 2.17902) (1.96412, 1.70082) (0.145608, -0.968794) (-0.277965, -0.640833) (0.0852397, 0.014127) (-0.0928223, 1.25401) 
(-2.35068, 2.17196) (2.03326, 1.68855) (0.115053, -1.06232) (-0.272264, -0.656394) (0.0336723, -0.00255721) (-0.0864314, 1.31665) 
(-2.35412, 2.1665) (2.08274, 1.68575) (0.111375, -1.1392) (-0.268288, -0.668026) (-0.0124476, -0.0181686) (-0.0822478, 1.36899) 
(-2.35422, 2.15719) (2.1192, 1.69109) (0.12223, -1.22527) (-0.260702, -0.681427) (-0.0642793, -0.0376815) (-0.0763914, 1.43205) 
(-2.35575, 2.14759) (2.14761, 1.70497) (0.131168, -1.29424) (-0.252515, -0.691462) (-0.111548, -0.0556282) (-0.070244, 1.49093) 
(-2.3564, 2.13837) (2.18067, 1.7379) (0.138412, -1.36418) (-0.237657, -0.700301) (-0.156569, -0.0748706) (-0.0656137, 1.55064) 
(-2.35814, 2.13324) (2.22406, 1.78927) (0.147955, -1.42941) (-0.222671, -0.708938) (-0.201111, -0.0937419) (-0.0586804, 1.60985) 
(-2.36031, 2.13096) (2.27996, 1.83702) (0.161088, -1.48548) (-0.207763, -0.713444) (-0.240048, -0.109776) (-0.0541303, 1.66443) 
(-2.36111, 2.13012) (2.30351, 1.8528) (0.16724, -1.50317) (-0.20284, -0.714615) (-0.254084, -0.115477) (-0.0519547, 1.68388) 
(-2.36467, 2.12435) (2.41873, 1.90151) (0.189789, -1.59007) (-0.168654, -0.725355) (-0.323599, -0.144323) (-0.0420462, 1.78874) 
(-2.36581, 2.12162) (2.45887, 1.91772) (0.189504, -1.64523) (-0.147317, -0.727124) (-0.358714, -0.15916) (-0.037311, 1.84213) 
(-2.36681, 2.11916) (2.48386, 1.93754) (0.182512, -1.70688) (-0.120535, -0.737161) (-0.396713, -0.180817) (-0.0284043, 1.90749) 
(-2.36691, 2.11757) (2.49154, 1.95225) (0.175455, -1.75335) (-0.0931393, -0.747485) (-0.430769, -0.201099) (-0.0225826, 1.96323) 
(-2.36818, 2.11733) (2.48979, 1.96768) (0.166174, -1.79926) (-0.0659255, -0.758617) (-0.464888, -0.229813) (-0.0170323, 2.02298) 
(-2.3684, 2.11704) (2.47718, 1.98359) (0.152193, -1.84439) (-0.0271674, -0.774457) (-0.506756, -0.263852) (-0.0108473, 2.08783) 
(-2.36727, 2.11692) (2.45768, 1.99766) (0.14023, -1.87999) (0.00348638, -0.785758) (-0.540247, -0.296942) (-0.00397199, 2.14086) 
(-2.36564, 2.11673) (2.4297, 2.01111) (0.133982, -1.91596) (0.0374374, -0.798005) (-0.574342, -0.326303) (0.00202488, 2.18937) 
(-2.3652, 2.11654) (2.38381, 2.03184) (0.145774, -1.95116) (0.0829164, -0.815011) (-0.6192, -0.36754) (0.00938997, 2.24845) 
(-2.36455, 2.11641) (2.34968, 2.04566) (0.159706, -1.97364) (0.117767, -0.826307) (-0.650154, -0.39372) (0.0145884, 2.28458) 
(-2.36329, 2.11659) (2.28951, 2.06913) (0.18472, -1.99326) (0.175333, -0.84809) (-0.704019, -0.44009) (0.018214, 2.29842) 
(-2.36236, 2.11651) (2.24325, 2.0812) (0.206925, -2.00196) (0.216071, -0.864523) (-0.743619, -0.472809) (0.0153354, 2.28713) 
(-2.3609, 2.116) (2.2051, 2.09059) (0.231699, -1.9969) (0.262178, -0.881719) (-0.781641, -0.505514) (0.0162165, 2.28844) 
(-2.35959, 2.11474) (2.17712, 2.09921) (0.259459, -1.97995) (0.316848, -0.90346) (-0.828, -0.542391) (0.0162745, 2.29369) 
(-2.35845, 2.11389) (2.16877, 2.10418) (0.279731, -1.96053) (0.362426, -0.921571) (-0.868324, -0.576437) (0.016177, 2.29296) 
(-2.3577, 2.11379) (2.17191, 2.10824) (0.295081, -1.94273) (0.413168, -0.940933) (-0.91199, -0.61111) (0.0162092, 2.29275) 
(-2.35633, 2.11446) (2.18934, 2.11192) (0.292854, -1.92981) (0.463717, -0.96001) (-0.95445, -0.64542) (0.016338, 2.29307) 
(-2.35408, 2.1143) (2.2274, 2.11116) (0.274302, -1.92683) (0.522367, -0.982524) (-1.00395, -0.686969) (0.0162968, 2.29283) 
(-2.35216, 2.11394) (2.26097, 2.10025) (0.252526, -1.93625) (0.573451, -1.00275) (-1.0486, -0.724087) (0.0162579, 2.29294) 
(-2.35021, 2.11334) (2.28327, 2.09242) (0.22771, -1.94522) (0.61654, -1.02001) (-1.08524, -0.754819) (0.0162932, 2.29288) 
(-2.34734, 2.1131) (2.30511, 2.08057) (0.175529, -1.94911) (0.676509, -1.04408) (-1.13849, -0.799298) (0.0162124, 2.29285) 
(-2.34513, 2.11313) (2.31844, 2.07061) (0.124794, -1.94936) (0.724179, -1.06252) (-1.17926, -0.834348) (0.0162684, 2.29281) 
(-2.34319, 2.11412) (2.32872, 2.05681) (0.070795, -1.95559) (0.779984, -1.08404) (-1.22824, -0.873383) (0.0162573, 2.29284) 
(-2.34216, 2.11457) (2.33237, 2.0467) (0.0387859, -1.95714) (0.819013, -1.09981) (-1.26184, -0.901935) (0.0162317, 2.29287) 
(-2.3419, 2.1162) (2.33506, 2.03427) (-0.00831819, -1.95495) (0.886023, -1.12646) (-1.31749, -0.948559) (0.0162448, 2.29288) 
(-2.34302, 2.11776) (2.33448, 2.03059) (-0.0328118, -1.95706) (0.938824, -1.14706) (-1.36302, -0.987051) (0.0162915, 2.29285) 
(-2.34542, 2.1194) (2.33036, 2.02997) (-0.04487, -1.96998) (0.986806, -1.16539) (-1.4038, -1.02176) (0.016227, 2.29282) 
(-2.34667, 2.12077) (2.32586, 2.03109) (-0.0454276, -1.98547) (1.03802, -1.18551) (-1.44795, -1.0601) (0.0162138, 2.29284) 
(-2.35012, 2.12211) (2.32187, 2.0315) (-0.0285497, -1.99363) (1.09425, -1.20923) (-1.49483, -1.10043) (0.0162285, 2.29284) 
(-2.35554, 2.12289) (2.32092, 2.03178) (-0.00358346, -2.00376) (1.14756, -1.22985) (-1.53851, -1.13895) (0.0161704, 2.29283) 
(-2.36463, 2.12364) (2.32552, 2.02893) (0.0263047, -2.01824) (1.20221, -1.25148) (-1.58236, -1.17745) (0.0162615, 2.29283) 
(-2.37108, 2.1261) (2.33099, 2.03127) (0.0522272, -2.03339) (1.25172, -1.27098) (-1.62482, -1.21282) (0.0162207, 2.29283) 
(-2.37769, 2.1297) (2.33071, 2.03645) (0.0728943, -2.05714) (1.30872, -1.29296) (-1.67334, -1.25492) (0.0162293, 2.29283) 
(-2.3839, 2.1313) (2.32499, 2.04046) (0.0822705, -2.07861) (1.36112, -1.31346) (-1.71856, -1.29231) (0.0162495, 2.29281) 
(-2.39112, 2.1315) (2.32077, 2.04341) (0.0861372, -2.10246) (1.41321, -1.3341) (-1.76427, -1.33114) (0.0162429, 2.2928) 
(-2.39652, 2.13267) (2.31776, 2.04535) (0.0893401, -2.12433) (1.46579, -1.35511) (-1.81026, -1.37087) (0.01621, 2.29282) 
(-2.40057, 2.13568) (2.31664, 2.04681) (0.0847324, -2.14324) (1.51871, -1.37652) (-1.85228, -1.40756) (0.0162139, 2.29281) 
(-2.4047, 2.1394) (2.31591, 2.04724) (0.0760383, -2.16163) (1.56734, -1.39617) (-1.89043, -1.44015) (0.0162386, 2.2928) 
(-2.40753, 2.14199) (2.31592, 2.04758) (0.0616575, -2.18356) (1.62462, -1.4196) (-1.93063, -1.47673) (0.0162149, 2.2928) 
(-2.40931, 2.14137) (2.31592, 2.04749) (0.0579303, -2.18757) (1.63744, -1.42495) (-1.94089, -1.48517) (0.0162423, 2.29282) 
(-2.4076, 2.14221) (2.3158, 2.04554) (0.0386649, -2.20436) (1.72475, -1.46105) (-1.99012, -1.5286) (0.0162725, 2.2928) 
(-2.40349, 2.13927) (2.31595, 2.04461) (0.0308106, -2.2078) (1.77135, -1.47945) (-1.99108, -1.52992) (0.016297, 2.29284) 
(-2.39637, 2.13616) (2.31487, 2.04473) (0.0256477, -2.20259) (1.82055, -1.49926) (-1.98562, -1.52541) (0.0162269, 2.29281) 
(-2.39171, 2.13715) (2.31439, 2.04567) (0.0236118, -2.1844) (1.86115, -1.51638) (-1.98907, -1.52778) (0.016218, 2.2928) 
