(2.32521, 1.97202) (-3.11935, 2.11143) (2.44767, -1.7874) (-2.30755, 1.95903) (-3.10995, 1.93385) (-2.05155, -1.62581) 
(2.32613, 1.96993) (-3.11935, 2.11143) (2.4493, -1.78569) (-2.30918, 1.95921) (-3.10995, 1.93385) (-2.05156, -1.62579) 
(2.32649, 1.96572) (-3.11935, 2.11143) (2.45012, -1.78521) (-2.28942, 1.95945) (-3.10995, 1.93385) (-2.05153, -1.62579) 
(2.32708, 1.96263) (-3.11935, 2.11143) (2.45032, -1.78522) (-2.22779, 1.95811) (-3.10995, 1.93385) (-2.05428, -1.626) 
(2.32396, 1.96056) (-3.11935, 2.11143) (2.44728, -1.78744) (-2.17639, 1.95639) (-3.10995, 1.93385) (-2.03901, -1.62706) 
(2.31063, 1.96058) (-3.11935, 2.11143) (2.44038, -1.78968) (-2.12756, 1.95916) (-3.10995, 1.93385) (-1.97651, -1.63142) 
(2.28964, 1.96158) (-3.11935, 2.11143) (2.43075, -1.78975) (-2.08226, 1.9627) (-3.10995, 1.93385) (-1.90807, -1.62109) 
(2.24528, 1.96434) (-3.11935, 2.11143) (2.41121, -1.79092) (-2.0099, 1.96549) (-3.10995, 1.93385) (-1.84463, -1.62665) 
(2.20119, 1.96284) (-3.11935, 2.11143) (2.38977, -1.79134) (-1.96075, 1.96729) (-3.10995, 1.93385) (-1.79954, -1.62451) 
(2.12792, 1.95716) (-3.11935, 2.11143) (2.35518, -1.78622) (-1.90342, 1.96961) (-3.10995, 1.93385) (-1.74441, -1.62636) 
(2.05165, 1.95063) (-3.11935, 2.11143) (2.31596, -1.77838) (-1.85092, 1.97128) (-3.10995, 1.93385) (-1.6904, -1.62595) 
(1.97709, 1.93783) (-3.11935, 2.11143) (2.27504, -1.76741) (-1.79999, 1.97365) (-3.10995, 1.93385) (-1.64206, -1.62546) 
(1.89325, 1.91449) (-3.11935, 2.11143) (2.22932, -1.75075) (-1.75116, 1.97463) (-3.10995, 1.93385) (-1.59385, -1.62439) 
(1.783, 1.88436) (-3.11935, 2.11143) (2.16437, -1.72748) (-1.69445, 1.97589) (-3.10995, 1.93385) (-1.53501, -1.62463) 
(1.69473, 1.87202) (-3.11935, 2.11143) (2.10909, -1.70914) (-1.64461, 1.97619) (-3.10995, 1.93385) (-1.48443, -1.62362) 
(1.58703, 1.87495) (-3.11935, 2.11143) (2.03713, -1.69511) (-1.58319, 1.97686) (-3.10995, 1.93385) (-1.42238, -1.62456) 
(1.51567, 1.88036) (-3.11935, 2.11143) (1.98649, -1.68836) (-1.54253, 1.97829) (-3.10995, 1.93385) (-1.38129, -1.62342) 
(1.40748, 1.89208) (-3.11935, 2.11143) (1.90693, -1.68195) (-1.48201, 1.97991) (-3.10995, 1.93385) (-1.32258, -1.62441) 
(1.28756, 1.90777) (-3.11935, 2.11143) (1.82051, -1.68356) (-1.42212, 1.98203) (-3.10995, 1.93385) (-1.26528, -1.62377) 
(1.17356, 1.91409) (-3.11935, 2.11143) (1.74233, -1.68798) (-1.37108, 1.98329) (-3.10995, 1.93385) (-1.21594, -1.624) 
(1.0407, 1.90886) (-3.11935, 2.11143) (1.63841, -1.68674) (-1.30659, 1.98539) (-3.10995, 1.93385) (-1.15142, -1.62332) 
(0.939464, 1.89984) (-3.11935, 2.11143) (1.55807, -1.68407) (-1.25651, 1.98824) (-3.10995, 1.93385) (-1.09882, -1.62297) 
(0.822486, 1.88855) (-3.11935, 2.11143) (1.46743, -1.67762) (-1.21309, 1.99204) (-3.10995, 1.93385) (-1.03702, -1.62219) 
(0.719433, 1.87539) (-3.11935, 2.11143) (1.38936, -1.67087) (-1.17163, 2.00471) (-3.10995, 1.93385) (-0.986812, -1.62291) 
(0.602707, 1.85928) (-3.11935, 2.11143) (1.30874, -1.66361) (-1.12856, 2.02341) (-3.10995, 1.93385) (-0.934694, -1.6221) 
(0.462987, 1.84334) (-3.11935, 2.11143) (1.20302, -1.65496) (-1.08096, 2.04992) (-3.10995, 1.93385) (-0.868499, -1.62515) 
(0.395595, 1.83701) (-3.11935, 2.11143) (1.15293, -1.65033) (-1.05584, 2.06192) (-3.10995, 1.93385) (-0.8425, -1.62439) 
(0.235309, 1.82489) (-3.11935, 2.11143) (1.03629, -1.64695) (-0.986697, 2.09927) (-3.10995, 1.93385) (-0.783095, -1.63994) 
(0.135578, 1.8261) (-3.11935, 2.11143) (0.968231, -1.64761) (-0.95252, 2.11811) (-3.10995, 1.93385) (-0.742003, -1.6562) 
(0.00875448, 1.83406) (-3.11935, 2.11143) (0.881749, -1.64949) (-0.908839, 2.13662) (-3.10995, 1.93385) (-0.695932, -1.68413) 
(-0.146332, 1.84149) (-3.11935, 2.11143) (0.778938, -1.65612) (-0.854328, 2.16267) (-3.10995, 1.93385) (-0.652869, -1.71484) 
(-0.266776, 1.84575) (-3.11935, 2.11143) (0.695733, -1.66329) (-0.813665, 2.1841) (-3.10995, 1.93385) (-0.620568, -1.73897) 
(-0.386948, 1.84561) (-3.11935, 2.11143) (0.616683, -1.66646) (-0.782527, 2.20169) (-3.10995, 1.93385) (-0.589661, -1.7659) 
(-0.518091, 1.83894) (-3.11935, 2.11143) (0.52506, -1.66173) (-0.744538, 2.23493) (-3.10995, 1.93385) (-0.547433, -1.80246) 
(-0.632324, 1.82326) (-3.11935, 2.11143) (0.436661, -1.65269) (-0.713453, 2.27271) (-3.10995, 1.93385) (-0.508908, -1.8395) 
(-0.749508, 1.80677) (-3.11935, 2.11143) (0.349492, -1.64038) (-0.692266, 2.30917) (-3.10995, 1.93385) (-0.480491, -1.87012) 
(-0.825966, 1.80233) (-3.11935, 2.11143) (0.283587, -1.63042) (-0.680356, 2.33257) (-3.10995, 1.93385) (-0.461228, -1.89222) 
(-0.974314, 1.80596) (-3.11935, 2.11143) (0.145685, -1.61499) (-0.649409, 2.38234) (-3.10995, 1.93385) (-0.414691, -1.94603) 
(-1.09409, 1.81212) (-3.11935, 2.11143) (0.0374368, -1.61007) (-0.628799, 2.41461) (-3.10995, 1.93385) (-0.380136, -1.98691) 
(-1.19605, 1.82212) (-3.11935, 2.11143) (-0.0498872, -1.61429) (-0.604932, 2.43524) (-3.10995, 1.93385) (-0.351057, -2.01896) 
(-1.30973, 1.83508) (-3.11935, 2.11143) (-0.145705, -1.62182) (-0.581695, 2.4508) (-3.10995, 1.93385) (-0.328427, -2.04849) 
(-1.42651, 1.83983) (-3.11935, 2.11143) (-0.25284, -1.63485) (-0.553505, 2.46482) (-3.10995, 1.93385) (-0.305996, -2.09062) 
(-1.52061, 1.83063) (-3.11935, 2.11143) (-0.349142, -1.64818) (-0.52784, 2.46938) (-3.10995, 1.93385) (-0.297964, -2.12729) 
(-1.62771, 1.81861) (-3.11935, 2.11143) (-0.4598, -1.66153) (-0.510085, 2.46776) (-3.10995, 1.93385) (-0.291087, -2.16452) 
(-1.72192, 1.81009) (-3.11935, 2.11143) (-0.557799, -1.66711) (-0.486457, 2.46343) (-3.10995, 1.93385) (-0.278927, -2.19887) 
(-1.81401, 1.79772) (-3.11935, 2.11143) (-0.656683, -1.66969) (-0.460822, 2.4547) (-3.10995, 1.93385) (-0.271725, -2.21908) 
(-1.9064, 1.77967) (-3.11935, 2.11143) (-0.759978, -1.66923) (-0.439231, 2.44549) (-3.10995, 1.93385) (-0.255719, -2.23978) 
(-1.97292, 1.76439) (-3.11935, 2.11143) (-0.855936, -1.66901) (-0.41752, 2.43714) (-3.10995, 1.93385) (-0.237402, -2.25841) 
(-2.03863, 1.75232) (-3.11935, 2.11143) (-0.971696, -1.6721) (-0.385648, 2.42753) (-3.10995, 1.93385) (-0.215917, -2.273) 
(-2.08153, 1.74669) (-3.11935, 2.11143) (-1.06973, -1.67583) (-0.352052, 2.42056) (-3.10995, 1.93385) (-0.203735, -2.27449) 
(-2.10006, 1.74346) (-3.11935, 2.11143) (-1.14261, -1.68233) (-0.324854, 2.41717) (-3.10995, 1.93385) (-0.192128, -2.2755) 
(-2.10617, 1.74814) (-3.11935, 2.11143) (-1.23138, -1.69642) (-0.281145, 2.41184) (-3.10995, 1.93385) (-0.169269, -2.27442) 
(-2.11299, 1.76467) (-3.11935, 2.11143) (-1.31292, -1.71151) (-0.240293, 2.40626) (-3.10995, 1.93385) (-0.148831, -2.26938) 
(-2.12191, 1.78106) (-3.11935, 2.11143) (-1.38505, -1.72751) (-0.200125, 2.39959) (-3.10995, 1.93385) (-0.135507, -2.26179) 
(-2.12794, 1.79481) (-3.11935, 2.11143) (-1.46186, -1.74277) (-0.160281, 2.39346) (-3.10995, 1.93385) (-0.12442, -2.25301) 
(-2.13355, 1.80273) (-3.11935, 2.11143) (-1.54434, -1.75605) (-0.108728, 2.38478) (-3.10995, 1.93385) (-0.103983, -2.24126) 
(-2.14009, 1.8016) (-3.11935, 2.11143) (-1.61253, -1.75504) (-0.0680816, 2.3779) (-3.10995, 1.93385) (-0.0838049, -2.23101) 
(-2.14446, 1.79338) (-3.11935, 2.11143) (-1.69135, -1.74383) (-0.0124796, 2.36803) (-3.10995, 1.93385) (-0.0549002, -2.21998) 
(-2.14207, 1.78745) (-3.11935, 2.11143) (-1.74651, -1.72931) (0.0378022, 2.36006) (-3.10995, 1.93385) (-0.0281212, -2.2147) 
(-2.1354, 1.78303) (-3.11935, 2.11143) (-1.79801, -1.71405) (0.0870378, 2.35249) (-3.10995, 1.93385) (0.00327444, -2.20858) 
(-2.13158, 1.78053) (-3.11935, 2.11143) (-1.85006, -1.69701) (0.146975, 2.34348) (-3.10995, 1.93385) (0.0454055, -2.19953) 
(-2.1315, 1.78107) (-3.11935, 2.11143) (-1.88417, -1.68548) (0.195531, 2.33504) (-3.10995, 1.93385) (0.0801529, -2.19303) 
(-2.13366, 1.78348) (-3.11935, 2.11143) (-1.92037, -1.66988) (0.252062, 2.32612) (-3.10995, 1.93385) (0.11777, -2.18383) 
(-2.1367, 1.78786) (-3.11935, 2.11143) (-1.95227, -1.65346) (0.300969, 2.31865) (-3.10995, 1.93385) (0.150049, -2.17512) 
(-2.14174, 1.79313) (-3.11935, 2.11143) (-1.97996, -1.63734) (0.359935, 2.30928) (-3.10995, 1.93385) (0.190097, -2.16305) 
(-2.14503, 1.79625) (-3.11935, 2.11143) (-2.00008, -1.62506) (0.415557, 2.30057) (-3.10995, 1.93385) (0.237459, -2.15) 
(-2.14656, 1.79734) (-3.11935, 2.11143) (-2.00705, -1.62241) (0.442558, 2.29688) (-3.10995, 1.93385) (0.259822, -2.14372) 
(-2.14779, 1.79997) (-3.11935, 2.11143) (-2.01544, -1.62625) (0.500393, 2.28982) (-3.10995, 1.93385) (0.304954, -2.13114) 
(-2.14726, 1.80156) (-3.11935, 2.11143) (-2.02187, -1.63925) (0.575275, 2.28039) (-3.10995, 1.93385) (0.371714, -2.11444) 
(-2.14499, 1.80171) (-3.11935, 2.11143) (-2.02403, -1.64561) (0.624081, 2.27134) (-3.10995, 1.93385) (0.418042, -2.10168) 
(-2.14162, 1.80149) (-3.11935, 2.11143) (-2.02929, -1.64753) (0.682912, 2.26213) (-3.10995, 1.93385) (0.47308, -2.08757) 
(-2.13975, 1.80161) (-3.11935, 2.11143) (-2.0352, -1.64595) (0.732389, 2.2542) (-3.10995, 1.93385) (0.524877, -2.07455) 
(-2.1376, 1.80166) (-3.11935, 2.11143) (-2.0456, -1.64057) (0.790394, 2.24599) (-3.10995, 1.93385) (0.583763, -2.05976) 
(-2.13704, 1.80186) (-3.11935, 2.11143) (-2.05537, -1.63474) (0.841244, 2.2382) (-3.10995, 1.93385) (0.631291, -2.04746) 
(-2.13699, 1.8018) (-3.11935, 2.11143) (-2.06459, -1.63282) (0.891845, 2.23109) (-3.10995, 1.93385) (0.67781, -2.03562) 
(-2.1371, 1.80043) (-3.11935, 2.11143) (-2.07347, -1.63327) (0.949554, 2.22291) (-3.10995, 1.93385) (0.736007, -2.02138) 
(-2.13711, 1.79902) (-3.11935, 2.11143) (-2.07546, -1.63319) (0.973083, 2.22009) (-3.10995, 1.93385) (0.758927, -2.01579) 
(-2.13628, 1.79274) (-3.11935, 2.11143) (-2.08367, -1.63226) (1.05165, 2.2073) (-3.10995, 1.93385) (0.835381, -1.99851) 
(-2.13399, 1.78593) (-3.11935, 2.11143) (-2.0948, -1.64009) (1.10853, 2.19935) (-3.10995, 1.93385) (0.888188, -1.98605) 
(-2.13174, 1.7764) (-3.11935, 2.11143) (-2.10735, -1.65075) (1.16942, 2.19074) (-3.10995, 1.93385) (0.944619, -1.9739) 
(-2.12751, 1.76778) (-3.11935, 2.11143) (-2.11981, -1.66229) (1.22803, 2.18121) (-3.10995, 1.93385) (0.997801, -1.96243) 
(-2.12319, 1.75955) (-3.11935, 2.11143) (-2.12645, -1.67516) (1.28682, 2.17211) (-3.10995, 1.93385) (1.05488, -1.95032) 
(-2.11734, 1.75319) (-3.11935, 2.11143) (-2.12492, -1.68239) (1.33856, 2.16621) (-3.10995, 1.93385) (1.11324, -1.93718) 
(-2.11392, 1.74929) (-3.11935, 2.11143) (-2.12159, -1.69059) (1.39088, 2.16063) (-3.10995, 1.93385) (1.16362, -1.92593) 
(-2.11273, 1.75128) (-3.11935, 2.11143) (-2.11495, -1.70162) (1.4435, 2.15493) (-3.10995, 1.93385) (1.21297, -1.91451) 
(-2.11665, 1.76451) (-3.11935, 2.11143) (-2.10248, -1.71624) (1.50818, 2.14509) (-3.10995, 1.93385) (1.27581, -1.90117) 
(-2.12615, 1.78297) (-3.11935, 2.11143) (-2.09055, -1.72729) (1.55747, 2.1384) (-3.10995, 1.93385) (1.32583, -1.8904) 
(-2.14836, 1.81253) (-3.11935, 2.11143) (-2.08027, -1.73929) (1.62069, 2.13029) (-3.10995, 1.93385) (1.38506, -1.87846) 
(-2.17187, 1.83712) (-3.11935, 2.11143) (-2.07297, -1.74452) (1.66675, 2.12394) (-3.10995, 1.93385) (1.42979, -1.86813) 
(-2.19977, 1.86089) (-3.11935, 2.11143) (-2.06701, -1.74585) (1.72445, 2.11509) (-3.10995, 1.93385) (1.48327, -1.85752) 
(-2.21991, 1.87504) (-3.11935, 2.11143) (-2.06345, -1.74533) (1.77747, 2.10772) (-3.10995, 1.93385) (1.53345, -1.84754) 
(-2.23604, 1.88074) (-3.11935, 2.11143) (-2.06272, -1.74191) (1.84391, 2.09948) (-3.10995, 1.93385) (1.59695, -1.83495) 
(-2.24277, 1.87716) (-3.11935, 2.11143) (-2.06482, -1.73723) (1.90465, 2.092) (-3.10995, 1.93385) (1.65684, -1.82375) 
(-2.24088, 1.87092) (-3.11935, 2.11143) (-2.06707, -1.73232) (1.95883, 2.08483) (-3.10995, 1.93385) (1.70761, -1.81478) 
(-2.23514, 1.86433) (-3.11935, 2.11143) (-2.06878, -1.72747) (2.01269, 2.07977) (-3.10995, 1.93385) (1.75757, -1.80659) 
(-2.22696, 1.85075) (-3.11935, 2.11143) (-2.06896, -1.72309) (2.06645, 2.07571) (-3.10995, 1.93385) (1.81698, -1.79669) 
(-2.21642, 1.83914) (-3.11935, 2.11143) (-2.07077, -1.71844) (2.11679, 2.07021) (-3.10995, 1.93385) (1.87117, -1.78737) 
(-2.20515, 1.83112) (-3.11935, 2.11143) (-2.07611, -1.71291) (2.16586, 2.06356) (-3.10995, 1.93385) (1.93077, -1.77696) 
(-2.19564, 1.82586) (-3.11935, 2.11143) (-2.07853, -1.70919) (2.21357, 2.06034) (-3.10995, 1.93385) (1.98359, -1.76836) 
(-2.18646, 1.82371) (-3.11935, 2.11143) (-2.08092, -1.70527) (2.23471, 2.05628) (-3.10995, 1.93385) (2.03394, -1.76051) 
(-2.17901, 1.82453) (-3.11935, 2.11143) (-2.08469, -1.69777) (2.23455, 2.05644) (-3.10995, 1.93385) (2.08499, -1.75249) 
(-2.1709, 1.82726) (-3.11935, 2.11143) (-2.08984, -1.68505) (2.22623, 2.0561) (-3.10995, 1.93385) (2.14454, -1.74367) 
(-2.16618, 1.83087) (-3.11935, 2.11143) (-2.09196, -1.66985) (2.23306, 2.05606) (-3.10995, 1.93385) (2.20139, -1.73577) 
(-2.16428, 1.83394) (-3.11935, 2.11143) (-2.09513, -1.65895) (2.23589, 2.05601) (-3.10995, 1.93385) (2.24628, -1.7306) 
(-2.16315, 1.83677) (-3.11935, 2.11143) (-2.09863, -1.64952) (2.235, 2.05599) (-3.10995, 1.93385) (2.28656, -1.72682) 
(-2.16377, 1.84046) (-3.11935, 2.11143) (-2.09984, -1.63742) (2.23546, 2.05607) (-3.10995, 1.93385) (2.3179, -1.72318) 
(-2.1643, 1.84267) (-3.11935, 2.11143) (-2.09926, -1.6337) (2.23529, 2.05604) (-3.10995, 1.93385) (2.31903, -1.72388) 
(-2.16454, 1.84395) (-3.11935, 2.11143) (-2.1001, -1.63134) (2.23524, 2.05604) (-3.10995, 1.93385) (2.30858, -1.7238) 
(-2.16364, 1.84537) (-3.11935, 2.11143) (-2.10145, -1.62611) (2.23522, 2.056) (-3.10995, 1.93385) (2.30823, -1.72413) 
(-2.16057, 1.84645) (-3.11935, 2.11143) (-2.10545, -1.62294) (2.23525, 2.05605) (-3.10995, 1.93385) (2.31435, -1.72361) 
(-2.1581, 1.84714) (-3.11935, 2.11143) (-2.11019, -1.61988) (2.23519, 2.05605) (-3.10995, 1.93385) (2.31587, -1.72363) 
(-2.15664, 1.84786) (-3.11935, 2.11143) (-2.11404, -1.61741) (2.23524, 2.05605) (-3.10995, 1.93385) (2.31487, -1.7235) 
(-2.15626, 1.84831) (-3.11935, 2.11143) (-2.11693, -1.61789) (2.23524, 2.05602) (-3.10995, 1.93385) (2.31513, -1.72354) 
(-2.15669, 1.84563) (-3.11935, 2.11143) (-2.11868, -1.61932) (2.23522, 2.05603) (-3.10995, 1.93385) (2.31524, -1.72361) 
(-2.15688, 1.83641) (-3.11935, 2.11143) (-2.12136, -1.62259) (2.23523, 2.05601) (-3.10995, 1.93385) (2.31505, -1.72361) 
(-2.15783, 1.82573) (-3.11935, 2.11143) (-2.12402, -1.6259) (2.23521, 2.05604) (-3.10995, 1.93385) (2.31504, -1.72358) 
(-2.15671, 1.82054) (-3.11935, 2.11143) (-2.12701, -1.6283) (2.23523, 2.05601) (-3.10995, 1.93385) (2.31507, -1.7236) 
(-2.15417, 1.8183) (-3.11935, 2.11143) (-2.12947, -1.6391) (2.2352, 2.05607) (-3.10995, 1.93385) (2.31507, -1.72361) 
(-2.15151, 1.81801) (-3.11935, 2.11143) (-2.12644, -1.64992) (2.23521, 2.05607) (-3.10995, 1.93385) (2.31506, -1.72359) 
(-2.14844, 1.81804) (-3.11935, 2.11143) (-2.12336, -1.65673) (2.23522, 2.05606) (-3.10995, 1.93385) (2.31506, -1.72358) 
(-2.14409, 1.81932) (-3.11935, 2.11143) (-2.11543, -1.6654) (2.2352, 2.05606) (-3.10995, 1.93385) (2.31506, -1.72362) 
(-2.14129, 1.82516) (-3.11935, 2.11143) (-2.10426, -1.66726) (2.23522, 2.05601) (-3.10995, 1.93385) (2.31506, -1.7236) 
(-2.13985, 1.83196) (-3.11935, 2.11143) (-2.09908, -1.66471) (2.23521, 2.05603) (-3.10995, 1.93385) (2.31506, -1.7236) 
(-2.13347, 1.84043) (-3.11935, 2.11143) (-2.0951, -1.66235) (2.23522, 2.05602) (-3.10995, 1.93385) (2.31506, -1.72361) 
(-2.11825, 1.85107) (-3.11935, 2.11143) (-2.09489, -1.65941) (2.23525, 2.05605) (-3.10995, 1.93385) (2.31507, -1.7236) 
(-2.10169, 1.85403) (-3.11935, 2.11143) (-2.09409, -1.6575) (2.23528, 2.05602) (-3.10995, 1.93385) (2.31507, -1.72362) 
(-2.09543, 1.84863) (-3.11935, 2.11143) (-2.09422, -1.65701) (2.23521, 2.05604) (-3.10995, 1.93385) (2.31505, -1.72359) 
(-2.09361, 1.82532) (-3.11935, 2.11143) (-2.09466, -1.65687) (2.2352, 2.05605) (-3.10995, 1.93385) (2.31506, -1.72361) 
(-2.09785, 1.81137) (-3.11935, 2.11143) (-2.0971, -1.65777) (2.2352, 2.05605) (-3.10995, 1.93385) (2.31505, -1.72362) 
(-2.10144, 1.80105) (-3.11935, 2.11143) (-2.09894, -1.65825) (2.23519, 2.05605) (-3.10995, 1.93385) (2.31506, -1.7236) 
(-2.10207, 1.79741) (-3.11935, 2.11143) (-2.10074, -1.65859) (2.2352, 2.05605) (-3.10995, 1.93385) (2.31505, -1.72361) 
(-2.10182, 1.79673) (-3.11935, 2.11143) (-2.10186, -1.65955) (2.2352, 2.05606) (-3.10995, 1.93385) (2.31506, -1.7236) 
(-2.10236, 1.79856) (-3.11935, 2.11143) (-2.10193, -1.66098) (2.23521, 2.05607) (-3.10995, 1.93385) (2.31505, -1.72362) 
(-2.10402, 1.79888) (-3.11935, 2.11143) (-2.10139, -1.66366) (2.23519, 2.05606) (-3.10995, 1.93385) (2.31504, -1.72362) 
(-2.1064, 1.79723) (-3.11935, 2.11143) (-2.10027, -1.66549) (2.2352, 2.05604) (-3.10995, 1.93385) (2.31506, -1.7236) 
(-2.11094, 1.79391) (-3.11935, 2.11143) (-2.098, -1.66833) (2.23519, 2.05607) (-3.10995, 1.93385) (2.31505, -1.72361) 
(-2.1131, 1.79222) (-3.11935, 2.11143) (-2.09678, -1.66932) (2.2352, 2.05607) (-3.10995, 1.93385) (2.31506, -1.72362) 
(-2.1179, 1.7879) (-3.11935, 2.11143) (-2.09471, -1.67288) (2.23519, 2.05606) (-3.10995, 1.93385) (2.31505, -1.72361) 
(-2.11851, 1.78419) (-3.11935, 2.11143) (-2.09338, -1.67636) (2.2352, 2.05605) (-3.10995, 1.93385) (2.31505, -1.72358) 
(-2.11902, 1.77905) (-3.11935, 2.11143) (-2.09105, -1.68092) (2.2352, 2.05603) (-3.10995, 1.93385) (2.31505, -1.72362) 
(-2.11936, 1.77597) (-3.11935, 2.11143) (-2.08929, -1.68552) (2.23519, 2.05604) (-3.10995, 1.93385) (2.31505, -1.72361) 
