(2.03966, -1.68636) (-2.09983, -1.81415) (0.151527, 2.49203) (-2.2031, 1.84936) (2.08656, 1.9377) (0.075684, -2.0735) 
(2.04213, -1.68793) (-2.11235, -1.81989) (0.154252, 2.49679) (-2.20395, 1.85047) (2.08679, 1.93799) (0.0756889, -2.07861) 
(2.04496, -1.68843) (-2.11284, -1.82046) (0.155525, 2.49945) (-2.18801, 1.84152) (2.06315, 1.919) (0.0783941, -2.0519) 
(2.04669, -1.68915) (-2.10982, -1.81892) (0.155989, 2.50074) (-2.16071, 1.80948) (2.029, 1.87073) (0.0750594, -1.9853) 
(2.04598, -1.689) (-2.10435, -1.81514) (0.155917, 2.50163) (-2.13707, 1.80056) (1.99148, 1.84091) (0.0718876, -1.9281) 
(2.04143, -1.69041) (-2.09699, -1.81174) (0.156126, 2.50222) (-2.1113, 1.78256) (1.95769, 1.80443) (0.0721774, -1.88045) 
(2.03375, -1.69295) (-2.08961, -1.80807) (0.15611, 2.502) (-2.08444, 1.76568) (1.92752, 1.77551) (0.0712192, -1.83775) 
(2.01612, -1.698) (-2.08107, -1.80279) (0.156054, 2.49902) (-2.04682, 1.73734) (1.88952, 1.74296) (0.0680929, -1.78246) 
(1.99112, -1.70406) (-2.0704, -1.79473) (0.154559, 2.4914) (-2.01056, 1.70901) (1.85209, 1.71294) (0.0649391, -1.72911) 
(1.95165, -1.70884) (-2.07081, -1.79359) (0.151853, 2.4777) (-1.97523, 1.68003) (1.80717, 1.67576) (0.0627151, -1.66846) 
(1.91821, -1.70865) (-2.07513, -1.79493) (0.150169, 2.46889) (-1.94731, 1.6576) (1.77516, 1.65033) (0.0610854, -1.62871) 
(1.85667, -1.6929) (-2.07782, -1.79137) (0.150943, 2.45594) (-1.90351, 1.62094) (1.72409, 1.60861) (0.0594819, -1.56283) 
(1.81322, -1.66747) (-2.07573, -1.78977) (0.154835, 2.44513) (-1.86631, 1.59091) (1.68804, 1.57788) (0.0586476, -1.51379) 
(1.77291, -1.62418) (-2.07245, -1.78821) (0.162513, 2.43368) (-1.82852, 1.56113) (1.65075, 1.54718) (0.0570506, -1.4633) 
(1.74097, -1.55676) (-2.06492, -1.78303) (0.174329, 2.41784) (-1.78453, 1.52566) (1.61186, 1.51238) (0.0547149, -1.40771) 
(1.71408, -1.4756) (-2.06909, -1.77998) (0.19117, 2.39248) (-1.73889, 1.48969) (1.56857, 1.47403) (0.0522087, -1.34787) 
(1.68861, -1.40374) (-2.05542, -1.76892) (0.210707, 2.36558) (-1.69324, 1.45396) (1.5256, 1.43627) (0.0503884, -1.28914) 
(1.67505, -1.36376) (-2.05157, -1.76349) (0.221971, 2.353) (-1.661, 1.4286) (1.49703, 1.41044) (0.0491574, -1.24811) 
(1.64382, -1.30968) (-2.05479, -1.75856) (0.236383, 2.34366) (-1.61426, 1.38888) (1.44699, 1.36852) (0.0473802, -1.18373) 
(1.61299, -1.27286) (-2.05376, -1.74848) (0.246464, 2.34185) (-1.57828, 1.35875) (1.40812, 1.33513) (0.0459261, -1.13309) 
(1.57076, -1.22813) (-2.0464, -1.72967) (0.251172, 2.33514) (-1.53033, 1.32015) (1.36293, 1.29722) (0.0444882, -1.07244) 
(1.52218, -1.18722) (-2.03773, -1.71228) (0.250732, 2.32537) (-1.49104, 1.28826) (1.32332, 1.26496) (0.0422702, -1.02027) 
(1.44171, -1.13968) (-2.02425, -1.68571) (0.244506, 2.30694) (-1.44019, 1.24671) (1.27418, 1.22306) (0.0397228, -0.955386) 
(1.36002, -1.10386) (-2.01674, -1.66619) (0.232532, 2.28503) (-1.40268, 1.21901) (1.23855, 1.18965) (0.0376587, -0.904165) 
(1.27064, -1.0649) (-2.01289, -1.64805) (0.211713, 2.25152) (-1.35848, 1.18255) (1.19782, 1.15642) (0.0363757, -0.848181) 
(1.1966, -1.02042) (-2.01448, -1.636) (0.183323, 2.20954) (-1.31443, 1.14836) (1.1588, 1.12951) (0.0348563, -0.79753) 
(1.12659, -0.953672) (-2.01918, -1.62905) (0.154219, 2.16544) (-1.26678, 1.11035) (1.12095, 1.1029) (0.0286555, -0.744902) 
(1.06866, -0.882814) (-2.02149, -1.625) (0.128374, 2.12944) (-1.2298, 1.08009) (1.08272, 1.07278) (0.0217876, -0.693402) 
(1.0292, -0.8327) (-2.02239, -1.62391) (0.11182, 2.10874) (-1.20959, 1.05701) (1.06247, 1.04857) (0.0159385, -0.655793) 
(0.953612, -0.727887) (-2.01979, -1.62522) (0.0817604, 2.07363) (-1.16644, 1.00283) (1.0351, 0.995811) (0.00590703, -0.58839) 
(0.89813, -0.636375) (-2.00944, -1.62403) (0.0620887, 2.05161) (-1.13998, 0.962651) (1.01649, 0.95746) (0.00120388, -0.542363) 
(0.826253, -0.52) (-1.97475, -1.61441) (0.041672, 2.02701) (-1.11335, 0.91518) (0.998163, 0.908114) (-0.00452858, -0.486509) 
(0.771746, -0.446965) (-1.93561, -1.60191) (0.0287131, 2.0128) (-1.09104, 0.871455) (0.982883, 0.864653) (-0.00732551, -0.444933) 
(0.700828, -0.375856) (-1.88405, -1.5803) (0.0166303, 2.00288) (-1.06243, 0.820808) (0.965984, 0.820076) (-0.0112295, -0.397704) 
(0.615951, -0.299605) (-1.81992, -1.54304) (0.00934961, 1.99224) (-1.03404, 0.769859) (0.945355, 0.774088) (-0.0158254, -0.350949) 
(0.544116, -0.233656) (-1.76548, -1.50491) (0.00923826, 1.9838) (-1.01275, 0.727189) (0.924531, 0.734362) (-0.018464, -0.313381) 
(0.452669, -0.154157) (-1.69674, -1.44485) (0.0146103, 1.97434) (-0.984021, 0.678157) (0.898662, 0.683735) (-0.0218061, -0.273025) 
(0.359819, -0.0849334) (-1.63031, -1.37607) (0.0200928, 1.96672) (-0.959178, 0.639075) (0.877673, 0.639138) (-0.0265742, -0.244749) 
(0.269283, -0.0128353) (-1.54905, -1.29367) (0.0243481, 1.9573) (-0.933236, 0.598281) (0.854043, 0.587353) (-0.0356514, -0.218709) 
(0.207989, 0.0533886) (-1.45713, -1.21336) (0.0256642, 1.94303) (-0.909579, 0.559946) (0.834417, 0.54479) (-0.0464753, -0.189546) 
(0.19294, 0.0727656) (-1.4309, -1.19232) (0.0255714, 1.93857) (-0.90397, 0.549946) (0.829195, 0.532782) (-0.0486731, -0.181391) 
(0.0901346, 0.214934) (-1.22996, -1.05075) (0.0183164, 1.91804) (-0.873142, 0.478537) (0.792809, 0.442364) (-0.0509492, -0.134433) 
(0.018128, 0.312217) (-1.08046, -0.960186) (0.0133192, 1.9091) (-0.857229, 0.432401) (0.76927, 0.382718) (-0.0429537, -0.0990244) 
(-0.0318518, 0.385415) (-0.967106, -0.890708) (0.0108618, 1.90224) (-0.840693, 0.397863) (0.753261, 0.339849) (-0.033886, -0.082038) 
(-0.100133, 0.488212) (-0.823696, -0.794481) (0.00674777, 1.88645) (-0.82357, 0.360541) (0.729681, 0.291886) (-0.0261838, -0.0671062) 
(-0.159584, 0.567398) (-0.689418, -0.702204) (0.00594161, 1.87014) (-0.800501, 0.326636) (0.712804, 0.240184) (-0.0202065, -0.0506143) 
(-0.237436, 0.62981) (-0.549523, -0.60826) (0.0131492, 1.85007) (-0.776881, 0.292031) (0.696328, 0.192784) (-0.0193303, -0.0332071) 
(-0.318693, 0.681682) (-0.420915, -0.52921) (0.0271793, 1.82456) (-0.753961, 0.262159) (0.688392, 0.145024) (-0.0234157, -0.0173548) 
(-0.400275, 0.733181) (-0.307439, -0.449411) (0.046928, 1.7965) (-0.728403, 0.228874) (0.683563, 0.101399) (-0.0284191, -0.0046892) 
(-0.48579, 0.780646) (-0.203017, -0.378724) (0.0701945, 1.76255) (-0.702086, 0.194472) (0.685432, 0.057497) (-0.0345625, 0.0083793) 
(-0.539819, 0.802539) (-0.136105, -0.343088) (0.0851098, 1.74053) (-0.687922, 0.174416) (0.685761, 0.0358839) (-0.0375485, 0.0172042) 
(-0.68426, 0.847099) (0.0478098, -0.253605) (0.122122, 1.68123) (-0.657289, 0.127392) (0.700615, -0.0187902) (-0.0431918, 0.0386629) 
(-0.767767, 0.878221) (0.17625, -0.192452) (0.145006, 1.63949) (-0.639201, 0.0942812) (0.718418, -0.0562094) (-0.0472552, 0.0551744) 
(-0.847682, 0.932767) (0.307112, -0.118669) (0.165734, 1.58842) (-0.619879, 0.0570942) (0.728758, -0.0951935) (-0.0558373, 0.0741094) 
(-0.932931, 0.996424) (0.434157, -0.0342802) (0.176055, 1.51891) (-0.599759, 0.0142147) (0.749126, -0.131701) (-0.0663554, 0.0846211) 
(-1.0094, 1.04951) (0.544354, 0.0579228) (0.175434, 1.44963) (-0.588444, -0.0193215) (0.770414, -0.160608) (-0.0735464, 0.0957539) 
(-1.09894, 1.11591) (0.663522, 0.195967) (0.171306, 1.35) (-0.580901, -0.0612419) (0.798583, -0.186322) (-0.0784196, 0.105357) 
(-1.16481, 1.17498) (0.753781, 0.304658) (0.162979, 1.26312) (-0.57515, -0.0908805) (0.818655, -0.20028) (-0.0821907, 0.115773) 
(-1.254, 1.25642) (0.866216, 0.442386) (0.146128, 1.13857) (-0.566693, -0.140468) (0.84494, -0.216775) (-0.0876587, 0.135979) 
(-1.31242, 1.30946) (0.957774, 0.557701) (0.138775, 1.03368) (-0.562285, -0.170375) (0.862956, -0.221556) (-0.093131, 0.158749) 
(-1.36952, 1.34727) (1.05196, 0.674509) (0.149975, 0.925266) (-0.549803, -0.203995) (0.87329, -0.23265) (-0.102323, 0.179281) 
(-1.44567, 1.39325) (1.18205, 0.812447) (0.178751, 0.80726) (-0.537246, -0.247315) (0.886769, -0.24191) (-0.113593, 0.198445) 
(-1.53301, 1.44769) (1.29886, 0.951622) (0.210126, 0.683337) (-0.526427, -0.28549) (0.896108, -0.257421) (-0.127443, 0.21347) 
(-1.6168, 1.49374) (1.39878, 1.08631) (0.244473, 0.568852) (-0.516146, -0.322501) (0.90303, -0.272443) (-0.139521, 0.217586) 
(-1.70049, 1.53072) (1.49787, 1.21389) (0.278349, 0.465629) (-0.50639, -0.347874) (0.904663, -0.292611) (-0.15186, 0.222321) 
(-1.80505, 1.57137) (1.62587, 1.36866) (0.311603, 0.345888) (-0.48815, -0.375141) (0.901305, -0.317031) (-0.169241, 0.229756) 
(-1.8819, 1.61376) (1.73351, 1.49612) (0.311657, 0.249032) (-0.467659, -0.392224) (0.905261, -0.330492) (-0.186304, 0.238037) 
(-1.95706, 1.68263) (1.86976, 1.64291) (0.302735, 0.15139) (-0.442481, -0.416766) (0.909439, -0.35732) (-0.206726, 0.252955) 
(-2.02342, 1.74744) (1.98879, 1.76823) (0.290744, 0.0521284) (-0.41665, -0.44116) (0.918656, -0.376798) (-0.213191, 0.266431) 
(-2.09056, 1.80831) (2.1106, 1.89034) (0.273069, -0.0558639) (-0.388475, -0.46345) (0.92876, -0.394951) (-0.228101, 0.285437) 
(-2.15167, 1.86995) (2.23537, 2.01845) (0.244423, -0.163767) (-0.364641, -0.484413) (0.938817, -0.406332) (-0.237375, 0.311432) 
(-2.2067, 1.94146) (2.34296, 2.17559) (0.227654, -0.27459) (-0.340956, -0.510345) (0.942234, -0.421154) (-0.241715, 0.334614) 
(-2.25559, 2.00748) (2.39536, 2.30775) (0.230706, -0.364323) (-0.323582, -0.532832) (0.948166, -0.433184) (-0.240499, 0.357086) 
(-2.2951, 2.05243) (2.42988, 2.39806) (0.234564, -0.43516) (-0.315927, -0.555411) (0.947458, -0.442593) (-0.235893, 0.377893) 
(-2.354, 2.10513) (2.48037, 2.49652) (0.242096, -0.544045) (-0.309406, -0.580448) (0.950448, -0.453683) (-0.23076, 0.403021) 
(-2.39578, 2.14051) (2.52216, 2.56389) (0.255918, -0.632193) (-0.313198, -0.600943) (0.94823, -0.460801) (-0.22348, 0.425383) 
(-2.44494, 2.1835) (2.56597, 2.64241) (0.275634, -0.744029) (-0.313621, -0.629079) (0.946912, -0.470364) (-0.220844, 0.437462) 
(-2.49465, 2.2198) (2.60181, 2.70037) (0.286046, -0.820519) (-0.313074, -0.652087) (0.944755, -0.47635) (-0.216018, 0.463736) 
(-2.55533, 2.25686) (2.63946, 2.75312) (0.275212, -0.898289) (-0.312095, -0.673826) (0.934998, -0.48407) (-0.21204, 0.491958) 
(-2.61881, 2.29171) (2.67207, 2.8067) (0.249031, -0.96525) (-0.302196, -0.690528) (0.924205, -0.494461) (-0.210046, 0.526876) 
(-2.62733, 2.29814) (2.67573, 2.81493) (0.245237, -0.974623) (-0.301059, -0.69323) (0.922586, -0.495712) (-0.209621, 0.532328) 
(-2.68984, 2.35272) (2.69887, 2.87667) (0.204016, -1.06995) (-0.282412, -0.716897) (0.894808, -0.513537) (-0.204737, 0.593524) 
(-2.70545, 2.37127) (2.70114, 2.89494) (0.171811, -1.14418) (-0.265555, -0.732347) (0.878047, -0.528259) (-0.20264, 0.629118) 
(-2.7154, 2.36625) (2.70423, 2.90374) (0.147709, -1.20666) (-0.251365, -0.744448) (0.866686, -0.544684) (-0.198402, 0.663169) 
(-2.71501, 2.35175) (2.71095, 2.905) (0.134561, -1.27138) (-0.236152, -0.75823) (0.856157, -0.56333) (-0.192792, 0.704796) 
(-2.71421, 2.3487) (2.71464, 2.90329) (0.132256, -1.34087) (-0.218242, -0.779335) (0.849343, -0.583507) (-0.187827, 0.749733) 
(-2.71421, 2.3487) (2.71731, 2.89856) (0.133367, -1.40711) (-0.206246, -0.797591) (0.846549, -0.601426) (-0.18222, 0.794006) 
(-2.71421, 2.3487) (2.71698, 2.89305) (0.127059, -1.47826) (-0.196162, -0.820266) (0.845738, -0.621125) (-0.176797, 0.840697) 
(-2.71421, 2.3487) (2.7127, 2.89322) (0.119886, -1.54482) (-0.186308, -0.843755) (0.847341, -0.635305) (-0.172135, 0.891248) 
(-2.71421, 2.3487) (2.71139, 2.90148) (0.112191, -1.62254) (-0.172395, -0.871196) (0.850934, -0.653485) (-0.164694, 0.952414) 
(-2.71421, 2.3487) (2.71184, 2.90516) (0.110674, -1.6425) (-0.167387, -0.881347) (0.852187, -0.657603) (-0.162141, 0.971859) 
(-2.71421, 2.3487) (2.70579, 2.92448) (0.0795954, -1.71952) (-0.140863, -0.933222) (0.863192, -0.679416) (-0.152493, 1.06346) 
(-2.71421, 2.3487) (2.70016, 2.93405) (0.0497157, -1.72368) (-0.120864, -0.967201) (0.879581, -0.695189) (-0.146991, 1.12266) 
(-2.71421, 2.3487) (2.69501, 2.93934) (0.033108, -1.71137) (-0.105802, -0.986962) (0.89505, -0.706954) (-0.139826, 1.17486) 
(-2.71421, 2.3487) (2.68757, 2.94257) (0.0236267, -1.68954) (-0.0786079, -1.01235) (0.915582, -0.717733) (-0.132362, 1.23429) 
(-2.71421, 2.3487) (2.6799, 2.94341) (0.0238088, -1.67334) (-0.0551897, -1.0349) (0.931833, -0.722947) (-0.127582, 1.27702) 
(-2.71421, 2.3487) (2.66751, 2.9409) (0.0279087, -1.65545) (-0.0163056, -1.06719) (0.955422, -0.72745) (-0.119494, 1.33501) 
(-2.71421, 2.3487) (2.65919, 2.92729) (0.0458274, -1.66253) (0.0230794, -1.0995) (0.980558, -0.728251) (-0.110381, 1.39607) 
(-2.71421, 2.3487) (2.65876, 2.9036) (0.0688426, -1.68973) (0.0509572, -1.1216) (1.00017, -0.725991) (-0.104673, 1.44569) 
(-2.71421, 2.3487) (2.66025, 2.8734) (0.0886021, -1.73412) (0.0827897, -1.13864) (1.01955, -0.719721) (-0.0977438, 1.49675) 
(-2.71421, 2.3487) (2.66364, 2.83145) (0.10028, -1.79225) (0.114465, -1.15519) (1.04005, -0.709925) (-0.0923349, 1.55375) 
(-2.71421, 2.3487) (2.66716, 2.79056) (0.105743, -1.84128) (0.142899, -1.16729) (1.05496, -0.699699) (-0.0847793, 1.59922) 
(-2.71421, 2.3487) (2.66406, 2.72951) (0.113215, -1.90113) (0.186379, -1.18231) (1.07379, -0.681552) (-0.0757649, 1.66394) 
(-2.71421, 2.3487) (2.65597, 2.67842) (0.129389, -1.95283) (0.233609, -1.19672) (1.08775, -0.662113) (-0.0686366, 1.72467) 
(-2.71421, 2.3487) (2.64774, 2.64233) (0.146376, -1.98293) (0.27406, -1.20727) (1.09656, -0.644497) (-0.0625337, 1.77702) 
(-2.71421, 2.3487) (2.64195, 2.6088) (0.174299, -2.01501) (0.319945, -1.21713) (1.10329, -0.621903) (-0.0542992, 1.8357) 
(-2.71421, 2.3487) (2.63505, 2.58315) (0.204014, -2.04456) (0.366177, -1.22501) (1.10622, -0.599371) (-0.0450742, 1.89172) 
(-2.71421, 2.3487) (2.62852, 2.56595) (0.237435, -2.07033) (0.415449, -1.2335) (1.10445, -0.578475) (-0.0375946, 1.94532) 
(-2.71421, 2.3487) (2.62328, 2.55439) (0.285378, -2.0946) (0.474897, -1.24243) (1.0978, -0.559144) (-0.0279004, 2.01401) 
(-2.71421, 2.3487) (2.61933, 2.54998) (0.31641, -2.10925) (0.521461, -1.25) (1.0928, -0.5426) (-0.0213497, 2.06623) 
(-2.71421, 2.3487) (2.61369, 2.55295) (0.339029, -2.12012) (0.570847, -1.2589) (1.08322, -0.534075) (-0.0138892, 2.11643) 
(-2.71421, 2.3487) (2.60614, 2.55768) (0.343411, -2.13515) (0.625221, -1.27036) (1.07969, -0.519638) (-0.00501583, 2.17328) 
(-2.71421, 2.3487) (2.59539, 2.56126) (0.334883, -2.15002) (0.672526, -1.28041) (1.07557, -0.505491) (0.00260266, 2.22169) 
(-2.71421, 2.3487) (2.58267, 2.56373) (0.31762, -2.16579) (0.725467, -1.29106) (1.07576, -0.490742) (0.0104771, 2.2664) 
(-2.71421, 2.3487) (2.57312, 2.56631) (0.293716, -2.17931) (0.782845, -1.30323) (1.07652, -0.47615) (0.0190797, 2.30742) 
(-2.71421, 2.3487) (2.568, 2.56781) (0.269189, -2.19052) (0.829946, -1.31286) (1.07984, -0.463388) (0.0246762, 2.34089) 
(-2.71421, 2.3487) (2.56152, 2.56962) (0.226612, -2.20485) (0.899983, -1.3281) (1.08619, -0.446737) (0.0269157, 2.34963) 
(-2.71421, 2.3487) (2.5594, 2.57059) (0.199459, -2.21035) (0.950888, -1.3383) (1.09435, -0.435021) (0.0241301, 2.33947) 
(-2.71421, 2.3487) (2.55564, 2.57034) (0.177641, -2.20853) (1.00516, -1.34978) (1.10542, -0.424053) (0.0247859, 2.34019) 
(-2.71421, 2.3487) (2.55392, 2.56946) (0.164869, -2.19997) (1.06015, -1.36182) (1.12003, -0.41727) (0.0253671, 2.34448) 
(-2.71421, 2.3487) (2.55356, 2.56779) (0.156829, -2.19186) (1.11602, -1.37339) (1.13433, -0.408218) (0.0252964, 2.34407) 
(-2.71421, 2.3487) (2.55261, 2.56494) (0.152718, -2.18539) (1.17738, -1.38616) (1.15316, -0.405222) (0.02523, 2.34322) 
(-2.71421, 2.3487) (2.55004, 2.56222) (0.149973, -2.18354) (1.23295, -1.39775) (1.16986, -0.393707) (0.0254182, 2.3436) 
(-2.71421, 2.3487) (2.54611, 2.55932) (0.149253, -2.18352) (1.2842, -1.4087) (1.18677, -0.386693) (0.0252688, 2.34333) 
(-2.71421, 2.3487) (2.53904, 2.55679) (0.151611, -2.18484) (1.34325, -1.42146) (1.20333, -0.369795) (0.0252932, 2.34351) 
(-2.71421, 2.3487) (2.53037, 2.55457) (0.155127, -2.18745) (1.39334, -1.43174) (1.21617, -0.355047) (0.02528, 2.34338) 
(-2.71421, 2.3487) (2.52014, 2.55257) (0.159083, -2.19067) (1.4483, -1.44372) (1.22683, -0.33655) (0.025346, 2.34342) 
(-2.71421, 2.3487) (2.51188, 2.55215) (0.162533, -2.19344) (1.50395, -1.4568) (1.23488, -0.31713) (0.0253276, 2.34343) 
(-2.71421, 2.3487) (2.50534, 2.55133) (0.165069, -2.19656) (1.5644, -1.46975) (1.23995, -0.293617) (0.0252751, 2.34341) 
(-2.71421, 2.3487) (2.50234, 2.55051) (0.166553, -2.19887) (1.61116, -1.48025) (1.2411, -0.275732) (0.0253382, 2.34344) 
(-2.71421, 2.3487) (2.50173, 2.54999) (0.167152, -2.19965) (1.62981, -1.48468) (1.24107, -0.268781) (0.0252944, 2.34342) 
(-2.71421, 2.3487) (2.50116, 2.54936) (0.169468, -2.20342) (1.73215, -1.50788) (1.23472, -0.230569) (0.0253248, 2.3434) 
(-2.71421, 2.3487) (2.50305, 2.54779) (0.170566, -2.20549) (1.78304, -1.51916) (1.22662, -0.210582) (0.0253097, 2.34341) 
(-2.71421, 2.3487) (2.50587, 2.54687) (0.17144, -2.20653) (1.82221, -1.5277) (1.21895, -0.196256) (0.0252883, 2.3434) 
(-2.71421, 2.3487) (2.51027, 2.54363) (0.173048, -2.20709) (1.87407, -1.5401) (1.20198, -0.178753) (0.025319, 2.3434) 
(-2.71421, 2.3487) (2.51593, 2.54457) (0.174292, -2.20725) (1.90018, -1.54548) (1.18724, -0.168977) (0.0253007, 2.3434) 
(-2.71421, 2.3487) (2.52007, 2.54321) (0.17493, -2.20727) (1.90189, -1.5468) (1.17516, -0.1632) (0.0252866, 2.34337) 
(-2.71421, 2.3487) (2.52645, 2.54318) (0.175364, -2.20751) (1.89396, -1.54351) (1.16419, -0.15861) (0.0253059, 2.34339) 
(-2.71421, 2.3487) (2.5306, 2.54317) (0.175954, -2.20805) (1.89777, -1.54474) (1.14959, -0.151357) (0.0253012, 2.34338) 
(-2.71421, 2.3487) (2.53463, 2.54254) (0.176487, -2.20883) (1.9015, -1.54643) (1.14184, -0.142496) (0.0253136, 2.34337) 
(-2.71421, 2.3487) (2.53759, 2.5425) (0.176602, -2.20959) (1.90063, -1.54533) (1.13475, -0.13467) (0.0253108, 2.34338) 
(-2.71421, 2.3487) (2.5362, 2.53884) (0.176861, -2.21123) (1.90104, -1.54567) (1.12607, -0.118997) (0.025314, 2.34339) 
(-2.71421, 2.3487) (2.53596, 2.53623) (0.177068, -2.21148) (1.90082, -1.54578) (1.12018, -0.104111) (0.0253126, 2.34336) 
(-2.71421, 2.3487) (2.5375, 2.53422) (0.177322, -2.21078) (1.90096, -1.54586) (1.11706, -0.08931) (0.0253143, 2.34338) 
(-2.71421, 2.3487) (2.53956, 2.53419) (0.177317, -2.21019) (1.90089, -1.5459) (1.11717, -0.0737268) (0.0253141, 2.34338) 
(-2.71421, 2.3487) (2.54085, 2.53455) (0.177434, -2.20979) (1.90086, -1.54585) (1.11878, -0.062161) (0.0252982, 2.34336) 
(-2.71421, 2.3487) (2.54154, 2.53569) (0.176979, -2.20914) (1.90097, -1.54585) (1.12487, -0.0458443) (0.0253152, 2.34336) 
(-2.71421, 2.3487) (2.54153, 2.53612) (0.176808, -2.20967) (1.90086, -1.54591) (1.13168, -0.0321871) (0.0252931, 2.34335) 
(-2.71421, 2.3487) (2.54057, 2.53571) (0.177096, -2.21115) (1.90092, -1.54589) (1.14356, -0.0175906) (0.0252986, 2.34337) 
(-2.71421, 2.3487) (2.53796, 2.5368) (0.177146, -2.21151) (1.90094, -1.54587) (1.15076, -0.00854992) (0.0253241, 2.34337) 
(-2.71421, 2.3487) (2.53267, 2.5356) (0.177157, -2.2117) (1.90092, -1.54589) (1.16388, 0.00116157) (0.0252794, 2.3434) 
(-2.71421, 2.3487) (2.52503, 2.53548) (0.17744, -2.21191) (1.90092, -1.54586) (1.17647, 0.00878394) (0.0252881, 2.34336) 
(-2.71421, 2.3487) (2.518, 2.53569) (0.17726, -2.21182) (1.90093, -1.5459) (1.18997, 0.0137053) (0.0253044, 2.34335) 
(-2.71421, 2.3487) (2.51157, 2.53541) (0.177075, -2.21163) (1.90096, -1.54585) (1.20389, 0.0149854) (0.0252893, 2.34336) 
(-2.71421, 2.3487) (2.50591, 2.53651) (0.177065, -2.21184) (1.90092, -1.54587) (1.21991, 0.0140393) (0.0253013, 2.34336) 
(-2.71421, 2.3487) (2.50062, 2.53725) (0.177232, -2.21196) (1.90092, -1.54588) (1.23637, 0.0102121) (0.0252938, 2.34338) 
(-2.71421, 2.3487) (2.49749, 2.53924) (0.177485, -2.21151) (1.90093, -1.54587) (1.25042, 0.00421442) (0.0253144, 2.34336) 
(-2.71421, 2.3487) (2.49498, 2.54168) (0.177827, -2.2111) (1.90097, -1.54584) (1.26129, -0.00215302) (0.0253087, 2.34336) 
(-2.71421, 2.3487) (2.49339, 2.54514) (0.178328, -2.2104) (1.90086, -1.54588) (1.27273, -0.0111302) (0.0252803, 2.34336) 
(-2.71421, 2.3487) (2.49219, 2.54811) (0.178047, -2.20929) (1.90092, -1.54586) (1.28223, -0.0219938) (0.0253047, 2.34336) 
(-2.71421, 2.3487) (2.49001, 2.54944) (0.17797, -2.20853) (1.9009, -1.54588) (1.29044, -0.0340963) (0.0253123, 2.34336) 
(-2.71421, 2.3487) (2.48574, 2.54999) (0.178018, -2.20762) (1.90087, -1.54587) (1.29702, -0.048663) (0.0253075, 2.34336) 
(-2.71421, 2.3487) (2.48148, 2.54976) (0.178053, -2.20607) (1.90086, -1.54586) (1.3, -0.0606157) (0.0253072, 2.34336) 
(-2.71421, 2.3487) (2.47589, 2.55067) (0.178142, -2.2044) (1.90091, -1.54588) (1.30166, -0.0758402) (0.0252965, 2.34336) 
(-2.71421, 2.3487) (2.46682, 2.54964) (0.178463, -2.20267) (1.90096, -1.54585) (1.29995, -0.0923262) (0.0252851, 2.34335) 
(-2.71421, 2.3487) (2.45839, 2.54637) (0.17898, -2.20103) (1.90084, -1.54591) (1.29661, -0.105685) (0.0253081, 2.34337) 
(-2.71421, 2.3487) (2.44924, 2.53739) (0.17897, -2.19986) (1.90084, -1.54589) (1.29105, -0.119049) (0.0252889, 2.34335) 
(-2.71421, 2.3487) (2.43985, 2.52112) (0.178839, -2.19902) (1.9009, -1.54589) (1.28152, -0.132845) (0.025321, 2.34335) 
(-2.71421, 2.3487) (2.43595, 2.50067) (0.178468, -2.19797) (1.90086, -1.54586) (1.27004, -0.144226) (0.025315, 2.34336) 
(-2.71421, 2.3487) (2.43691, 2.48591) (0.178332, -2.19664) (1.90086, -1.5459) (1.26065, -0.152269) (0.0252772, 2.34335) 
(-2.71421, 2.3487) (2.43972, 2.47844) (0.178366, -2.19582) (1.90084, -1.54589) (1.25419, -0.155624) (0.0253099, 2.34335) 
(-2.71421, 2.3487) (2.44804, 2.45694) (0.178864, -2.19365) (1.90083, -1.54589) (1.22887, -0.162206) (0.0253062, 2.34336) 
(-2.71421, 2.3487) (2.45092, 2.44481) (0.181168, -2.18711) (1.90092, -1.54589) (1.20738, -0.161851) (0.0252938, 2.34335) 
(-2.71421, 2.3487) (2.45499, 2.43568) (0.182811, -2.18328) (1.9009, -1.54586) (1.18888, -0.16527) (0.0252968, 2.34335) 
(-2.71421, 2.3487) (2.45868, 2.42575) (0.186522, -2.17985) (1.90084, -1.54588) (1.17413, -0.164286) (0.0253022, 2.34334) 
(-2.71421, 2.3487) (2.46037, 2.41968) (0.189955, -2.17392) (1.9009, -1.54587) (1.15789, -0.163084) (0.0252903, 2.34334) 
(-2.71421, 2.3487) (2.462, 2.41508) (0.193261, -2.1681) (1.9009, -1.54589) (1.14229, -0.156809) (0.0253049, 2.34335) 
(-2.71421, 2.3487) (2.46329, 2.41373) (0.199512, -2.1632) (1.90085, -1.54586) (1.12844, -0.150365) (0.0252658, 2.34337) 
(-2.71421, 2.3487) (2.46441, 2.41239) (0.216885, -2.1552) (1.90085, -1.54588) (1.11671, -0.142604) (0.0252707, 2.34333) 
(-2.71421, 2.3487) (2.46602, 2.41225) (0.24133, -2.14956) (1.90092, -1.54588) (1.10601, -0.131663) (0.0252863, 2.34335) 
(-2.71421, 2.3487) (2.4671, 2.41249) (0.254653, -2.14766) (1.90092, -1.54586) (1.1009, -0.12469) (0.0253038, 2.34337) 
(-2.71421, 2.3487) (2.46985, 2.41413) (0.300161, -2.14304) (1.90091, -1.54587) (1.08936, -0.10141) (0.0253087, 2.34335) 
(-2.71421, 2.3487) (2.47104, 2.41506) (0.326221, -2.13793) (1.90091, -1.54588) (1.08495, -0.0877982) (0.0252918, 2.34333) 
(-2.71421, 2.3487) (2.47113, 2.4146) (0.351461, -2.13038) (1.90093, -1.54586) (1.08471, -0.0722685) (0.0253084, 2.34334) 
(-2.71421, 2.3487) (2.46977, 2.41365) (0.380879, -2.11932) (1.90083, -1.54589) (1.0877, -0.0523458) (0.0252778, 2.34333) 
(-2.71421, 2.3487) (2.46938, 2.41347) (0.397875, -2.11363) (1.90096, -1.54584) (1.09302, -0.0398037) (0.025311, 2.34335) 
(-2.71421, 2.3487) (2.4699, 2.41333) (0.421368, -2.10707) (1.90091, -1.54587) (1.1024, -0.0220716) (0.0253063, 2.34335) 
(-2.71421, 2.3487) (2.47004, 2.41277) (0.437861, -2.10525) (1.90082, -1.54589) (1.11157, -0.0101463) (0.0253238, 2.34334) 
(-2.71421, 2.3487) (2.46949, 2.41142) (0.453996, -2.10665) (1.90091, -1.54589) (1.12518, 0.00247547) (0.0253044, 2.34334) 
(-2.71421, 2.3487) (2.4693, 2.41011) (0.465592, -2.11) (1.90088, -1.54585) (1.1356, 0.0107355) (0.0252942, 2.34333) 
(-2.71421, 2.3487) (2.46992, 2.40953) (0.474414, -2.11573) (1.90091, -1.54587) (1.15229, 0.0176683) (0.0252784, 2.34334) 
(-2.71421, 2.3487) (2.47603, 2.4103) (0.482086, -2.12001) (1.9009, -1.54587) (1.16979, 0.021853) (0.0252624, 2.34337) 
(-2.71421, 2.3487) (2.48172, 2.41099) (0.487195, -2.12208) (1.90085, -1.54586) (1.18453, 0.0213966) (0.0252968, 2.34334) 
(-2.71421, 2.3487) (2.48608, 2.41149) (0.491052, -2.1228) (1.90084, -1.54588) (1.2003, 0.0183425) (0.025292, 2.34335) 
(-2.71421, 2.3487) (2.48984, 2.4112) (0.49359, -2.1224) (1.90085, -1.54589) (1.21659, 0.0129774) (0.0253077, 2.34333) 
(-2.71421, 2.3487) (2.4906, 2.41083) (0.494939, -2.12171) (1.90084, -1.54586) (1.23135, 0.00426767) (0.0253022, 2.34333) 
(-2.71421, 2.3487) (2.48961, 2.40927) (0.494515, -2.12048) (1.90084, -1.54588) (1.24295, -0.00494689) (0.0252946, 2.34334) 
(-2.71421, 2.3487) (2.48574, 2.40701) (0.489464, -2.11782) (1.90088, -1.54587) (1.25448, -0.018207) (0.0252943, 2.34334) 
(-2.71421, 2.3487) (2.48004, 2.40562) (0.482777, -2.11321) (1.90086, -1.54585) (1.26228, -0.0314946) (0.0252926, 2.34333) 
(-2.71421, 2.3487) (2.47587, 2.40538) (0.478233, -2.10433) (1.90084, -1.54589) (1.26762, -0.0435266) (0.0253088, 2.34334) 
(-2.71421, 2.3487) (2.47294, 2.40497) (0.473251, -2.0871) (1.90084, -1.54587) (1.26674, -0.0631398) (0.025298, 2.34333) 
(-2.71421, 2.3487) (2.47077, 2.40566) (0.469699, -2.06691) (1.90085, -1.54586) (1.26285, -0.0835024) (0.0253169, 2.34335) 
(-2.71421, 2.3487) (2.46884, 2.40743) (0.466563, -2.03908) (1.90084, -1.54586) (1.26501, -0.101957) (0.0252978, 2.34334) 
(-2.71421, 2.3487) (2.46765, 2.40825) (0.462196, -2.00385) (1.90082, -1.54589) (1.26558, -0.122249) (0.0253105, 2.34335) 
(-2.2572, 1.92217) (2.46574, 2.40882) (0.457132, -1.96093) (1.9009, -1.54573) (1.27189, -0.140704) (0.0252971, 2.34334) 
(-2.17047, 1.92306) (2.46327, 2.40874) (0.452452, -1.89) (1.90093, -1.54573) (1.28153, -0.165047) (0.0252783, 2.34334) 
(-2.11433, 1.91699) (2.46081, 2.40774) (0.451317, -1.82968) (1.90092, -1.54573) (1.29196, -0.180307) (0.0252957, 2.34333) 
(-2.06487, 1.91082) (2.45877, 2.40576) (0.451553, -1.76302) (1.90103, -1.5457) (1.30512, -0.191095) (0.0252956, 2.34333) 
(-2.02922, 1.90324) (2.45765, 2.40476) (0.457667, -1.70538) (1.90098, -1.5458) (1.3161, -0.2024) (0.0253035, 2.34333) 
(-1.9961, 1.89273) (2.45588, 2.40463) (0.475222, -1.64311) (1.9009, -1.54579) (1.32875, -0.203337) (0.0252848, 2.34331) 
(-1.98354, 1.88975) (2.45525, 2.40459) (0.485025, -1.62217) (1.90097, -1.5458) (1.33245, -0.208413) (0.0252971, 2.34334) 
(-1.93199, 1.87682) (2.45163, 2.40574) (0.534219, -1.52853) (1.90095, -1.54582) (1.35251, -0.224708) (0.0252933, 2.34333) 
(-1.90555, 1.86691) (2.44981, 2.40564) (0.57087, -1.47179) (1.90092, -1.54584) (1.359, -0.236909) (0.0252886, 2.34332) 
(-1.88149, 1.85579) (2.44786, 2.40663) (0.619376, -1.40909) (1.90084, -1.54586) (1.36824, -0.255627) (0.0252928, 2.34333) 
(-1.86172, 1.84718) (2.44656, 2.40731) (0.672879, -1.34723) (1.9009, -1.54587) (1.37243, -0.272565) (0.0252822, 2.34332) 
(-1.84557, 1.83058) (2.44571, 2.40763) (0.739636, -1.27429) (1.90093, -1.54584) (1.37295, -0.29726) (0.0252938, 2.34333) 
(-1.83866, 1.80718) (2.44665, 2.40759) (0.793994, -1.20738) (1.90093, -1.54584) (1.3757, -0.323676) (0.0252889, 2.34334) 
(-1.8398, 1.78409) (2.44841, 2.40651) (0.828912, -1.15806) (1.90084, -1.54578) (1.38095, -0.344553) (0.0252688, 2.34336) 
(-1.85157, 1.75598) (2.45203, 2.40316) (0.853928, -1.12473) (1.90084, -1.54578) (1.38697, -0.367622) (0.0253022, 2.34333) 
(-1.8731, 1.72667) (2.46183, 2.40248) (0.866908, -1.10471) (1.90082, -1.54577) (1.39634, -0.382826) (0.0253032, 2.34333) 
(-1.88711, 1.70814) (2.4689, 2.40156) (0.870189, -1.09807) (1.90084, -1.54577) (1.40186, -0.392025) (0.0252855, 2.34332) 
(-1.91447, 1.63886) (2.47794, 2.39093) (0.864999, -1.09526) (1.9009, -1.54578) (1.42238, -0.41518) (0.0253017, 2.34333) 
(-1.91889, 1.59724) (2.47984, 2.38022) (0.837827, -1.11756) (1.90091, -1.54575) (1.44206, -0.426996) (0.0252944, 2.34333) 
(-1.90819, 1.575) (2.48027, 2.36969) (0.813462, -1.14945) (1.90088, -1.54575) (1.45828, -0.432789) (0.0252895, 2.34333) 
(-1.88992, 1.55627) (2.48065, 2.35646) (0.797378, -1.18358) (1.90082, -1.54572) (1.46943, -0.438839) (0.0252855, 2.34333) 
(-1.86459, 1.54044) (2.48065, 2.34346) (0.788716, -1.2056) (1.90093, -1.54567) (1.47956, -0.446918) (0.025313, 2.34331) 
(-1.83993, 1.53328) (2.47985, 2.32825) (0.7846, -1.22094) (1.90082, -1.54572) (1.48629, -0.459078) (0.0253063, 2.34332) 
(-1.81123, 1.53469) (2.47772, 2.31033) (0.784832, -1.23095) (1.90081, -1.54574) (1.50681, -0.470813) (0.0252977, 2.34332) 
(-1.77911, 1.54201) (2.47435, 2.28932) (0.785176, -1.23563) (1.90079, -1.54574) (1.52553, -0.484406) (0.0253248, 2.34331) 
(-1.73936, 1.55282) (2.46939, 2.2662) (0.787907, -1.23978) (1.90085, -1.54568) (1.54414, -0.488044) (0.0252996, 2.34333) 
(-1.68556, 1.56402) (2.45495, 2.23709) (0.787622, -1.23786) (1.90086, -1.54569) (1.56762, -0.49404) (0.0252852, 2.34334) 
(-1.64648, 1.56579) (2.43828, 2.21878) (0.789358, -1.23504) (1.90081, -1.54573) (1.58369, -0.493894) (0.0252782, 2.34332) 
(-1.58017, 1.55327) (2.40739, 2.18923) (0.794661, -1.23235) (1.90083, -1.5457) (1.60949, -0.492377) (0.0252914, 2.34331) 
(-1.52862, 1.53217) (2.37374, 2.17299) (0.792508, -1.22647) (1.90086, -1.54568) (1.63036, -0.485096) (0.0253018, 2.34333) 
(-1.48208, 1.50885) (2.33228, 2.16539) (0.789748, -1.2233) (1.90084, -1.5457) (1.64805, -0.476462) (0.025324, 2.34333) 
(-1.4345, 1.47844) (2.27852, 2.15616) (0.791607, -1.22774) (1.9008, -1.54573) (1.66657, -0.463026) (0.0252862, 2.34333) 
(-1.39886, 1.44648) (2.23593, 2.14738) (0.792626, -1.22921) (1.90083, -1.54567) (1.6804, -0.449147) (0.025283, 2.34333) 
(-1.35034, 1.38675) (2.17888, 2.12894) (0.791309, -1.22905) (1.90084, -1.54569) (1.69776, -0.424906) (0.0253018, 2.34333) 
(-1.31311, 1.32635) (2.1484, 2.10689) (0.790607, -1.22854) (1.90085, -1.5457) (1.70729, -0.406303) (0.0253134, 2.34332) 
(-1.28397, 1.27969) (2.13782, 2.09456) (0.790248, -1.22882) (1.9008, -1.54573) (1.71238, -0.394786) (0.0252946, 2.34333) 
(-1.21814, 1.20096) (2.13301, 2.07718) (0.789131, -1.22796) (1.90084, -1.54567) (1.71846, -0.36619) (0.025324, 2.34332) 
(-1.15882, 1.15293) (2.1367, 2.05986) (0.787407, -1.22526) (1.90081, -1.54572) (1.71868, -0.342048) (0.0253186, 2.34332) 
(-1.10375, 1.12177) (2.14284, 2.04486) (0.786093, -1.22158) (1.90083, -1.5457) (1.71612, -0.321989) (0.0252824, 2.34331) 
(-1.05137, 1.09287) (2.15124, 2.03443) (0.783781, -1.21711) (1.90084, -1.5457) (1.70885, -0.30229) (0.0252931, 2.34332) 
(-0.977874, 1.05786) (2.16477, 2.02738) (0.780728, -1.21166) (1.90084, -1.54569) (1.69564, -0.278547) (0.0253077, 2.34333) 
(-0.911549, 1.03945) (2.17164, 2.02592) (0.777526, -1.2073) (1.90084, -1.54568) (1.68199, -0.261504) (0.0252939, 2.34331) 
(-0.851037, 1.02966) (2.17923, 2.02444) (0.773299, -1.20228) (1.90083, -1.54569) (1.66791, -0.248625) (0.0253488, 2.34334) 
(-0.773304, 1.01218) (2.19176, 2.02173) (0.765666, -1.19051) (1.90085, -1.54569) (1.645, -0.234103) (0.0253993, 2.34335) 
(-0.720838, 0.987782) (2.20139, 2.01626) (0.767988, -1.19057) (1.90083, -1.5457) (1.6226, -0.226298) (0.0253538, 2.34336) 
(-0.678748, 0.950895) (2.21398, 2.01364) (0.767323, -1.19046) (1.90085, -1.54567) (1.59831, -0.214942) (0.0253425, 2.34336) 
(-0.640043, 0.903375) (2.21602, 2.01596) (0.766837, -1.18519) (1.90084, -1.5457) (1.56547, -0.204739) (0.025341, 2.34337) 
(-0.603428, 0.866407) (2.21155, 2.02402) (0.762178, -1.17102) (1.90081, -1.54574) (1.53037, -0.194902) (0.0253334, 2.34335) 
(-0.577815, 0.833117) (2.20923, 2.03074) (0.750361, -1.15729) (1.90082, -1.5457) (1.5033, -0.192461) (0.0253669, 2.34336) 
(-0.560488, 0.784287) (2.20688, 2.03932) (0.745186, -1.14666) (1.90082, -1.54572) (1.48014, -0.190064) (0.0252905, 2.34335) 
(-0.555882, 0.734989) (2.20501, 2.04448) (0.753903, -1.14119) (1.90088, -1.54566) (1.45772, -0.188331) (0.0252751, 2.34333) 
(-0.554379, 0.688235) (2.20318, 2.05062) (0.779123, -1.14332) (1.90083, -1.54569) (1.44, -0.179825) (0.025296, 2.3433) 
(-0.547518, 0.639763) (2.20339, 2.05898) (0.791281, -1.14975) (1.9009, -1.54567) (1.42561, -0.175203) (0.0253162, 2.34331) 
(-0.533444, 0.584736) (2.21118, 2.06832) (0.773284, -1.16304) (1.90088, -1.54567) (1.41499, -0.166366) (0.0253266, 2.34332) 
(-0.524976, 0.543789) (2.21656, 2.07447) (0.769267, -1.16733) (1.90087, -1.54567) (1.40171, -0.157295) (0.0252822, 2.34331) 
(-0.520183, 0.518918) (2.21811, 2.07862) (0.779161, -1.16964) (1.90081, -1.5457) (1.39469, -0.147381) (0.0252582, 2.34334) 
(-0.517101, 0.504823) (2.21757, 2.08044) (0.784744, -1.17352) (1.90088, -1.54565) (1.39043, -0.141167) (0.0253021, 2.34332) 
(-0.498754, 0.467468) (2.20821, 2.08387) (0.77744, -1.18157) (1.9008, -1.54572) (1.37936, -0.119828) (0.0252862, 2.34331) 
(-0.482559, 0.455625) (2.20077, 2.0853) (0.778015, -1.18147) (1.90083, -1.54568) (1.37704, -0.106546) (0.0252956, 2.34332) 
(-0.458515, 0.450839) (2.19167, 2.08735) (0.780072, -1.1801) (1.90081, -1.54572) (1.37526, -0.0935518) (0.0253169, 2.3433) 
(-0.43813, 0.453014) (2.18329, 2.08916) (0.780177, -1.17728) (1.90083, -1.54569) (1.3753, -0.0811493) (0.0252814, 2.34332) 
(-0.410043, 0.469061) (2.17797, 2.09065) (0.779483, -1.17338) (1.90082, -1.54571) (1.37676, -0.0668048) (0.0252898, 2.34332) 
(-0.358829, 0.476888) (2.17498, 2.09177) (0.777079, -1.16961) (1.90085, -1.54567) (1.38164, -0.0549825) (0.0252764, 2.3433) 
(-0.323012, 0.470071) (2.176, 2.09171) (0.772311, -1.16561) (1.90079, -1.54572) (1.38662, -0.0444623) (0.0252702, 2.34332) 
(-0.297465, 0.461533) (2.17495, 2.09171) (0.75391, -1.15087) (1.90078, -1.54574) (1.3942, -0.0355855) (0.0253431, 2.3433) 
(-0.293885, 0.458807) (2.17301, 2.09064) (0.735402, -1.12923) (1.90085, -1.5457) (1.39855, -0.0289304) (0.0253256, 2.34329) 
(-0.305015, 0.459645) (2.1737, 2.09116) (0.735008, -1.11982) (1.9008, -1.54572) (1.40259, -0.0243099) (0.0253227, 2.34332) 
(-0.32788, 0.460463) (2.17799, 2.09401) (0.738997, -1.09968) (1.90084, -1.54569) (1.41125, -0.0178797) (0.0253045, 2.3433) 
(-0.340892, 0.472504) (2.17848, 2.09541) (0.739568, -1.09075) (1.90079, -1.54574) (1.42286, -0.0185035) (0.0252904, 2.34332) 
(-0.351055, 0.484618) (2.17763, 2.09691) (0.747593, -1.09464) (1.90081, -1.54574) (1.43439, -0.0178936) (0.0252975, 2.3433) 
(-0.363708, 0.495138) (2.17495, 2.09792) (0.7637, -1.11291) (1.90079, -1.54574) (1.45205, -0.0225085) (0.0252645, 2.34333) 
(-0.372017, 0.498779) (2.18234, 2.10179) (0.770269, -1.13204) (1.90086, -1.54568) (1.47609, -0.0215203) (0.0253045, 2.34329) 
(-0.378178, 0.498642) (2.18935, 2.10647) (0.773443, -1.14178) (1.90081, -1.54571) (1.49248, -0.0231014) (0.0252988, 2.34331) 
(-0.387622, 0.497508) (2.19752, 2.11293) (0.779697, -1.14993) (1.90085, -1.54568) (1.51513, -0.0172899) (0.0252977, 2.34332) 
(-0.392468, 0.496385) (2.20341, 2.11657) (0.778601, -1.15081) (1.90083, -1.54569) (1.53548, -0.00907294) (0.025299, 2.34331) 
(-0.395797, 0.494996) (2.2123, 2.12291) (0.767413, -1.14472) (1.90084, -1.5457) (1.55399, 0.00208427) (0.0253177, 2.34331) 
(-0.400592, 0.49374) (2.23185, 2.1318) (0.762871, -1.14111) (1.9008, -1.5457) (1.57143, 0.0174004) (0.0252964, 2.3433) 
(-0.404457, 0.493706) (2.23089, 2.12806) (0.763454, -1.14246) (1.90083, -1.54569) (1.5861, 0.0353827) (0.0253012, 2.34332) 
(-0.405481, 0.492507) (2.2252, 2.12557) (0.761811, -1.14281) (1.90084, -1.5457) (1.59636, 0.053231) (0.0253175, 2.34333) 
(-0.404918, 0.491262) (2.21581, 2.12534) (0.760919, -1.14015) (1.9008, -1.54574) (1.60352, 0.0698072) (0.0252776, 2.34332) 
(-0.402205, 0.491365) (2.20268, 2.12778) (0.759499, -1.13875) (1.90085, -1.54569) (1.6092, 0.0962425) (0.0252795, 2.34331) 
(-0.399659, 0.489897) (2.19247, 2.133) (0.757362, -1.14039) (1.90081, -1.5457) (1.61014, 0.116513) (0.0253162, 2.34331) 
(-0.397582, 0.489128) (2.18031, 2.14018) (0.753257, -1.14269) (1.9008, -1.54572) (1.60769, 0.138508) (0.0252846, 2.34331) 
(-0.395725, 0.488452) (2.16604, 2.14947) (0.751322, -1.14518) (1.90083, -1.5457) (1.60095, 0.160099) (0.0252914, 2.34332) 
(-0.393973, 0.487423) (2.14966, 2.1596) (0.748991, -1.14441) (1.90082, -1.5457) (1.59296, 0.178473) (0.0252978, 2.34329) 
(-0.392149, 0.485283) (2.12193, 2.17348) (0.741941, -1.14121) (1.90083, -1.54569) (1.57949, 0.193921) (0.0253018, 2.34332) 
(-0.391164, 0.483117) (2.09587, 2.18151) (0.740227, -1.14311) (1.90079, -1.54573) (1.57114, 0.207837) (0.0252873, 2.34334) 
(-0.390174, 0.480671) (2.06251, 2.18803) (0.739307, -1.14523) (1.90082, -1.54569) (1.56059, 0.218844) (0.0252714, 2.3433) 
(-0.389151, 0.478896) (2.01815, 2.1905) (0.732605, -1.13981) (1.9008, -1.54572) (1.5494, 0.224013) (0.0253198, 2.3433) 
(-0.388856, 0.477398) (1.9762, 2.18225) (0.729584, -1.11942) (1.90087, -1.54565) (1.53829, 0.237429) (0.0253131, 2.34329) 
(-0.389677, 0.476343) (1.95099, 2.16655) (0.736233, -1.11001) (1.90083, -1.54569) (1.5313, 0.245952) (0.0253041, 2.3433) 
(-0.391782, 0.474169) (1.91261, 2.12598) (0.75201, -1.11917) (1.90078, -1.54575) (1.52505, 0.260413) (0.025307, 2.34332) 
(-0.394296, 0.47142) (1.86968, 2.08268) (0.764274, -1.13852) (1.90081, -1.54572) (1.52078, 0.276742) (0.0253096, 2.3433) 
(-0.395854, 0.467612) (1.83621, 2.05612) (0.771879, -1.15277) (1.90082, -1.54576) (1.51898, 0.289898) (0.0252786, 2.34333) 
(-0.39366, 0.458725) (1.80348, 2.03312) (0.779237, -1.16069) (1.90082, -1.54576) (1.52013, 0.304626) (0.0253015, 2.34329) 
(-0.38607, 0.446324) (1.77278, 2.01564) (0.787267, -1.16139) (1.90081, -1.54576) (1.52295, 0.318241) (0.0252995, 2.34331) 
(-0.381021, 0.439943) (1.75727, 2.00775) (0.791175, -1.16341) (1.90081, -1.54577) (1.52605, 0.325777) (0.0253113, 2.3433) 
(-0.373105, 0.423324) (1.71463, 1.99639) (0.804501, -1.17478) (1.90085, -1.54576) (1.53763, 0.348155) (0.0252905, 2.3433) 
(-0.372764, 0.411381) (1.69075, 1.99921) (0.814133, -1.17775) (1.90087, -1.54576) (1.54828, 0.35948) (0.0252869, 2.34331) 
(-0.369229, 0.399925) (1.67061, 2.00472) (0.820342, -1.18413) (1.90088, -1.54574) (1.55765, 0.367851) (0.0252947, 2.34334) 
(-0.348467, 0.383189) (1.64172, 2.01561) (0.824693, -1.19869) (1.90081, -1.54577) (1.57136, 0.376233) (0.0252727, 2.34331) 
(-0.324005, 0.372582) (1.61961, 2.0232) (0.828179, -1.20686) (1.90081, -1.54578) (1.58166, 0.382617) (0.0253032, 2.3433) 
(-0.286518, 0.359729) (1.59903, 2.03099) (0.831665, -1.21276) (1.90085, -1.54575) (1.59499, 0.387127) (0.0253364, 2.3433) 
(-0.252323, 0.347068) (1.58903, 2.03821) (0.832062, -1.21674) (1.90089, -1.54576) (1.60803, 0.38863) (0.0253064, 2.34329) 
(-0.227919, 0.336173) (1.58585, 2.04331) (0.831729, -1.21805) (1.90083, -1.54573) (1.61794, 0.388109) (0.0252689, 2.34328) 
(-0.180292, 0.312433) (1.58479, 2.05153) (0.840964, -1.21879) (1.90088, -1.54573) (1.63712, 0.384051) (0.0253001, 2.3433) 
(-0.156739, 0.302426) (1.58484, 2.05491) (0.856404, -1.20775) (1.90086, -1.54576) (1.64594, 0.381332) (0.0252546, 2.34328) 
(-0.127164, 0.291749) (1.58492, 2.05958) (0.874316, -1.18716) (1.90082, -1.54579) (1.65602, 0.37432) (0.0253206, 2.3433) 
(-0.10248, 0.280787) (1.58437, 2.06447) (0.87322, -1.19209) (1.90089, -1.54577) (1.66823, 0.367217) (0.0252893, 2.34331) 
(-0.0862658, 0.266445) (1.58514, 2.06694) (0.863348, -1.22198) (1.90084, -1.54575) (1.67588, 0.358514) (0.0253161, 2.3433) 
(-0.0631449, 0.24725) (1.58757, 2.06856) (0.842632, -1.27893) (1.90083, -1.54578) (1.6847, 0.341175) (0.0253067, 2.3433) 
(-0.0488653, 0.234333) (1.58848, 2.06942) (0.819786, -1.33317) (1.90089, -1.54587) (1.68893, 0.325644) (0.025323, 2.34329) 
(-0.0447785, 0.214909) (1.58765, 2.07051) (0.792996, -1.39803) (1.90085, -1.54587) (1.6897, 0.308125) (0.0253013, 2.34331) 
(-0.0457564, 0.186565) (1.58631, 2.07177) (0.757269, -1.46955) (1.90093, -1.54585) (1.69048, 0.288851) (0.0252874, 2.34329) 
(-0.0467145, 0.153222) (1.585, 2.0735) (0.712382, -1.5506) (1.90089, -1.54582) (1.68444, 0.265807) (0.0252942, 2.34331) 
(-0.0510279, 0.143564) (1.5843, 2.07534) (0.665363, -1.63214) (1.90096, -1.54578) (1.67762, 0.241985) (0.0252957, 2.3433) 
(-0.0688628, 0.165533) (1.58476, 2.07719) (0.629298, -1.7109) (1.90099, -1.54566) (1.66929, 0.215516) (0.025284, 2.3433) 
(-0.097029, 0.208884) (1.58649, 2.07876) (0.600622, -1.78097) (1.90092, -1.54568) (1.65404, 0.183971) (0.0252805, 2.34329) 
(-0.11092, 0.251454) (1.58791, 2.07943) (0.566147, -1.81783) (1.90092, -1.54569) (1.64122, 0.161692) (0.0252614, 2.3433) 
(-0.119935, 0.312569) (1.58914, 2.08028) (0.511944, -1.85624) (1.901, -1.54569) (1.63336, 0.139307) (0.0253018, 2.34328) 
(-0.126077, 0.375581) (1.59098, 2.08185) (0.430991, -1.90501) (1.90093, -1.54568) (1.61726, 0.118572) (0.0252465, 2.3433) 
(-0.130478, 0.415392) (1.59219, 2.08334) (0.359755, -1.94515) (1.90092, -1.5457) (1.60345, 0.106261) (0.0252943, 2.34329) 
(-0.13727, 0.462088) (1.59321, 2.08562) (0.276356, -1.98248) (1.90093, -1.54569) (1.57684, 0.0947805) (0.0252794, 2.34329) 
(-0.141171, 0.496356) (1.59422, 2.08726) (0.199798, -2.00737) (1.90091, -1.54579) (1.551, 0.0852592) (0.0252661, 2.34332) 
(-0.150859, 0.531238) (1.59556, 2.08925) (0.11698, -2.04004) (1.90089, -1.54581) (1.51118, 0.0745676) (0.0253474, 2.34328) 
(-0.164425, 0.554256) (1.5968, 2.09204) (0.0529426, -2.07867) (1.90094, -1.54582) (1.47486, 0.0613739) (0.0253313, 2.3433) 
(-0.180454, 0.567741) (1.59756, 2.09388) (0.018141, -2.10109) (1.90096, -1.54581) (1.44097, 0.0484409) (0.0253312, 2.34329) 
(-0.202671, 0.576876) (1.59891, 2.09581) (-0.00481701, -2.10843) (1.90091, -1.5458) (1.40188, 0.0311524) (0.0252982, 2.34329) 
(-0.223981, 0.579186) (1.59979, 2.09707) (-0.00862467, -2.10092) (1.9009, -1.54581) (1.36233, 0.0146854) (0.0252865, 2.3433) 
(-0.246904, 0.579743) (1.60037, 2.09807) (0.00549501, -2.0976) (1.90097, -1.54579) (1.32525, -0.00313035) (0.0252968, 2.34329) 
(-0.273864, 0.585564) (1.6004, 2.0987) (0.0257028, -2.10651) (1.90093, -1.54579) (1.28263, -0.0221692) (0.0252443, 2.34329) 
(-0.307871, 0.593848) (1.60007, 2.09879) (0.0394013, -2.124) (1.90087, -1.54581) (1.23566, -0.0438011) (0.0252744, 2.3433) 
(-0.354005, 0.616252) (1.59906, 2.09901) (0.0450615, -2.14449) (1.9008, -1.54588) (1.18241, -0.0684846) (0.0252833, 2.34329) 
(-0.394528, 0.651697) (1.59801, 2.09907) (0.0497158, -2.16398) (1.90082, -1.5459) (1.13781, -0.0875756) (0.0252946, 2.34329) 
(-0.457536, 0.69764) (1.59747, 2.09936) (0.0525644, -2.18358) (1.90084, -1.54592) (1.08866, -0.109225) (0.0253604, 2.34336) 
(-0.534876, 0.757528) (1.59783, 2.0998) (0.046657, -2.20446) (1.90079, -1.54591) (1.03565, -0.130079) (0.0253013, 2.34336) 
(-0.552197, 0.772758) (1.59802, 2.09992) (0.0447641, -2.20925) (1.90084, -1.5459) (1.022, -0.135609) (0.0253019, 2.34338) 
(-0.660237, 0.865216) (1.60015, 2.10109) (0.0453887, -2.23306) (1.90084, -1.54591) (0.94236, -0.171629) (0.0254161, 2.34338) 
(-0.717682, 0.924816) (1.60158, 2.10205) (0.0527449, -2.24376) (1.90079, -1.54592) (0.889855, -0.194882) (0.0253631, 2.34338) 
(-0.751279, 0.983245) (1.60408, 2.10416) (0.0607379, -2.25052) (1.90077, -1.54592) (0.842033, -0.216259) (0.0254198, 2.3434) 
(-0.761801, 1.04317) (1.60774, 2.10816) (0.0694445, -2.25695) (1.90083, -1.54588) (0.7871, -0.238508) (0.0253959, 2.34339) 
(-0.739872, 1.09849) (1.61187, 2.11399) (0.0781443, -2.25863) (1.90084, -1.5459) (0.739504, -0.259784) (0.0253972, 2.34338) 
(-0.697867, 1.13743) (1.6179, 2.12333) (0.0880474, -2.25681) (1.90077, -1.54591) (0.693312, -0.281241) (0.0253715, 2.34336) 
(-0.652532, 1.15451) (1.62596, 2.13921) (0.10101, -2.25043) (1.90085, -1.54587) (0.637842, -0.306747) (0.0253615, 2.34336) 
(-0.658181, 1.1925) (1.63006, 2.14773) (0.112085, -2.24394) (1.90086, -1.54589) (0.593475, -0.327294) (0.0253708, 2.34337) 
(-0.705708, 1.28587) (1.63376, 2.15481) (0.12376, -2.23521) (1.90084, -1.54588) (0.534236, -0.35386) (0.0253601, 2.34336) 
(-0.720269, 1.30856) (1.63413, 2.15559) (0.125659, -2.23323) (1.9008, -1.54592) (0.522129, -0.359225) (0.0254008, 2.34337) 
(-0.837441, 1.4503) (1.63618, 2.15541) (0.134596, -2.22353) (1.9009, -1.54584) (0.443221, -0.394798) (0.0253703, 2.3433) 
(-0.937215, 1.54125) (1.64168, 2.15046) (0.138301, -2.21922) (1.90085, -1.54589) (0.385913, -0.420929) (0.0254292, 2.34336) 
(-1.00587, 1.59144) (1.64629, 2.1471) (0.140587, -2.2167) (1.90078, -1.54589) (0.34073, -0.440343) (0.0254513, 2.34333) 
(-1.06404, 1.61875) (1.64704, 2.1466) (0.142648, -2.21394) (1.90078, -1.5459) (0.291085, -0.463234) (0.0252987, 2.34333) 
(-1.11564, 1.645) (1.64449, 2.14792) (0.14414, -2.2117) (1.90087, -1.54588) (0.246457, -0.484071) (0.0253171, 2.34329) 
(-1.18236, 1.67988) (1.64133, 2.14848) (0.145095, -2.20918) (1.90079, -1.54589) (0.193613, -0.509982) (0.0253128, 2.34329) 
(-1.23431, 1.70591) (1.6387, 2.1482) (0.144664, -2.20901) (1.90084, -1.5459) (0.152515, -0.529109) (0.0253066, 2.34332) 
(-1.31301, 1.73438) (1.63474, 2.15067) (0.144094, -2.22362) (1.90087, -1.54588) (0.0929492, -0.555204) (0.0253141, 2.34329) 
(-1.38134, 1.74362) (1.63053, 2.15311) (0.144189, -2.23345) (1.90079, -1.54591) (0.0443217, -0.576983) (0.0252973, 2.34331) 
(-1.47271, 1.73995) (1.62572, 2.15647) (0.141433, -2.23881) (1.90079, -1.54589) (-0.0122347, -0.602457) (0.0253267, 2.34332) 
(-1.55959, 1.72152) (1.62334, 2.16112) (0.140096, -2.23993) (1.90082, -1.5459) (-0.0613777, -0.624839) (0.0252853, 2.34333) 
(-1.66334, 1.70614) (1.6212, 2.16321) (0.139067, -2.24002) (1.90083, -1.54587) (-0.117558, -0.650005) (0.025338, 2.3433) 
(-1.72265, 1.70563) (1.62053, 2.16069) (0.13755, -2.23993) (1.90086, -1.54588) (-0.159854, -0.671287) (0.0253442, 2.34329) 
(-1.79337, 1.71145) (1.61959, 2.15376) (0.134704, -2.23946) (1.9008, -1.54589) (-0.219214, -0.699792) (0.0253312, 2.3433) 
(-1.84368, 1.71359) (1.61486, 2.14785) (0.126434, -2.23714) (1.90084, -1.54588) (-0.271373, -0.723724) (0.0253253, 2.3433) 
(-1.88769, 1.70474) (1.60961, 2.14515) (0.115702, -2.23502) (1.90084, -1.54588) (-0.32028, -0.747031) (0.025312, 2.3433) 
(-1.94484, 1.69787) (1.60595, 2.14424) (0.110879, -2.23756) (1.90089, -1.54585) (-0.374878, -0.772761) (0.0252961, 2.34329) 
(-1.992, 1.69494) (1.60368, 2.14323) (0.109893, -2.23957) (1.90086, -1.54588) (-0.423666, -0.792808) (0.0253272, 2.34332) 
(-2.04308, 1.69719) (1.6033, 2.13965) (0.110123, -2.24253) (1.90078, -1.54589) (-0.483865, -0.820395) (0.0253087, 2.34334) 
(-2.07738, 1.71503) (1.60339, 2.1358) (0.110241, -2.24534) (1.90079, -1.54589) (-0.531811, -0.842046) (0.0253125, 2.34332) 
(-2.13618, 1.73796) (1.60362, 2.13438) (0.110077, -2.2488) (1.90081, -1.54588) (-0.588313, -0.868169) (0.0253382, 2.34329) 
(-2.19982, 1.74756) (1.60778, 2.13972) (0.10986, -2.25183) (1.90077, -1.5459) (-0.63717, -0.890609) (0.0253054, 2.3433) 
(-2.25339, 1.76029) (1.616, 2.14534) (0.109214, -2.25379) (1.9009, -1.54585) (-0.68658, -0.912953) (0.0253247, 2.34331) 
(-2.29802, 1.77214) (1.62417, 2.14771) (0.108169, -2.2549) (1.90079, -1.5459) (-0.743168, -0.939505) (0.0253151, 2.34329) 
(-2.31924, 1.78472) (1.62866, 2.15035) (0.107553, -2.25581) (1.90084, -1.54588) (-0.794843, -0.964609) (0.0253141, 2.34332) 
(-2.32376, 1.81074) (1.63421, 2.15711) (0.108066, -2.25709) (1.90084, -1.54588) (-0.848882, -0.991206) (0.0253166, 2.3433) 
(-2.31268, 1.8418) (1.63253, 2.16264) (0.109132, -2.2586) (1.90086, -1.54589) (-0.89569, -1.01353) (0.0253246, 2.34331) 
(-2.28403, 1.87726) (1.62902, 2.16811) (0.110295, -2.26056) (1.90086, -1.54588) (-0.948539, -1.03759) (0.0253143, 2.34331) 
(-2.25077, 1.90188) (1.63206, 2.16969) (0.111082, -2.26229) (1.90086, -1.54589) (-1.00194, -1.06363) (0.0253259, 2.34331) 
(-2.22295, 1.9168) (1.63518, 2.16647) (0.110594, -2.26378) (1.90085, -1.54588) (-1.06186, -1.09016) (0.0253349, 2.3433) 
(-2.21122, 1.91982) (1.6318, 2.16292) (0.1096, -2.26447) (1.90086, -1.54588) (-1.11043, -1.11378) (0.0253094, 2.34329) 
(-2.21474, 1.91941) (1.62834, 2.16233) (0.10733, -2.26415) (1.90088, -1.54586) (-1.15702, -1.13731) (0.0253342, 2.34331) 
(-2.2298, 1.92965) (1.62792, 2.16164) (0.102513, -2.26245) (1.9008, -1.54589) (-1.21055, -1.16332) (0.0252862, 2.34332) 
(-2.24706, 1.94473) (1.63047, 2.15988) (0.0989253, -2.2616) (1.90087, -1.54588) (-1.26535, -1.18997) (0.0253024, 2.34331) 
(-2.27004, 1.96768) (1.632, 2.15925) (0.0973995, -2.26218) (1.9008, -1.54589) (-1.32729, -1.21971) (0.0252643, 2.34332) 
(-2.28837, 1.97957) (1.63153, 2.15826) (0.0961969, -2.26236) (1.90087, -1.54588) (-1.38049, -1.24479) (0.0253346, 2.34331) 
(-2.30756, 1.98657) (1.63168, 2.15634) (0.0952913, -2.26245) (1.90081, -1.54589) (-1.43257, -1.27093) (0.0253075, 2.34332) 
(-2.31917, 1.98883) (1.63172, 2.15451) (0.0949332, -2.2627) (1.90088, -1.54586) (-1.47804, -1.29302) (0.0253024, 2.34329) 
(-2.32571, 1.98612) (1.63097, 2.15291) (0.0946264, -2.26267) (1.90081, -1.54589) (-1.54017, -1.32465) (0.025294, 2.3433) 
(-2.32639, 1.98389) (1.63063, 2.15255) (0.0944668, -2.26258) (1.90083, -1.54587) (-1.55773, -1.33426) (0.0253096, 2.34334) 
(-2.32477, 1.97508) (1.63049, 2.15392) (0.0938363, -2.26109) (1.90077, -1.5459) (-1.63953, -1.37159) (0.0253316, 2.34332) 
(-2.32014, 1.97199) (1.63045, 2.15633) (0.0933888, -2.25967) (1.90078, -1.5459) (-1.70259, -1.4011) (0.0253377, 2.34331) 
(-2.31599, 1.97051) (1.62928, 2.1571) (0.093241, -2.25906) (1.90085, -1.54588) (-1.74923, -1.42466) (0.025307, 2.34329) 
(-2.31485, 1.96919) (1.62785, 2.15763) (0.0928567, -2.25862) (1.90081, -1.54588) (-1.799, -1.44769) (0.0253086, 2.3433) 
(-2.31623, 1.96735) (1.62636, 2.15802) (0.0923643, -2.25838) (1.9008, -1.54589) (-1.84078, -1.46766) (0.0253416, 2.34332) 
(-2.31545, 1.96732) (1.62425, 2.15904) (0.0913233, -2.25808) (1.90082, -1.54589) (-1.89238, -1.49221) (0.0253111, 2.34332) 
