(-0.130485, 2.61595) (-2.42108, -1.50005) (1.77813, -1.60921) (-2.20177, 1.96107) (1.78193, 1.9153) (-0.22722, -1.99102) 
(-0.132705, 2.61334) (-2.4224, -1.4999) (1.77202, -1.61033) (-2.20332, 1.96321) (1.78193, 1.91531) (-0.227621, -1.99637) 
(-0.134139, 2.60988) (-2.42401, -1.5012) (1.7592, -1.60807) (-2.18047, 1.93976) (1.78195, 1.9153) (-0.218374, -1.96321) 
(-0.134827, 2.60556) (-2.42507, -1.50249) (1.74579, -1.60361) (-2.13963, 1.88619) (1.78193, 1.9153) (-0.21808, -1.90129) 
(-0.135042, 2.59431) (-2.42257, -1.49952) (1.73032, -1.60073) (-2.10269, 1.83948) (1.78197, 1.91531) (-0.212408, -1.83264) 
(-0.13332, 2.5771) (-2.41221, -1.48754) (1.72009, -1.60218) (-2.07598, 1.81139) (1.78193, 1.91529) (-0.211391, -1.78499) 
(-0.127234, 2.55355) (-2.39591, -1.46312) (1.71291, -1.6069) (-2.04301, 1.78402) (1.78196, 1.9153) (-0.207156, -1.73612) 
(-0.120697, 2.52528) (-2.37149, -1.43644) (1.7079, -1.6112) (-2.00898, 1.75546) (1.78197, 1.91529) (-0.205087, -1.6906) 
(-0.11439, 2.48323) (-2.33247, -1.40188) (1.70183, -1.61451) (-1.97079, 1.72068) (1.78194, 1.9153) (-0.202683, -1.63396) 
(-0.111584, 2.43819) (-2.28496, -1.36372) (1.69422, -1.61621) (-1.9323, 1.68765) (1.78196, 1.91529) (-0.199264, -1.57856) 
(-0.116087, 2.38195) (-2.22489, -1.32789) (1.68577, -1.61699) (-1.89477, 1.65516) (1.78194, 1.9153) (-0.195073, -1.52472) 
(-0.131169, 2.32531) (-2.15467, -1.29792) (1.67541, -1.61271) (-1.85853, 1.62221) (1.78196, 1.9153) (-0.190713, -1.47031) 
(-0.152202, 2.27101) (-2.08939, -1.27041) (1.66406, -1.60137) (-1.82521, 1.5914) (1.78196, 1.91531) (-0.187823, -1.42039) 
(-0.175117, 2.2102) (-2.01817, -1.23386) (1.64963, -1.57984) (-1.7853, 1.55048) (1.78195, 1.91532) (-0.183232, -1.36272) 
(-0.192993, 2.15787) (-1.9595, -1.1921) (1.63726, -1.55327) (-1.75273, 1.51759) (1.7819, 1.91526) (-0.179604, -1.30912) 
(-0.204648, 2.11078) (-1.90955, -1.14687) (1.63085, -1.52545) (-1.72282, 1.48373) (1.78191, 1.91525) (-0.177253, -1.25904) 
(-0.211698, 2.06301) (-1.85743, -1.08947) (1.62761, -1.49124) (-1.69565, 1.44946) (1.7819, 1.91524) (-0.17398, -1.20352) 
(-0.215593, 2.01518) (-1.80447, -1.02379) (1.62549, -1.45362) (-1.66859, 1.41434) (1.78189, 1.91525) (-0.170511, -1.14799) 
(-0.213617, 1.96398) (-1.74671, -0.946612) (1.61404, -1.40603) (-1.6447, 1.37919) (1.78188, 1.91525) (-0.166183, -1.08853) 
(-0.206436, 1.92155) (-1.69607, -0.883369) (1.59625, -1.37233) (-1.6244, 1.34871) (1.78189, 1.91525) (-0.163616, -1.03783) 
(-0.195865, 1.87726) (-1.64768, -0.825608) (1.57297, -1.34787) (-1.60399, 1.31728) (1.78188, 1.91523) (-0.158838, -0.987023) 
(-0.18515, 1.82982) (-1.60098, -0.77176) (1.54319, -1.32979) (-1.58804, 1.29188) (1.7819, 1.91525) (-0.153389, -0.940164) 
(-0.177403, 1.78734) (-1.55128, -0.721643) (1.50284, -1.31666) (-1.57533, 1.25833) (1.78189, 1.91524) (-0.13866, -0.887614) 
(-0.173841, 1.75492) (-1.51, -0.685212) (1.46602, -1.31223) (-1.56938, 1.2285) (1.7819, 1.91524) (-0.120981, -0.847936) 
(-0.176041, 1.72161) (-1.45996, -0.642572) (1.41878, -1.31292) (-1.56199, 1.19248) (1.7819, 1.91525) (-0.0996556, -0.806431) 
(-0.181303, 1.69633) (-1.41263, -0.609843) (1.37798, -1.31512) (-1.55333, 1.15639) (1.7819, 1.91523) (-0.0793946, -0.762696) 
(-0.190453, 1.67014) (-1.35946, -0.581619) (1.34469, -1.3164) (-1.54194, 1.10987) (1.7819, 1.91524) (-0.0598823, -0.713449) 
