(1.59884, -0.43137) (2.73009, -0.162788) (-2.27398, 0.405287) (-1.54445, 0.453783) (0.0933953, 2.6114) (0.0306721, -2.02198) 
(1.59898, -0.431774) (2.73001, -0.164883) (-2.27329, 0.40551) (-1.54446, 0.453778) (0.0933422, 2.61145) (0.0307515, -2.02199) 
(1.59882, -0.431888) (2.72989, -0.16792) (-2.27225, 0.406233) (-1.54649, 0.453637) (0.0933449, 2.6119) (0.0298783, -2.02516) 
(1.5984, -0.432247) (2.73031, -0.170046) (-2.27172, 0.406864) (-1.5274, 0.454934) (0.0907124, 2.59198) (0.0275166, -2.00082) 
(1.59805, -0.433025) (2.73103, -0.171584) (-2.2708, 0.406839) (-1.46629, 0.457061) (0.0887025, 2.53747) (0.0261283, -1.96505) 
(1.59754, -0.435231) (2.73162, -0.172593) (-2.26914, 0.406226) (-1.39872, 0.45354) (0.0826629, 2.49595) (0.0150476, -1.93103) 
(1.59585, -0.438106) (2.72945, -0.175137) (-2.26489, 0.404744) (-1.34535, 0.458175) (0.0819728, 2.45027) (0.0031183, -1.89224) 
(1.59343, -0.442119) (2.72423, -0.180536) (-2.25604, 0.401286) (-1.3038, 0.459158) (0.0764514, 2.41514) (-0.00668672, -1.85445) 
(1.59062, -0.449267) (2.7165, -0.19061) (-2.24174, 0.392975) (-1.25323, 0.460322) (0.0837097, 2.37914) (-0.0110826, -1.82449) 
(1.58633, -0.46195) (2.70255, -0.209212) (-2.22436, 0.378292) (-1.19072, 0.463684) (0.0935908, 2.33532) (-0.0134841, -1.78366) 
(1.58001, -0.476289) (2.68705, -0.228208) (-2.20542, 0.36235) (-1.14295, 0.466759) (0.107099, 2.30033) (-0.0109741, -1.75536) 
(1.56909, -0.49483) (2.66701, -0.246417) (-2.17874, 0.342686) (-1.09144, 0.46945) (0.123989, 2.26872) (-0.00964373, -1.72612) 
(1.55391, -0.514325) (2.64022, -0.256208) (-2.14491, 0.322498) (-1.03663, 0.470744) (0.135651, 2.23307) (-0.00798965, -1.68992) 
(1.53606, -0.528574) (2.60584, -0.259538) (-2.10553, 0.308706) (-0.98264, 0.473153) (0.146067, 2.19721) (-0.00905073, -1.65484) 
(1.51682, -0.534823) (2.56985, -0.253223) (-2.06196, 0.301641) (-0.929952, 0.476121) (0.157741, 2.15894) (-0.0148971, -1.62604) 
(1.49015, -0.532553) (2.52351, -0.234036) (-2.01858, 0.305863) (-0.865421, 0.479242) (0.16917, 2.12157) (-0.0246183, -1.59204) 
(1.46824, -0.521583) (2.48661, -0.217681) (-1.9949, 0.319727) (-0.819297, 0.480862) (0.176253, 2.0948) (-0.0338735, -1.56403) 
(1.43814, -0.493112) (2.44046, -0.198866) (-1.96445, 0.351132) (-0.759812, 0.484942) (0.185077, 2.07092) (-0.0507265, -1.51915) 
(1.41021, -0.458414) (2.40366, -0.185271) (-1.93831, 0.380366) (-0.709161, 0.488736) (0.186531, 2.0458) (-0.0654891, -1.48007) 
(1.37211, -0.413789) (2.36081, -0.17702) (-1.89992, 0.416448) (-0.646741, 0.491715) (0.183246, 2.01622) (-0.0835611, -1.42911) 
(1.34405, -0.386735) (2.32689, -0.177467) (-1.86411, 0.440968) (-0.600733, 0.494501) (0.178399, 1.99563) (-0.0954065, -1.38813) 
(1.31513, -0.361038) (2.28999, -0.186184) (-1.82485, 0.455762) (-0.55154, 0.498992) (0.161814, 1.96859) (-0.105085, -1.35048) 
(1.28214, -0.341221) (2.2593, -0.20282) (-1.78789, 0.464698) (-0.494875, 0.504378) (0.147867, 1.94322) (-0.109133, -1.31104) 
(1.26828, -0.334633) (2.24746, -0.210784) (-1.77058, 0.467837) (-0.469156, 0.505722) (0.138513, 1.93412) (-0.109552, -1.29097) 
(1.20975, -0.315752) (2.19434, -0.242034) (-1.69226, 0.473238) (-0.376124, 0.510166) (0.114159, 1.89129) (-0.114442, -1.20842) 
(1.16747, -0.321394) (2.15502, -0.254677) (-1.64348, 0.469179) (-0.317252, 0.515752) (0.101659, 1.86911) (-0.116417, -1.16436) 
(1.13111, -0.337267) (2.11888, -0.262604) (-1.59914, 0.460644) (-0.274668, 0.520474) (0.0987624, 1.8457) (-0.119605, -1.12134) 
(1.08368, -0.36758) (2.07019, -0.269016) (-1.53584, 0.447523) (-0.219924, 0.521619) (0.0919871, 1.81143) (-0.126683, -1.07025) 
(1.03396, -0.403956) (2.0267, -0.270393) (-1.46899, 0.433013) (-0.16051, 0.52359) (0.095449, 1.77736) (-0.133817, -1.02416) 
(0.99351, -0.433369) (1.98733, -0.269518) (-1.42163, 0.423057) (-0.109876, 0.525176) (0.0970233, 1.75001) (-0.140305, -0.986745) 
(0.952497, -0.45939) (1.94018, -0.265458) (-1.37813, 0.412801) (-0.0564103, 0.525146) (0.103281, 1.71956) (-0.148719, -0.953888) 
(0.91342, -0.480766) (1.88702, -0.255019) (-1.34313, 0.40541) (-0.00189033, 0.52629) (0.109056, 1.68924) (-0.161905, -0.930973) 
(0.874126, -0.495934) (1.82921, -0.237764) (-1.31182, 0.402912) (0.0551554, 0.528173) (0.116335, 1.65676) (-0.182779, -0.899003) 
(0.848858, -0.501674) (1.78927, -0.225585) (-1.2829, 0.403734) (0.0936196, 0.529917) (0.122056, 1.6336) (-0.198188, -0.88322) 
(0.793766, -0.509308) (1.7074, -0.208312) (-1.21603, 0.41831) (0.173955, 0.533968) (0.136385, 1.58158) (-0.227187, -0.853834) 
(0.754034, -0.505311) (1.65842, -0.200966) (-1.1683, 0.435182) (0.227294, 0.535795) (0.146293, 1.54702) (-0.248841, -0.828655) 
(0.709388, -0.487748) (1.60848, -0.198604) (-1.10713, 0.459585) (0.284788, 0.536916) (0.154131, 1.50695) (-0.278331, -0.796595) 
(0.663932, -0.460069) (1.55925, -0.20134) (-1.03551, 0.491192) (0.340638, 0.538669) (0.167981, 1.46917) (-0.299596, -0.762346) 
(0.624553, -0.430897) (1.51402, -0.208846) (-0.969884, 0.518738) (0.391415, 0.542042) (0.182063, 1.43617) (-0.315857, -0.732666) 
(0.577535, -0.391448) (1.46318, -0.227579) (-0.905419, 0.549203) (0.454537, 0.543857) (0.202344, 1.395) (-0.330574, -0.696251) 
(0.533291, -0.357678) (1.42108, -0.255432) (-0.841741, 0.571194) (0.512403, 0.545023) (0.22225, 1.35507) (-0.34251, -0.657976) 
(0.490884, -0.332942) (1.38385, -0.284032) (-0.782192, 0.578254) (0.569207, 0.548556) (0.244181, 1.31609) (-0.355353, -0.617566) 
(0.446208, -0.316275) (1.3442, -0.308588) (-0.712138, 0.575166) (0.632397, 0.550621) (0.26774, 1.27242) (-0.372117, -0.571294) 
(0.418317, -0.304659) (1.3156, -0.324405) (-0.652665, 0.566579) (0.680705, 0.552511) (0.28495, 1.24227) (-0.387689, -0.531488) 
(0.38723, -0.290879) (1.28279, -0.336655) (-0.581093, 0.549829) (0.738516, 0.554684) (0.303086, 1.20357) (-0.40854, -0.483304) 
(0.34592, -0.287495) (1.2457, -0.342001) (-0.495023, 0.529443) (0.805321, 0.557852) (0.325776, 1.15121) (-0.42482, -0.441787) 
(0.309577, -0.300073) (1.2063, -0.338869) (-0.41464, 0.517153) (0.864442, 0.559765) (0.339998, 1.10581) (-0.435641, -0.398626) 
(0.273847, -0.318415) (1.16431, -0.330676) (-0.348811, 0.515414) (0.919909, 0.563062) (0.356533, 1.06757) (-0.441123, -0.359528) 
(0.237752, -0.340467) (1.11916, -0.315651) (-0.289499, 0.519414) (0.975455, 0.565177) (0.371092, 1.03096) (-0.443742, -0.322713) 
(0.189649, -0.374552) (1.06282, -0.28616) (-0.223492, 0.526302) (1.04345, 0.567509) (0.392221, 0.997992) (-0.441948, -0.265399) 
(0.155959, -0.400809) (1.01928, -0.264171) (-0.180761, 0.531359) (1.09123, 0.568877) (0.40172, 0.966327) (-0.440506, -0.226935) 
(0.114801, -0.431209) (0.954464, -0.243518) (-0.125404, 0.543012) (1.15611, 0.569452) (0.413169, 0.930007) (-0.437591, -0.175204) 
(0.0792241, -0.456099) (0.895159, -0.229545) (-0.0754298, 0.562338) (1.21835, 0.570991) (0.41611, 0.897384) (-0.431531, -0.127054) 
(0.0537692, -0.469632) (0.861399, -0.22635) (-0.0420807, 0.578676) (1.25766, 0.57265) (0.421715, 0.877592) (-0.428766, -0.0934965) 
(0.00298554, -0.491374) (0.798127, -0.230568) (0.020092, 0.608996) (1.33614, 0.577753) (0.437591, 0.830931) (-0.418673, -0.0234462) 
(-0.0299342, -0.498922) (0.759006, -0.240082) (0.0615519, 0.62443) (1.38774, 0.581659) (0.452223, 0.810288) (-0.41077, 0.0245827) 
(-0.0701943, -0.494311) (0.718201, -0.261838) (0.107417, 0.635409) (1.45116, 0.585111) (0.467212, 0.785084) (-0.399454, 0.0812671) 
(-0.104637, -0.477196) (0.683951, -0.285859) (0.14865, 0.639697) (1.50736, 0.586395) (0.487354, 0.772256) (-0.389826, 0.134252) 
(-0.138489, -0.452703) (0.647433, -0.309182) (0.191422, 0.634883) (1.56579, 0.588938) (0.505849, 0.757125) (-0.378724, 0.186327) 
(-0.181142, -0.416533) (0.601002, -0.334762) (0.246874, 0.614827) (1.63445, 0.589524) (0.530664, 0.74883) (-0.36579, 0.249252) 
(-0.221186, -0.385136) (0.562912, -0.350678) (0.289821, 0.591758) (1.68379, 0.589283) (0.551131, 0.74278) (-0.35497, 0.298908) 
(-0.260112, -0.355263) (0.52336, -0.359576) (0.333714, 0.570461) (1.7412, 0.590398) (0.575181, 0.742905) (-0.344825, 0.356958) 
(-0.297623, -0.332131) (0.480324, -0.361962) (0.374092, 0.553673) (1.80881, 0.591095) (0.601404, 0.745769) (-0.332758, 0.421118) 
(-0.315691, -0.324207) (0.458309, -0.361707) (0.388715, 0.548308) (1.84035, 0.591627) (0.612771, 0.748961) (-0.327905, 0.452008) 
(-0.365728, -0.302033) (0.386539, -0.35028) (0.428091, 0.532848) (1.93002, 0.594293) (0.645178, 0.765773) (-0.314479, 0.536879) 
(-0.39875, -0.289862) (0.341201, -0.336454) (0.442707, 0.52071) (1.98634, 0.596435) (0.661754, 0.779986) (-0.304958, 0.587396) 
(-0.444117, -0.28862) (0.287371, -0.318656) (0.455573, 0.510115) (2.05221, 0.599014) (0.681581, 0.801562) (-0.294755, 0.648427) 
(-0.485449, -0.29896) (0.241713, -0.309688) (0.459862, 0.508435) (2.10809, 0.600911) (0.692508, 0.823465) (-0.284639, 0.701086) 
(-0.530486, -0.314687) (0.199736, -0.304554) (0.452271, 0.51179) (2.16404, 0.602955) (0.705043, 0.846412) (-0.275302, 0.75379) 
(-0.582028, -0.337385) (0.158838, -0.303214) (0.440089, 0.520153) (2.22004, 0.603924) (0.716027, 0.87393) (-0.264883, 0.812907) 
(-0.640056, -0.367983) (0.12017, -0.308045) (0.430936, 0.530917) (2.27625, 0.604764) (0.73184, 0.90351) (-0.254278, 0.876924) 
(-0.688269, -0.392722) (0.0881898, -0.316245) (0.427982, 0.539482) (2.32516, 0.607562) (0.740904, 0.928651) (-0.243515, 0.931842) 
(-0.737943, -0.412783) (0.055278, -0.332024) (0.425384, 0.544754) (2.37576, 0.610544) (0.753534, 0.946114) (-0.232993, 0.991687) 
(-0.764564, -0.421175) (0.0367618, -0.345788) (0.423775, 0.546634) (2.40942, 0.611405) (0.759859, 0.957566) (-0.2269, 1.02586) 
(-0.83271, -0.432353) (-0.0179314, -0.396244) (0.421402, 0.554778) (2.44127, 0.612883) (0.780628, 0.980345) (-0.211993, 1.11878) 
(-0.870373, -0.435319) (-0.0495395, -0.425767) (0.419626, 0.561528) (2.43065, 0.612501) (0.791766, 0.993132) (-0.20127, 1.17123) 
(-0.903134, -0.434215) (-0.0745551, -0.446128) (0.417661, 0.566912) (2.42867, 0.612471) (0.799901, 0.996697) (-0.193388, 1.21623) 
(-0.95712, -0.414736) (-0.113382, -0.466931) (0.415566, 0.574827) (2.43557, 0.612407) (0.818772, 1.00679) (-0.179216, 1.28855) 
(-0.995923, -0.389098) (-0.137721, -0.472608) (0.415124, 0.579507) (2.43696, 0.612586) (0.829878, 1.00773) (-0.170741, 1.33609) 
(-1.05201, -0.347025) (-0.170321, -0.475496) (0.415652, 0.583374) (2.43545, 0.612535) (0.845955, 1.01087) (-0.157273, 1.3957) 
(-1.10616, -0.306209) (-0.207201, -0.470051) (0.417074, 0.584948) (2.4365, 0.613144) (0.861845, 1.00935) (-0.145856, 1.45758) 
(-1.16548, -0.273981) (-0.248251, -0.456163) (0.419059, 0.58443) (2.4355, 0.612658) (0.879042, 1.00517) (-0.133873, 1.52093) 
(-1.21177, -0.25334) (-0.286535, -0.438237) (0.421663, 0.582867) (2.43561, 0.612534) (0.891701, 0.999095) (-0.122576, 1.57499) 
(-1.25636, -0.238927) (-0.324681, -0.415035) (0.424632, 0.580941) (2.43562, 0.612535) (0.903945, 0.991327) (-0.112, 1.62899) 
(-1.30501, -0.228625) (-0.373272, -0.389684) (0.429964, 0.578149) (2.43563, 0.612653) (0.921787, 0.977394) (-0.0983104, 1.6969) 
(-1.34383, -0.222088) (-0.413724, -0.374252) (0.435346, 0.576289) (2.4355, 0.612559) (0.932679, 0.959408) (-0.0884901, 1.75111) 
(-1.39741, -0.222504) (-0.46198, -0.363495) (0.440891, 0.575424) (2.43554, 0.61255) (0.947377, 0.936113) (-0.0758915, 1.81569) 
(-1.44399, -0.233135) (-0.501356, -0.363533) (0.444108, 0.576052) (2.43554, 0.612502) (0.954826, 0.911315) (-0.0647581, 1.87028) 
(-1.49668, -0.252976) (-0.546912, -0.369259) (0.445919, 0.576597) (2.43555, 0.612523) (0.965598, 0.882857) (-0.0523567, 1.92881) 
(-1.55157, -0.277895) (-0.594846, -0.383084) (0.446079, 0.576388) (2.43551, 0.612555) (0.973021, 0.846759) (-0.0402361, 1.98816) 
(-1.59856, -0.30205) (-0.645276, -0.406467) (0.447128, 0.574432) (2.43556, 0.612589) (0.981416, 0.811446) (-0.0283684, 2.04602) 
(-1.64334, -0.322089) (-0.703442, -0.437863) (0.45122, 0.570344) (2.43555, 0.612555) (0.990994, 0.770245) (-0.0154633, 2.10749) 
(-1.67666, -0.331853) (-0.74885, -0.459264) (0.454086, 0.565055) (2.43555, 0.612544) (0.997437, 0.737245) (-0.00430375, 2.15479) 
(-1.71884, -0.338028) (-0.800025, -0.47597) (0.460634, 0.554142) (2.43552, 0.612526) (1.00585, 0.696139) (0.00712972, 2.20593) 
(-1.76221, -0.338492) (-0.846993, -0.482424) (0.469492, 0.540071) (2.43553, 0.61252) (1.01253, 0.65415) (0.0210039, 2.26099) 
(-1.8018, -0.338973) (-0.887825, -0.482176) (0.475243, 0.530954) (2.4356, 0.61263) (1.01853, 0.609364) (0.0326491, 2.30286) 
(-1.8507, -0.335126) (-0.936226, -0.478308) (0.476148, 0.526521) (2.43557, 0.612586) (1.02365, 0.559094) (0.0461902, 2.3534) 
(-1.89732, -0.320057) (-0.98027, -0.466243) (0.474762, 0.526699) (2.43553, 0.612563) (1.02889, 0.520914) (0.0485666, 2.36551) 
(-1.95244, -0.288885) (-1.03282, -0.441988) (0.477116, 0.529543) (2.43557, 0.612623) (1.03672, 0.475183) (0.0474195, 2.35825) 
(-2.01104, -0.251858) (-1.09217, -0.413866) (0.480826, 0.532181) (2.43557, 0.612613) (1.04509, 0.422033) (0.0472228, 2.35786) 
(-2.05355, -0.225366) (-1.14104, -0.394213) (0.483977, 0.532518) (2.43553, 0.612568) (1.05368, 0.386337) (0.0483621, 2.36229) 
(-2.09702, -0.203003) (-1.19413, -0.374658) (0.485717, 0.53122) (2.43553, 0.612527) (1.05362, 0.346514) (0.0479741, 2.3616) 
(-2.13274, -0.189781) (-1.24161, -0.352663) (0.491751, 0.528014) (2.4356, 0.612623) (1.05169, 0.309978) (0.0481279, 2.36135) 
(-2.14967, -0.186163) (-1.26701, -0.344122) (0.499682, 0.525301) (2.4355, 0.612556) (1.04608, 0.288898) (0.0480364, 2.36162) 
(-2.1665, -0.181065) (-1.30576, -0.334303) (0.520935, 0.521086) (2.43557, 0.612604) (1.03165, 0.256181) (0.048212, 2.36184) 
(-2.1959, -0.178977) (-1.36626, -0.329417) (0.563974, 0.514149) (2.43554, 0.61253) (1.00184, 0.196129) (0.0481136, 2.36161) 
(-2.22615, -0.185451) (-1.41785, -0.340819) (0.602312, 0.514343) (2.43556, 0.612569) (0.975479, 0.151764) (0.0481697, 2.36171) 
(-2.24988, -0.193919) (-1.46566, -0.361858) (0.636274, 0.522338) (2.43554, 0.612569) (0.957237, 0.119681) (0.0481061, 2.36173) 
(-2.27894, -0.209779) (-1.51302, -0.385989) (0.677125, 0.534001) (2.43559, 0.612639) (0.939833, 0.079397) (0.0478057, 2.36156) 
(-2.31086, -0.231598) (-1.55708, -0.40262) (0.722891, 0.551102) (2.43557, 0.612629) (0.920517, 0.0370515) (0.0478045, 2.36159) 
(-2.34285, -0.25147) (-1.60076, -0.415179) (0.774711, 0.567375) (2.43554, 0.612542) (0.905785, -0.00830584) (0.0477704, 2.36162) 
(-2.37082, -0.269612) (-1.64029, -0.418712) (0.824042, 0.572892) (2.43553, 0.612562) (0.887016, -0.0564762) (0.0476492, 2.36168) 
(-2.39689, -0.280489) (-1.67223, -0.415625) (0.877419, 0.558247) (2.4355, 0.61254) (0.865456, -0.115084) (0.0476362, 2.3617) 
(-2.40744, -0.285653) (-1.68754, -0.410423) (0.900055, 0.54438) (2.43554, 0.612534) (0.854208, -0.143845) (0.0479264, 2.36173) 
(-2.4233, -0.304405) (-1.71593, -0.384295) (0.942964, 0.511692) (2.43554, 0.612578) (0.830256, -0.206964) (0.0480434, 2.36178) 
(-2.43162, -0.316585) (-1.72992, -0.344348) (0.98001, 0.48284) (2.43555, 0.612573) (0.811027, -0.26162) (0.0480353, 2.36178) 
(-2.43451, -0.322479) (-1.73819, -0.307461) (1.00748, 0.461335) (2.43553, 0.612574) (0.795052, -0.300563) (0.0481051, 2.36166) 
(-2.43609, -0.334086) (-1.75156, -0.250532) (1.05333, 0.42181) (2.43552, 0.612554) (0.769834, -0.366657) (0.0481337, 2.36169) 
(-2.43655, -0.346935) (-1.76038, -0.210075) (1.0924, 0.390565) (2.43561, 0.612644) (0.751079, -0.418521) (0.0481404, 2.3617) 
(-2.43445, -0.361897) (-1.76203, -0.183532) (1.12321, 0.357385) (2.43554, 0.612556) (0.730512, -0.469862) (0.0481461, 2.36169) 
(-2.43197, -0.375167) (-1.75646, -0.175473) (1.14794, 0.328662) (2.43559, 0.612632) (0.710691, -0.523277) (0.0481444, 2.3617) 
(-2.42882, -0.386332) (-1.75405, -0.180722) (1.17354, 0.308876) (2.43552, 0.612548) (0.691828, -0.572219) (0.0481214, 2.36169) 
(-2.42262, -0.396466) (-1.76174, -0.196628) (1.20256, 0.292267) (2.43551, 0.612552) (0.67196, -0.624725) (0.0481215, 2.36169) 
(-2.41486, -0.407062) (-1.78154, -0.219363) (1.23604, 0.280355) (2.4355, 0.612552) (0.653688, -0.67243) (0.0481516, 2.36168) 
(-2.40693, -0.423112) (-1.82497, -0.257574) (1.29553, 0.269319) (2.43547, 0.612521) (0.628502, -0.738205) (0.048136, 2.36167) 
(-2.39967, -0.433099) (-1.86465, -0.277996) (1.34876, 0.264466) (2.43556, 0.612595) (0.610829, -0.785408) (0.0481409, 2.36169) 
(-2.38755, -0.441042) (-1.90328, -0.290203) (1.41636, 0.266702) (2.43557, 0.612632) (0.589531, -0.842326) (0.0481401, 2.36167) 
(-2.37626, -0.444825) (-1.92442, -0.292783) (1.47916, 0.276245) (2.43555, 0.612592) (0.57064, -0.890301) (0.0481412, 2.36167) 
(-2.36482, -0.447858) (-1.93627, -0.297102) (1.55447, 0.29041) (2.43552, 0.61253) (0.550985, -0.94322) (0.0481476, 2.36169) 
(-2.35282, -0.44997) (-1.93879, -0.309619) (1.62581, 0.300726) (2.43557, 0.61263) (0.531084, -0.997696) (0.0481458, 2.36168) 
(-2.33822, -0.455329) (-1.93893, -0.328836) (1.71766, 0.298633) (2.43554, 0.612591) (0.510022, -1.05589) (0.0481299, 2.36168) 
(-2.32572, -0.457387) (-1.93686, -0.345246) (1.80423, 0.287177) (2.43555, 0.612648) (0.493638, -1.10159) (0.0481428, 2.36167) 
(-2.31958, -0.455606) (-1.93379, -0.365611) (1.89689, 0.274596) (2.43557, 0.612618) (0.470535, -1.16449) (0.0481694, 2.36167) 
(-2.33054, -0.452784) (-1.93008, -0.374813) (1.94404, 0.26989) (2.43554, 0.612617) (0.453982, -1.20967) (0.0481282, 2.36169) 
(-2.36089, -0.447516) (-1.92558, -0.384518) (2.00026, 0.260449) (2.4355, 0.612537) (0.431122, -1.27138) (0.0481208, 2.36167) 
(-2.38966, -0.437511) (-1.92242, -0.391128) (2.04132, 0.249011) (2.43555, 0.612582) (0.411388, -1.32113) (0.0481068, 2.36168) 
(-2.4213, -0.426727) (-1.92086, -0.39658) (2.08214, 0.233221) (2.43559, 0.612637) (0.393367, -1.37042) (0.0481191, 2.36168) 
(-2.45008, -0.412169) (-1.92005, -0.401481) (2.12122, 0.213379) (2.43557, 0.612649) (0.375908, -1.41896) (0.0481264, 2.36168) 
(-2.48727, -0.387731) (-1.92009, -0.406145) (2.18171, 0.178334) (2.43554, 0.612561) (0.350605, -1.48765) (0.0481017, 2.36166) 
(-2.50674, -0.365312) (-1.92056, -0.407218) (2.23596, 0.147848) (2.43557, 0.612634) (0.331686, -1.53778) (0.0481326, 2.36169) 
(-2.52362, -0.337989) (-1.92052, -0.408409) (2.29372, 0.119738) (2.43552, 0.612568) (0.312369, -1.59102) (0.0481448, 2.36167) 
(-2.54329, -0.317844) (-1.92003, -0.407865) (2.34383, 0.102103) (2.43556, 0.612624) (0.292901, -1.64537) (0.0481139, 2.36168) 
(-2.5623, -0.319718) (-1.9228, -0.406447) (2.38811, 0.0898836) (2.43553, 0.612577) (0.273022, -1.70003) (0.0481207, 2.36168) 
(-2.57801, -0.340457) (-1.92625, -0.403659) (2.41661, 0.0813775) (2.43558, 0.612654) (0.254139, -1.74994) (0.048141, 2.36166) 
(-2.59629, -0.377714) (-1.93023, -0.399574) (2.43972, 0.0757598) (2.43553, 0.612588) (0.23156, -1.81269) (0.048164, 2.36167) 
(-2.60829, -0.408737) (-1.93258, -0.399169) (2.45152, 0.0786525) (2.43546, 0.612546) (0.215482, -1.85721) (0.0481341, 2.36166) 
(-2.61918, -0.447283) (-1.93454, -0.400242) (2.45767, 0.0922845) (2.43655, 0.613475) (0.195186, -1.90847) (0.0481133, 2.36168) 
(-2.62648, -0.480396) (-1.93471, -0.401645) (2.46182, 0.108376) (2.43661, 0.613508) (0.179745, -1.95241) (0.0480917, 2.36168) 
