(1.56798, -0.393658) (2.7505, -0.48569) (-2.41632, 0.548379) (-1.56131, 0.478974) (0.0476491, 2.45681) (0, 0) 
(1.56985, -0.394245) (2.74638, -0.492357) (-2.41976, 0.55252) (-1.56132, 0.478998) (0.0475974, 2.45677) (0, 0) 
(1.57144, -0.394927) (2.74575, -0.488863) (-2.42604, 0.553351) (-1.56177, 0.482053) (0.047488, 2.45678) (0, 0) 
(1.57397, -0.395211) (2.74966, -0.470281) (-2.43287, 0.551726) (-1.5549, 0.488217) (0.0475552, 2.4568) (0, 0) 
(1.57592, -0.395197) (2.75792, -0.442591) (-2.43747, 0.552635) (-1.54233, 0.499226) (0.0475674, 2.45676) (0, 0) 
(1.5764, -0.395402) (2.76701, -0.412359) (-2.4402, 0.552427) (-1.53415, 0.506963) (0.0475093, 2.45677) (0, 0) 
(1.57568, -0.395686) (2.77655, -0.375342) (-2.43778, 0.548058) (-1.52398, 0.518707) (0.0475671, 2.45681) (0, 0) 
(1.57461, -0.396009) (2.78667, -0.333195) (-2.43128, 0.530582) (-1.51503, 0.529572) (0.0475452, 2.45677) (0, 0) 
(1.5739, -0.395958) (2.79353, -0.301045) (-2.40594, 0.512587) (-1.50379, 0.540278) (0.0474734, 2.45676) (0, 0) 
(1.57244, -0.396239) (2.80091, -0.254676) (-2.36904, 0.50387) (-1.48344, 0.558164) (0.0475566, 2.45678) (0, 0) 
(1.57128, -0.396128) (2.80322, -0.228824) (-2.34761, 0.506863) (-1.46799, 0.569222) (0.0475627, 2.45681) (0, 0) 
(1.56989, -0.396297) (2.80232, -0.197445) (-2.31826, 0.513323) (-1.44701, 0.583569) (0.0474948, 2.45676) (0, 0) 
(1.56973, -0.396256) (2.79784, -0.177788) (-2.29461, 0.511922) (-1.42406, 0.597846) (0.0475101, 2.45676) (0, 0) 
(1.57012, -0.396412) (2.79246, -0.16703) (-2.27006, 0.501844) (-1.39558, 0.61422) (0.0475223, 2.45678) (0, 0) 
(1.56992, -0.397286) (2.78984, -0.168213) (-2.25932, 0.48475) (-1.37, 0.627399) (0.0474745, 2.45676) (0, 0) 
(1.56953, -0.398542) (2.7859, -0.178587) (-2.2483, 0.463979) (-1.33535, 0.643612) (0.0475519, 2.45677) (0, 0) 
(1.56937, -0.399807) (2.78223, -0.196116) (-2.24128, 0.447364) (-1.30106, 0.657894) (0.0475201, 2.45678) (0, 0) 
(1.56876, -0.400044) (2.77938, -0.215843) (-2.23649, 0.437626) (-1.26446, 0.671117) (0.0474674, 2.45678) (0, 0) 
(1.56766, -0.39986) (2.77707, -0.238585) (-2.23071, 0.432352) (-1.21999, 0.684176) (0.0475653, 2.45677) (0, 0) 
(1.56591, -0.399937) (2.77432, -0.262614) (-2.22075, 0.432475) (-1.17035, 0.698739) (0.0476208, 2.45681) (0, 0) 
(1.5633, -0.400177) (2.77057, -0.289843) (-2.19864, 0.44597) (-1.1273, 0.71119) (0.0475491, 2.45675) (0, 0) 
(1.5622, -0.400298) (2.76674, -0.306849) (-2.17176, 0.461286) (-1.09627, 0.713891) (0.0475179, 2.45678) (0, 0) 
(1.56118, -0.399977) (2.76302, -0.326967) (-2.13829, 0.487265) (-1.05088, 0.72063) (0.0474964, 2.45677) (0, 0) 
(1.56131, -0.40002) (2.76351, -0.341868) (-2.10891, 0.517246) (-1.01124, 0.722949) (0.0475731, 2.45676) (0, 0) 
(1.56201, -0.400798) (2.76433, -0.357379) (-2.0816, 0.567075) (-0.959564, 0.725566) (0.0475594, 2.4568) (0, 0) 
(1.56207, -0.401385) (2.76256, -0.367853) (-2.05389, 0.613367) (-0.911925, 0.725237) (0.0476338, 2.45681) (0, 0) 
(1.56227, -0.402548) (2.75943, -0.372453) (-2.02154, 0.646408) (-0.863713, 0.725582) (0.0475449, 2.45677) (0, 0) 
(1.56189, -0.406002) (2.75516, -0.371788) (-1.99215, 0.671614) (-0.82292, 0.72432) (0.0475696, 2.45676) (0, 0) 
(1.55973, -0.413136) (2.75081, -0.367368) (-1.96212, 0.701955) (-0.764257, 0.7205) (0.047487, 2.45677) (0, 0) 
(1.55689, -0.416408) (2.75112, -0.359257) (-1.93599, 0.722542) (-0.714898, 0.717755) (0.0476392, 2.45679) (0, 0) 
(1.55496, -0.416113) (2.75262, -0.348234) (-1.9062, 0.730332) (-0.666428, 0.716024) (0.047522, 2.45678) (0, 0) 
(1.5526, -0.414302) (2.75231, -0.334019) (-1.87193, 0.726099) (-0.60907, 0.712517) (0.0474882, 2.45677) (0, 0) 
(1.54859, -0.412048) (2.75069, -0.319309) (-1.83978, 0.717963) (-0.552861, 0.71037) (0.0474966, 2.45675) (0, 0) 
(1.54397, -0.408071) (2.7474, -0.305255) (-1.80209, 0.70192) (-0.503323, 0.709205) (0.0475661, 2.45681) (0, 0) 
(1.53767, -0.403491) (2.74117, -0.291577) (-1.74933, 0.676726) (-0.446695, 0.709251) (0.0475822, 2.45678) (0, 0) 
(1.52635, -0.396625) (2.73526, -0.279387) (-1.67273, 0.646089) (-0.378078, 0.707072) (0.0476584, 2.45682) (0, 0) 
(1.51056, -0.388015) (2.73292, -0.270433) (-1.60331, 0.624006) (-0.320088, 0.70607) (0.0475206, 2.45677) (0, 0) 
(1.48723, -0.377652) (2.73371, -0.26317) (-1.54318, 0.605627) (-0.263841, 0.704884) (0.0474954, 2.45676) (0, 0) 
(1.4566, -0.371235) (2.73437, -0.258244) (-1.48741, 0.595229) (-0.211718, 0.703104) (0.0475584, 2.4568) (0, 0) 
(1.4158, -0.369986) (2.73476, -0.254145) (-1.43761, 0.587613) (-0.156571, 0.699568) (0.0475706, 2.45676) (0, 0) 
(1.3815, -0.375276) (2.73569, -0.251758) (-1.40184, 0.584638) (-0.115051, 0.698852) (0.0475703, 2.45676) (0, 0) 
(1.3138, -0.393641) (2.73514, -0.247043) (-1.33088, 0.596218) (-0.0377205, 0.695384) (0.0476646, 2.45681) (0, 0) 
(1.25669, -0.412605) (2.73338, -0.247206) (-1.27411, 0.619806) (0.0190015, 0.694441) (0.0475649, 2.45677) (0, 0) 
(1.1956, -0.437995) (2.73008, -0.25344) (-1.21606, 0.653825) (0.0759373, 0.691347) (0.0474622, 2.45677) (0, 0) 
(1.13323, -0.461138) (2.72408, -0.267386) (-1.15285, 0.692001) (0.130908, 0.689818) (0.0475755, 2.45683) (0, 0) 
(1.07377, -0.472259) (2.71704, -0.286934) (-1.10083, 0.71958) (0.183347, 0.688958) (0.0474408, 2.45677) (0, 0) 
(1.00688, -0.468271) (2.70515, -0.312856) (-1.04883, 0.739456) (0.240119, 0.687872) (0.0474295, 2.45676) (0, 0) 
(0.930534, -0.456266) (2.68758, -0.344132) (-0.986055, 0.742682) (0.302544, 0.685932) (0.0473637, 2.45677) (0, 0) 
(0.856661, -0.451094) (2.66828, -0.369687) (-0.936025, 0.740656) (0.358738, 0.684262) (0.0473867, 2.45678) (0, 0) 
(0.78038, -0.448851) (2.64536, -0.386859) (-0.882182, 0.726041) (0.414234, 0.683787) (0.0473437, 2.45678) (0, 0) 
(0.706929, -0.447296) (2.62422, -0.395029) (-0.827953, 0.696551) (0.468213, 0.681989) (0.0474241, 2.45681) (0, 0) 
(0.613697, -0.452774) (2.59372, -0.392682) (-0.755679, 0.648019) (0.534437, 0.680157) (0.0474124, 2.45679) (0, 0) 
(0.538084, -0.458865) (2.56855, -0.380253) (-0.687658, 0.6073) (0.588033, 0.677819) (0.0474558, 2.45676) (0, 0) 
(0.455642, -0.46262) (2.54228, -0.357441) (-0.621902, 0.580149) (0.646105, 0.675686) (0.0475102, 2.45678) (0, 0) 
(0.38348, -0.464876) (2.51669, -0.331287) (-0.568497, 0.558918) (0.699522, 0.67366) (0.0474741, 2.45676) (0, 0) 
(0.295285, -0.469302) (2.48115, -0.299129) (-0.512646, 0.543189) (0.762404, 0.67107) (0.0475425, 2.45676) (0, 0) 
(0.218768, -0.475518) (2.44376, -0.27327) (-0.466337, 0.532829) (0.816723, 0.669598) (0.047593, 2.45677) (0, 0) 
(0.127169, -0.488284) (2.40119, -0.246053) (-0.405974, 0.529082) (0.881159, 0.667936) (0.0475743, 2.45676) (0, 0) 
(0.0431409, -0.496034) (2.36627, -0.226083) (-0.347908, 0.537473) (0.941781, 0.666261) (0.0475657, 2.45681) (0, 0) 
(-0.0278792, -0.492076) (2.33149, -0.213811) (-0.288759, 0.552232) (0.995372, 0.665512) (0.047564, 2.45677) (0, 0) 
(-0.108487, -0.488008) (2.29249, -0.208987) (-0.240462, 0.575624) (1.05275, 0.664375) (0.0476349, 2.45681) (0, 0) 
(-0.19962, -0.482034) (2.25092, -0.21468) (-0.172285, 0.608642) (1.11655, 0.661761) (0.0475717, 2.45675) (0, 0) 
(-0.277357, -0.47542) (2.21366, -0.228439) (-0.121981, 0.635262) (1.17257, 0.659371) (0.0476725, 2.45682) (0, 0) 
(-0.361255, -0.466018) (2.17033, -0.255259) (-0.069853, 0.657651) (1.23424, 0.657953) (0.0475341, 2.45676) (0, 0) 
(-0.410525, -0.457638) (2.14355, -0.275837) (-0.043286, 0.665859) (1.26913, 0.656711) (0.0474825, 2.45677) (0, 0) 
(-0.52671, -0.438619) (2.08183, -0.330784) (0.0028415, 0.686205) (1.34243, 0.653978) (0.0475096, 2.45677) (0, 0) 
(-0.612451, -0.435921) (2.03751, -0.370938) (0.0509506, 0.689647) (1.39924, 0.654063) (0.0475788, 2.45677) (0, 0) 
(-0.700669, -0.44451) (1.99842, -0.40488) (0.105086, 0.684327) (1.45906, 0.652647) (0.0475548, 2.45678) (0, 0) 
(-0.792315, -0.457022) (1.96386, -0.434618) (0.17039, 0.674831) (1.51908, 0.651731) (0.047592, 2.45677) (0, 0) 
(-0.877887, -0.467346) (1.93726, -0.455102) (0.234022, 0.663143) (1.5746, 0.650363) (0.047494, 2.45676) (0, 0) 
(-0.978857, -0.47582) (1.91466, -0.463544) (0.323936, 0.645586) (1.64462, 0.644939) (0.0476835, 2.45681) (0, 0) 
(-1.05872, -0.482827) (1.89106, -0.466318) (0.397255, 0.625181) (1.70198, 0.641436) (0.0475434, 2.45677) (0, 0) 
(-1.13316, -0.485695) (1.86152, -0.466924) (0.455695, 0.606176) (1.75796, 0.639836) (0.0476171, 2.4568) (0, 0) 
(-1.20819, -0.487398) (1.82736, -0.459755) (0.496546, 0.580608) (1.81991, 0.636807) (0.0475847, 2.45677) (0, 0) 
(-1.28805, -0.487958) (1.78745, -0.450982) (0.538846, 0.5649) (1.88097, 0.635036) (0.0475864, 2.45682) (0, 0) 
(-1.36052, -0.493183) (1.74063, -0.436888) (0.601336, 0.565486) (1.94162, 0.632757) (0.0475076, 2.45678) (0, 0) 
(-1.43106, -0.498567) (1.69342, -0.418387) (0.674862, 0.568797) (2.00206, 0.631131) (0.0476339, 2.45679) (0, 0) 
(-1.50686, -0.504021) (1.64321, -0.394264) (0.757128, 0.572733) (2.06288, 0.629308) (0.0475892, 2.45677) (0, 0) 
(-1.58289, -0.502341) (1.58476, -0.364954) (0.846914, 0.570653) (2.12424, 0.626919) (0.0475458, 2.45676) (0, 0) 
(-1.65941, -0.4858) (1.52432, -0.333035) (0.937695, 0.58647) (2.18951, 0.624347) (0.0474591, 2.45677) (0, 0) 
(-1.73008, -0.463425) (1.47559, -0.307026) (1.02277, 0.614258) (2.24553, 0.620647) (0.0474477, 2.45681) (0, 0) 
(-1.79628, -0.442997) (1.43167, -0.285875) (1.08376, 0.634625) (2.2908, 0.620386) (0.0474324, 2.45676) (0, 0) 
(-1.85944, -0.433994) (1.38619, -0.268197) (1.16048, 0.634661) (2.34109, 0.618674) (0.0476572, 2.4568) (0, 0) 
(-1.91416, -0.441798) (1.33653, -0.257694) (1.229, 0.628504) (2.40319, 0.611931) (0.047652, 2.4568) (0, 0) 
(-1.95794, -0.446562) (1.29811, -0.256451) (1.28963, 0.622159) (2.42543, 0.613539) (0.0475613, 2.45677) (0, 0) 
(-2.00425, -0.450256) (1.2593, -0.262082) (1.35531, 0.607693) (2.42631, 0.611941) (0.0475419, 2.45676) (0, 0) 
(-2.04296, -0.460505) (1.21844, -0.27263) (1.41949, 0.584883) (2.41638, 0.614482) (0.0475884, 2.45678) (0, 0) 
(-2.08465, -0.482791) (1.16304, -0.288425) (1.4988, 0.552204) (2.4146, 0.614049) (0.0475706, 2.45676) (0, 0) 
(-2.13007, -0.507423) (1.09604, -0.317531) (1.57697, 0.533023) (2.4219, 0.612955) (0.0474723, 2.45677) (0, 0) 
(-2.17325, -0.53239) (1.0281, -0.355092) (1.63998, 0.522286) (2.42639, 0.612737) (0.0475216, 2.45677) (0, 0) 
(-2.21844, -0.556254) (0.964497, -0.389603) (1.69551, 0.51715) (2.42518, 0.613212) (0.0475952, 2.45678) (0, 0) 
(-2.27535, -0.577724) (0.913954, -0.40381) (1.7476, 0.513575) (2.42557, 0.613697) (0.0475669, 2.45677) (0, 0) 
(-2.31668, -0.590224) (0.885367, -0.398971) (1.78806, 0.515229) (2.42558, 0.613442) (0.04764, 2.4568) (0, 0) 
(-2.34753, -0.596583) (0.85552, -0.387899) (1.82675, 0.523001) (2.42555, 0.613357) (0.0475751, 2.45677) (0, 0) 
(-2.3634, -0.598244) (0.817474, -0.364249) (1.86578, 0.532089) (2.42554, 0.613418) (0.0475955, 2.45678) (0, 0) 
(-2.36253, -0.597232) (0.789464, -0.337711) (1.88957, 0.544775) (2.42553, 0.613447) (0.0474923, 2.45678) (0, 0) 
(-2.35963, -0.592865) (0.768163, -0.304532) (1.91727, 0.564979) (2.42559, 0.613408) (0.0475842, 2.45677) (0, 0) 
(-2.35753, -0.588909) (0.752337, -0.271144) (1.95503, 0.590865) (2.4256, 0.613434) (0.0475685, 2.45677) (0, 0) 
(-2.35913, -0.587195) (0.739216, -0.243035) (1.98961, 0.601163) (2.42556, 0.613476) (0.0475833, 2.45678) (0, 0) 
(-2.36108, -0.58477) (0.724055, -0.216639) (2.02499, 0.603122) (2.42554, 0.613439) (0.0475529, 2.45678) (0, 0) 
(-2.36404, -0.581404) (0.709405, -0.192175) (2.05548, 0.592431) (2.42553, 0.613405) (0.0476646, 2.4568) (0, 0) 
(-2.37191, -0.581158) (0.703545, -0.177986) (2.07576, 0.573726) (2.42559, 0.613416) (0.0475742, 2.45676) (0, 0) 
(-2.38902, -0.581909) (0.702314, -0.174453) (2.09702, 0.537276) (2.42555, 0.613434) (0.0475463, 2.45677) (0, 0) 
(-2.42274, -0.577744) (0.703179, -0.177193) (2.11698, 0.472315) (2.42551, 0.613433) (0.0474847, 2.45677) (0, 0) 
(-2.44349, -0.570937) (0.704244, -0.183892) (2.12297, 0.419792) (2.42553, 0.613483) (0.047554, 2.45677) (0, 0) 
(-2.44883, -0.566435) (0.703663, -0.190277) (2.11973, 0.361332) (2.42556, 0.613404) (0.0475191, 2.45678) (0, 0) 
(-2.44435, -0.577041) (0.704213, -0.197856) (2.1136, 0.299024) (2.42549, 0.613412) (0.0475724, 2.45677) (0, 0) 
(-2.43907, -0.595997) (0.703514, -0.207081) (2.10906, 0.255177) (2.42555, 0.613432) (0.0475732, 2.45677) (0, 0) 
(-2.43289, -0.61) (0.702449, -0.217414) (2.10675, 0.232914) (2.42551, 0.613424) (0.0475901, 2.45677) (0, 0) 
(-2.41693, -0.62368) (0.699232, -0.233896) (2.10561, 0.212726) (2.42554, 0.613434) (0.0475778, 2.45681) (0, 0) 
(-2.40048, -0.629552) (0.695595, -0.251337) (2.12215, 0.202209) (2.42565, 0.614841) (0.047671, 2.45682) (0, 0) 
(-2.38411, -0.633844) (0.690699, -0.27439) (2.15866, 0.197547) (2.42534, 0.613327) (0.0475861, 2.45677) (0, 0) 
(-2.37354, -0.637974) (0.687379, -0.304599) (2.20167, 0.196577) (2.42543, 0.613526) (0.0475772, 2.45678) (0, 0) 
(-2.36123, -0.64248) (0.683653, -0.348952) (2.269, 0.18733) (2.42542, 0.61351) (0.0474956, 2.45678) (0, 0) 
(-2.3502, -0.643701) (0.680028, -0.373965) (2.32745, 0.155586) (2.42575, 0.612973) (0.0476587, 2.45683) (0, 0) 
(-2.34459, -0.642414) (0.679107, -0.386325) (2.36637, 0.133994) (2.42577, 0.612939) (0.0476197, 2.4568) (0, 0) 
(-2.34074, -0.638134) (0.676909, -0.40699) (2.40132, 0.13266) (2.42576, 0.612922) (0.0475024, 2.45677) (0, 0) 
(-2.33714, -0.63491) (0.677832, -0.430077) (2.43294, 0.148804) (2.42575, 0.612957) (0.0475907, 2.45677) (0, 0) 
(-2.33376, -0.634446) (0.678221, -0.448922) (2.45809, 0.1661) (2.42576, 0.612867) (0.0475035, 2.45677) (0, 0) 
(-2.32345, -0.634928) (0.681231, -0.470392) (2.48963, 0.190547) (2.42605, 0.613573) (0.0474951, 2.45677) (0, 0) 
(-2.31293, -0.637127) (0.684291, -0.485284) (2.51519, 0.217813) (2.42607, 0.613575) (0.0475071, 2.45677) (0, 0) 
(-2.30674, -0.638266) (0.684303, -0.507061) (2.54129, 0.249831) (2.42595, 0.615202) (0.0476065, 2.45678) (0, 0) 
(-2.30043, -0.63442) (0.678898, -0.526915) (2.57521, 0.284288) (2.4256, 0.615034) (0.0474764, 2.45676) (0, 0) 
(-2.29315, -0.632724) (0.678535, -0.532595) (2.62013, 0.323479) (2.42516, 0.615426) (0.0475916, 2.45677) (0, 0) 
(-2.28346, -0.63027) (0.681567, -0.537587) (2.65479, 0.364642) (2.42507, 0.615683) (0.0474957, 2.45677) (0, 0) 
(-2.27304, -0.625524) (0.687265, -0.545253) (2.68051, 0.402409) (2.4251, 0.61567) (0.0475767, 2.45678) (0, 0) 
(-2.26524, -0.620203) (0.691272, -0.548125) (2.70287, 0.422326) (2.42517, 0.614106) (0.0476569, 2.45681) (0, 0) 
(-2.25864, -0.614086) (0.697729, -0.548613) (2.72447, 0.438563) (2.42505, 0.614465) (0.047531, 2.4568) (0, 0) 
(-2.25597, -0.611543) (0.70083, -0.546296) (2.73299, 0.44387) (2.42541, 0.614497) (0.0475056, 2.45676) (0, 0) 
(-2.25469, -0.61063) (0.703079, -0.544145) (2.7433, 0.446481) (2.42522, 0.61358) (0.0475838, 2.45682) (0, 0) 
(-2.254, -0.610078) (0.702279, -0.540103) (2.75227, 0.446594) (2.42521, 0.613588) (0.0475886, 2.45678) (0, 0) 
(-2.25473, -0.606597) (0.703307, -0.533387) (2.75911, 0.450416) (2.42527, 0.613602) (0.0476133, 2.45681) (0, 0) 
(-2.25666, -0.600955) (0.709082, -0.526028) (2.76324, 0.452591) (2.42561, 0.613366) (0.0475821, 2.45678) (0, 0) 
(-2.25716, -0.595734) (0.716112, -0.517185) (2.77324, 0.44933) (2.42541, 0.613435) (0.0475841, 2.45679) (0, 0) 
(-2.25769, -0.588937) (0.72366, -0.50842) (2.78066, 0.446733) (2.42552, 0.61352) (0.0475771, 2.45683) (0, 0) 
(-2.25696, -0.5845) (0.730767, -0.50026) (2.78339, 0.447126) (2.42551, 0.613477) (0.0475293, 2.45676) (0, 0) 
(-2.25604, -0.585571) (0.732472, -0.496476) (2.7855, 0.448508) (2.42548, 0.613457) (0.0476462, 2.45682) (0, 0) 
(-2.25506, -0.584679) (0.734727, -0.491771) (2.78666, 0.449587) (2.42547, 0.61344) (0.0474895, 2.45676) (0, 0) 
(-2.25367, -0.580871) (0.736682, -0.489249) (2.78533, 0.450382) (2.42547, 0.613466) (0.0475717, 2.45678) (0, 0) 
(-2.25084, -0.577258) (0.738931, -0.489295) (2.7838, 0.451694) (2.42548, 0.613512) (0.0476216, 2.45678) (0, 0) 
(-2.24735, -0.575483) (0.742366, -0.489596) (2.78248, 0.453329) (2.42546, 0.613455) (0.0475253, 2.45677) (0, 0) 
(-2.24165, -0.570333) (0.747836, -0.490244) (2.78074, 0.456995) (2.42547, 0.613449) (0.047599, 2.45677) (0, 0) 
(-2.23412, -0.564394) (0.753416, -0.490405) (2.78034, 0.458745) (2.42544, 0.613461) (0.0475895, 2.45677) (0, 0) 
(-2.22501, -0.5604) (0.756546, -0.491632) (2.77942, 0.460928) (2.42547, 0.613465) (0.0476713, 2.45682) (0, 0) 
(-2.21145, -0.561457) (0.757321, -0.494941) (2.77974, 0.46398) (2.42549, 0.613415) (0.0475793, 2.45677) (0, 0) 
(-2.19843, -0.563008) (0.763082, -0.496485) (2.78175, 0.466812) (2.4255, 0.613445) (0.0475661, 2.45678) (0, 0) 
(-2.19605, -0.566902) (0.774158, -0.489291) (2.78481, 0.467169) (2.42548, 0.613457) (0.0476463, 2.4568) (0, 0) 
(-2.20599, -0.567473) (0.782449, -0.475434) (2.78744, 0.466688) (2.42544, 0.613418) (0.0475702, 2.45677) (0, 0) 
(-2.22038, -0.560023) (0.791888, -0.460294) (2.78956, 0.465073) (2.42551, 0.613411) (0.0475268, 2.45677) (0, 0) 
(-2.23996, -0.547637) (0.806118, -0.439034) (2.78915, 0.461883) (2.42545, 0.613416) (0.0475616, 2.45677) (0, 0) 
(-2.25552, -0.533151) (0.820815, -0.42062) (2.78728, 0.460562) (2.42546, 0.613435) (0.0475702, 2.45682) (0, 0) 
(-2.26728, -0.514211) (0.837966, -0.397675) (2.78546, 0.458132) (2.42548, 0.613444) (0.0476773, 2.45682) (0, 0) 
(-2.27382, -0.493109) (0.856544, -0.374794) (2.78428, 0.4566) (2.4255, 0.613431) (0.0475615, 2.45678) (0, 0) 
(-2.27625, -0.476406) (0.875271, -0.354779) (2.78433, 0.458487) (2.42548, 0.613436) (0.0475925, 2.45678) (0, 0) 
(-2.27374, -0.461085) (0.892341, -0.337581) (2.78351, 0.461578) (2.4255, 0.613434) (0.0476034, 2.45681) (0, 0) 
(-2.26528, -0.452401) (0.906946, -0.323164) (2.7828, 0.464453) (2.42553, 0.61343) (0.0475445, 2.45682) (0, 0) 
(-2.25487, -0.456764) (0.91797, -0.313913) (2.78469, 0.465819) (2.42548, 0.613463) (0.0475945, 2.4568) (0, 0) 
(-2.23303, -0.474906) (0.927876, -0.307777) (2.78787, 0.466203) (2.42548, 0.613414) (0.0474928, 2.45678) (0, 0) 
(-2.20255, -0.504728) (0.934054, -0.305713) (2.78867, 0.465545) (2.42552, 0.613416) (0.0474758, 2.45679) (0, 0) 
(-2.17307, -0.536505) (0.936182, -0.306151) (2.79007, 0.4638) (2.42553, 0.613349) (0.0476469, 2.4568) (0, 0) 
(-2.13443, -0.573998) (0.935646, -0.305021) (2.79181, 0.463601) (2.42547, 0.613365) (0.0476296, 2.45681) (0, 0) 
(-2.09464, -0.607945) (0.93341, -0.304077) (2.79142, 0.46374) (2.42546, 0.613496) (0.047566, 2.45678) (0, 0) 
(-2.05545, -0.634847) (0.930064, -0.304172) (2.79057, 0.464354) (2.42545, 0.613479) (0.0474878, 2.45676) (0, 0) 
(-2.0278, -0.652054) (0.92392, -0.303193) (2.78978, 0.464543) (2.42551, 0.613382) (0.0475862, 2.45678) (0, 0) 
(-2.01187, -0.66354) (0.920043, -0.300161) (2.7895, 0.464653) (2.4255, 0.613407) (0.047557, 2.45676) (0, 0) 
(-1.99871, -0.673095) (0.917529, -0.291894) (2.78968, 0.465183) (2.42547, 0.613478) (0.0475313, 2.45677) (0, 0) 
(-1.9955, -0.672844) (0.916633, -0.285246) (2.78899, 0.464426) (2.42549, 0.613503) (0.0475645, 2.45676) (0, 0) 
(-1.9969, -0.668061) (0.91731, -0.28532) (2.78835, 0.464429) (2.42547, 0.613446) (0.0475759, 2.45678) (0, 0) 
(-2.00352, -0.662419) (0.91855, -0.300491) (2.78723, 0.465273) (2.42547, 0.613366) (0.0476427, 2.45682) (0, 0) 
(-2.01161, -0.655662) (0.917198, -0.326842) (2.78523, 0.465359) (2.42549, 0.613361) (0.0475035, 2.45677) (0, 0) 
(-2.01719, -0.646677) (0.911012, -0.362195) (2.78208, 0.465908) (2.42551, 0.613402) (0.0476484, 2.45682) (0, 0) 
(-2.0219, -0.642216) (0.901308, -0.402923) (2.77973, 0.465692) (2.42544, 0.613483) (0.0476003, 2.45678) (0, 0) 
(-2.02651, -0.639796) (0.888765, -0.447319) (2.77687, 0.465918) (2.42546, 0.613428) (0.0476634, 2.45682) (0, 0) 
(-2.02635, -0.635323) (0.874303, -0.486741) (2.77505, 0.465276) (2.42548, 0.613331) (0.0475657, 2.45676) (0, 0) 
(-2.02634, -0.633732) (0.861848, -0.51826) (2.77403, 0.465907) (2.42545, 0.61349) (0.0476261, 2.45681) (0, 0) 
(-2.02901, -0.636408) (0.849262, -0.55554) (2.77258, 0.467223) (2.42544, 0.613476) (0.0476081, 2.45679) (0, 0) 
(-2.03607, -0.637297) (0.837677, -0.590483) (2.77096, 0.467446) (2.42543, 0.613421) (0.0475991, 2.45684) (0, 0) 
(-2.03779, -0.635822) (0.828615, -0.616941) (2.76996, 0.467608) (2.42546, 0.613367) (0.0475613, 2.45682) (0, 0) 
(-2.03638, -0.632528) (0.821252, -0.636819) (2.76968, 0.468136) (2.42543, 0.613481) (0.047621, 2.45679) (0, 0) 
(-2.03727, -0.632047) (0.817526, -0.647792) (2.77017, 0.467455) (2.42545, 0.613444) (0.0475868, 2.4568) (0, 0) 
(-2.03915, -0.632378) (0.821005, -0.658354) (2.77023, 0.465981) (2.42542, 0.613411) (0.0475795, 2.45676) (0, 0) 
(-2.03718, -0.631055) (0.833435, -0.669112) (2.76697, 0.465458) (2.42539, 0.613514) (0.0475646, 2.45678) (0, 0) 
(-2.03237, -0.627633) (0.858854, -0.685173) (2.76194, 0.466035) (2.42551, 0.613465) (0.0475516, 2.45678) (0, 0) 
(-2.03228, -0.628597) (0.887649, -0.70373) (2.75691, 0.465839) (2.42518, 0.613501) (0.0476372, 2.45681) (0, 0) 
(-2.03179, -0.629829) (0.920939, -0.722371) (2.7532, 0.462687) (2.42517, 0.613428) (0.0475677, 2.45677) (0, 0) 
(-2.02912, -0.629665) (0.959365, -0.739748) (2.74861, 0.457565) (2.42518, 0.613498) (0.0475818, 2.45679) (0, 0) 
(-2.02523, -0.628638) (0.999052, -0.758225) (2.74526, 0.451604) (2.42518, 0.613511) (0.0475594, 2.45679) (0, 0) 
(-2.02125, -0.627445) (1.0327, -0.772451) (2.74554, 0.447789) (2.42516, 0.613469) (0.0475708, 2.45677) (0, 0) 
(-2.01916, -0.627314) (1.07283, -0.788915) (2.7491, 0.443638) (2.42518, 0.613405) (0.0475728, 2.45677) (0, 0) 
(-2.02018, -0.627728) (1.11253, -0.807964) (2.75635, 0.439101) (2.42555, 0.613377) (0.0476449, 2.45683) (0, 0) 
(-2.02517, -0.62859) (1.14342, -0.822741) (2.75994, 0.436431) (2.42536, 0.613431) (0.0475791, 2.45678) (0, 0) 
(-2.02774, -0.629958) (1.16839, -0.834076) (2.75966, 0.437551) (2.42537, 0.613471) (0.0474803, 2.45677) (0, 0) 
(-2.02876, -0.633123) (1.19023, -0.842908) (2.76084, 0.439243) (2.42536, 0.613401) (0.0474828, 2.45676) (0, 0) 
(-2.02802, -0.635793) (1.20675, -0.847234) (2.76317, 0.438966) (2.42539, 0.613396) (0.0476056, 2.4568) (0, 0) 
(-2.02614, -0.639685) (1.21746, -0.847935) (2.7644, 0.438837) (2.42544, 0.613431) (0.0475781, 2.45677) (0, 0) 
(-2.02003, -0.647807) (1.22462, -0.848948) (2.76501, 0.438521) (2.42543, 0.613537) (0.0476527, 2.45681) (0, 0) 
(-2.01368, -0.655647) (1.22834, -0.850467) (2.7662, 0.436751) (2.42539, 0.613461) (0.0475545, 2.45677) (0, 0) 
(-2.00528, -0.665362) (1.23025, -0.853886) (2.7673, 0.434426) (2.42543, 0.613378) (0.0476513, 2.45681) (0, 0) 
(-1.99631, -0.671351) (1.23023, -0.855669) (2.7672, 0.433152) (2.42545, 0.613407) (0.0475848, 2.45679) (0, 0) 
(-1.99215, -0.67305) (1.22965, -0.857707) (2.76722, 0.430942) (2.42542, 0.613382) (0.047561, 2.45678) (0, 0) 
(-1.99181, -0.674925) (1.22892, -0.858862) (2.76674, 0.428694) (2.42544, 0.613419) (0.047583, 2.45677) (0, 0) 
(-1.99086, -0.67965) (1.22827, -0.859121) (2.76562, 0.426736) (2.42545, 0.613456) (0.0476022, 2.45677) (0, 0) 
(-1.98768, -0.683768) (1.22712, -0.859044) (2.76532, 0.425259) (2.42543, 0.613378) (0.047637, 2.45681) (0, 0) 
(-1.98464, -0.687488) (1.22718, -0.858623) (2.76583, 0.423808) (2.42546, 0.613434) (0.0475026, 2.45677) (0, 0) 
(-1.98031, -0.690274) (1.22629, -0.858578) (2.76725, 0.422423) (2.4255, 0.613438) (0.0475838, 2.45677) (0, 0) 
(-1.97617, -0.691318) (1.22578, -0.858864) (2.76965, 0.420703) (2.42549, 0.613424) (0.0475737, 2.45682) (0, 0) 
(-1.97252, -0.690918) (1.22538, -0.860031) (2.77207, 0.418611) (2.42543, 0.613467) (0.0475927, 2.45679) (0, 0) 
(-1.96755, -0.69008) (1.22598, -0.860716) (2.77411, 0.416019) (2.4255, 0.613431) (0.0475738, 2.45678) (0, 0) 
(-1.96384, -0.691105) (1.22686, -0.861161) (2.77566, 0.413804) (2.42545, 0.613468) (0.0475548, 2.45677) (0, 0) 
(-1.95863, -0.693294) (1.22699, -0.861899) (2.77678, 0.411192) (2.42543, 0.613431) (0.0475552, 2.45679) (0, 0) 
(-1.95191, -0.695351) (1.2278, -0.863011) (2.77779, 0.408025) (2.42544, 0.613423) (0.0475646, 2.45677) (0, 0) 
(-1.94681, -0.696646) (1.2266, -0.864568) (2.7777, 0.406841) (2.42545, 0.613435) (0.0476548, 2.45681) (0, 0) 
(-1.94592, -0.694366) (1.22196, -0.870046) (2.77669, 0.406364) (2.42544, 0.613436) (0.0474933, 2.45675) (0, 0) 
(-1.95152, -0.686664) (1.21541, -0.875011) (2.77602, 0.405924) (2.42543, 0.613442) (0.047588, 2.45678) (0, 0) 
(-1.95526, -0.680537) (1.21049, -0.873239) (2.7756, 0.406728) (2.42543, 0.613398) (0.0475038, 2.45678) (0, 0) 
(-1.95574, -0.677707) (1.20539, -0.867344) (2.77488, 0.408542) (2.42546, 0.613466) (0.04756, 2.45677) (0, 0) 
(-1.95352, -0.675329) (1.19842, -0.86349) (2.77372, 0.410919) (2.42544, 0.613416) (0.0475812, 2.45678) (0, 0) 
(-1.9528, -0.673462) (1.19302, -0.859729) (2.77339, 0.413051) (2.42545, 0.613383) (0.0476478, 2.45681) (0, 0) 
(-1.95019, -0.668353) (1.18732, -0.852923) (2.77325, 0.415264) (2.42548, 0.613423) (0.0474512, 2.4568) (0, 0) 
(-1.94993, -0.666365) (1.18476, -0.846504) (2.77281, 0.416473) (2.42553, 0.613378) (0.0475872, 2.45677) (0, 0) 
(-1.95037, -0.665135) (1.18325, -0.839422) (2.77228, 0.417874) (2.42545, 0.613533) (0.0475564, 2.45677) (0, 0) 
(-1.95141, -0.664526) (1.18124, -0.833291) (2.77176, 0.419167) (2.42548, 0.613423) (0.0475505, 2.45678) (0, 0) 
(-1.95329, -0.663334) (1.17877, -0.827312) (2.77047, 0.420622) (2.42547, 0.613403) (0.0475717, 2.45678) (0, 0) 
(-1.95549, -0.661234) (1.17577, -0.820154) (2.76897, 0.422277) (2.42547, 0.613437) (0.0474694, 2.45677) (0, 0) 
(-1.95805, -0.660206) (1.17031, -0.810529) (2.7677, 0.423758) (2.42546, 0.61341) (0.047549, 2.45682) (0, 0) 
(-1.95997, -0.65925) (1.15907, -0.798749) (2.76775, 0.423832) (2.42544, 0.613498) (0.0475664, 2.45678) (0, 0) 
(-1.961, -0.658429) (1.14421, -0.789177) (2.76837, 0.423433) (2.42549, 0.613393) (0.0475853, 2.45678) (0, 0) 
