(1.30424, -0.339582) (2.45453, -0.29738) (-2.53765, 0.612456) (-1.65078, 0.63028) (-0.0912145, 2.58356) (-0.17972, -1.99) 
(1.30368, -0.334065) (2.45651, -0.298096) (-2.53897, 0.613333) (-1.61433, 0.630349) (-0.0912294, 2.58357) (-0.179755, -1.99005) 
(1.30295, -0.329845) (2.45614, -0.295751) (-2.5385, 0.613996) (-1.54856, 0.624053) (-0.0906193, 2.57245) (-0.179386, -1.98754) 
(1.30363, -0.325879) (2.4519, -0.29244) (-2.5277, 0.615734) (-1.49612, 0.622023) (-0.0951011, 2.53189) (-0.177476, -1.93687) 
(1.30307, -0.321922) (2.44079, -0.288648) (-2.50492, 0.625757) (-1.44629, 0.6188) (-0.0891827, 2.49128) (-0.171413, -1.8864) 
(1.30143, -0.318918) (2.42919, -0.28462) (-2.48129, 0.642808) (-1.41389, 0.617932) (-0.0830614, 2.46303) (-0.170697, -1.85977) 
(1.29975, -0.313766) (2.41523, -0.28029) (-2.44626, 0.668426) (-1.36034, 0.623237) (-0.0666304, 2.42844) (-0.162236, -1.83601) 
(1.29587, -0.30718) (2.39567, -0.277581) (-2.40184, 0.69145) (-1.30901, 0.625634) (-0.0478198, 2.39229) (-0.160153, -1.81378) 
(1.29137, -0.299994) (2.37595, -0.278815) (-2.35419, 0.705921) (-1.2636, 0.627042) (-0.022651, 2.35926) (-0.159261, -1.79476) 
(1.28701, -0.293411) (2.35612, -0.283398) (-2.31224, 0.704449) (-1.22237, 0.626821) (-0.00142799, 2.32621) (-0.165379, -1.77532) 
(1.2796, -0.290224) (2.3323, -0.292244) (-2.25717, 0.695784) (-1.18253, 0.625102) (0.0226765, 2.29211) (-0.17289, -1.75804) 
(1.26821, -0.295236) (2.3047, -0.306839) (-2.19192, 0.675566) (-1.13641, 0.621249) (0.0457848, 2.25333) (-0.181616, -1.74333) 
(1.25745, -0.304464) (2.28372, -0.329164) (-2.12891, 0.644275) (-1.09288, 0.616922) (0.0666722, 2.21614) (-0.190247, -1.72747) 
(1.24423, -0.319016) (2.25922, -0.359186) (-2.05282, 0.609681) (-1.03741, 0.611968) (0.0899056, 2.16967) (-0.203495, -1.70063) 
(1.22833, -0.341384) (2.23143, -0.380346) (-1.98898, 0.599945) (-0.981204, 0.607609) (0.115775, 2.12118) (-0.215481, -1.66825) 
(1.21703, -0.357437) (2.20169, -0.390281) (-1.93607, 0.602626) (-0.939807, 0.604331) (0.133786, 2.08313) (-0.222364, -1.64405) 
(1.20156, -0.369523) (2.1609, -0.391801) (-1.85776, 0.612701) (-0.887179, 0.598504) (0.158458, 2.03628) (-0.22338, -1.61778) 
(1.18557, -0.370214) (2.11, -0.388562) (-1.76908, 0.634317) (-0.839505, 0.593521) (0.183067, 1.99031) (-0.225117, -1.59019) 
(1.17204, -0.364964) (2.06043, -0.379877) (-1.69459, 0.6766) (-0.800136, 0.587117) (0.207399, 1.949) (-0.228114, -1.55815) 
(1.15811, -0.357913) (2.01514, -0.364249) (-1.62718, 0.720696) (-0.758097, 0.57945) (0.234645, 1.90649) (-0.231635, -1.53781) 
(1.14284, -0.347861) (1.97213, -0.348155) (-1.56125, 0.736111) (-0.720434, 0.567806) (0.260786, 1.86531) (-0.242564, -1.52364) 
(1.13104, -0.33707) (1.93106, -0.33386) (-1.49506, 0.741193) (-0.67255, 0.551175) (0.294219, 1.81905) (-0.255315, -1.50679) 
(1.11112, -0.337521) (1.89423, -0.327192) (-1.42326, 0.739202) (-0.621568, 0.532741) (0.326993, 1.7702) (-0.267767, -1.4958) 
(1.09545, -0.344009) (1.86967, -0.330403) (-1.36346, 0.730742) (-0.585272, 0.517487) (0.353527, 1.73216) (-0.28525, -1.4805) 
(1.07548, -0.354457) (1.84478, -0.335837) (-1.29845, 0.707795) (-0.539869, 0.502997) (0.382729, 1.68797) (-0.305935, -1.45998) 
(1.05859, -0.366867) (1.82139, -0.340843) (-1.2463, 0.676855) (-0.50262, 0.491289) (0.404962, 1.65232) (-0.32393, -1.44143) 
(1.03384, -0.378437) (1.78407, -0.355427) (-1.17913, 0.634047) (-0.455583, 0.477254) (0.433853, 1.60835) (-0.338868, -1.41693) 
(1.00502, -0.376581) (1.74788, -0.379728) (-1.11312, 0.596354) (-0.413696, 0.463768) (0.460157, 1.56639) (-0.345291, -1.39868) 
(0.978338, -0.363505) (1.70652, -0.411842) (-1.04786, 0.58361) (-0.368977, 0.449691) (0.487993, 1.52069) (-0.358416, -1.36578) 
(0.957833, -0.35228) (1.67472, -0.438136) (-0.991857, 0.592799) (-0.333474, 0.436097) (0.508565, 1.48743) (-0.368525, -1.33973) 
(0.931731, -0.338034) (1.63284, -0.454788) (-0.91778, 0.614425) (-0.286859, 0.416827) (0.538438, 1.43637) (-0.381276, -1.31243) 
(0.906994, -0.332564) (1.59628, -0.458464) (-0.854161, 0.641729) (-0.247137, 0.4005) (0.565808, 1.39275) (-0.396457, -1.28833) 
(0.880097, -0.338262) (1.56073, -0.456741) (-0.814123, 0.673784) (-0.21184, 0.384563) (0.591024, 1.35402) (-0.414762, -1.26802) 
(0.84751, -0.343429) (1.51843, -0.445003) (-0.765811, 0.685782) (-0.17358, 0.367206) (0.620824, 1.30853) (-0.43975, -1.24281) 
(0.821627, -0.348816) (1.4881, -0.432868) (-0.737465, 0.67919) (-0.144068, 0.356409) (0.644289, 1.27338) (-0.456403, -1.22515) 
(0.779828, -0.365175) (1.43324, -0.417652) (-0.693975, 0.659907) (-0.104773, 0.340291) (0.679932, 1.22123) (-0.477675, -1.20301) 
(0.745294, -0.367455) (1.38876, -0.413812) (-0.651914, 0.636918) (-0.0709745, 0.327146) (0.710328, 1.17576) (-0.490191, -1.18326) 
(0.708332, -0.358108) (1.33672, -0.42536) (-0.607783, 0.598029) (-0.0372761, 0.31431) (0.738467, 1.13577) (-0.508995, -1.1566) 
(0.671772, -0.348218) (1.285, -0.449332) (-0.559014, 0.554671) (-0.00391635, 0.302422) (0.765993, 1.09565) (-0.529841, -1.1292) 
(0.631572, -0.341431) (1.22098, -0.484214) (-0.500558, 0.523361) (0.0313469, 0.289262) (0.793648, 1.05255) (-0.553431, -1.09885) 
(0.592497, -0.332722) (1.15628, -0.5282) (-0.445385, 0.51943) (0.0625374, 0.277706) (0.817102, 1.00942) (-0.570221, -1.07608) 
(0.555717, -0.326587) (1.08161, -0.587463) (-0.400157, 0.547324) (0.0938762, 0.265552) (0.841334, 0.964603) (-0.581447, -1.06108) 
(0.51329, -0.328683) (0.997496, -0.65427) (-0.347676, 0.596398) (0.134086, 0.248545) (0.865534, 0.917624) (-0.592826, -1.03934) 
(0.480956, -0.33291) (0.935361, -0.698123) (-0.300377, 0.650783) (0.166322, 0.236182) (0.884334, 0.876908) (-0.602104, -1.01795) 
(0.448, -0.336836) (0.876301, -0.73126) (-0.263502, 0.716415) (0.19247, 0.227959) (0.902905, 0.83991) (-0.611647, -0.99292) 
(0.406096, -0.343833) (0.800671, -0.761138) (-0.218348, 0.793177) (0.224877, 0.218447) (0.922253, 0.797835) (-0.622908, -0.968261) 
(0.367391, -0.353056) (0.725741, -0.7841) (-0.178614, 0.842746) (0.247807, 0.217437) (0.938794, 0.758722) (-0.630597, -0.951221) 
(0.321474, -0.357901) (0.630695, -0.806602) (-0.125699, 0.881669) (0.274829, 0.220923) (0.957083, 0.706939) (-0.645101, -0.932166) 
(0.283211, -0.349335) (0.53079, -0.826927) (-0.0671489, 0.902073) (0.299015, 0.231028) (0.974146, 0.65675) (-0.659911, -0.913814) 
(0.241295, -0.335234) (0.420538, -0.862952) (0.0088387, 0.91275) (0.316917, 0.241947) (0.989752, 0.604706) (-0.676744, -0.894381) 
(0.198695, -0.320765) (0.318339, -0.907231) (0.0911434, 0.911036) (0.330058, 0.258115) (1.0012, 0.556975) (-0.693149, -0.876697) 
(0.159038, -0.304951) (0.213342, -0.954474) (0.186329, 0.899078) (0.34842, 0.273574) (1.01291, 0.514695) (-0.711774, -0.859754) 
(0.114948, -0.297413) (0.0922606, -1.00984) (0.289063, 0.882539) (0.369666, 0.289563) (1.02216, 0.46711) (-0.732909, -0.843605) 
(0.0765481, -0.298276) (-0.0241512, -1.05517) (0.369127, 0.871564) (0.393512, 0.301825) (1.03028, 0.43158) (-0.750685, -0.830391) 
(0.0428961, -0.300264) (-0.131928, -1.08605) (0.438439, 0.892272) (0.416954, 0.313702) (1.03536, 0.39531) (-0.768179, -0.819345) 
(0.00348432, -0.305554) (-0.249633, -1.09911) (0.524862, 0.931857) (0.441645, 0.321852) (1.03839, 0.349297) (-0.794409, -0.802701) 
(-0.0288613, -0.314923) (-0.334739, -1.1025) (0.605937, 0.959167) (0.462135, 0.328065) (1.03739, 0.313057) (-0.815361, -0.789653) 
(-0.0683284, -0.320514) (-0.438939, -1.09914) (0.716419, 0.994861) (0.493845, 0.33972) (1.03233, 0.259207) (-0.84538, -0.771197) 
(-0.111678, -0.318609) (-0.552027, -1.08265) (0.811851, 1.04097) (0.525939, 0.352522) (1.027, 0.207886) (-0.873626, -0.750927) 
(-0.149786, -0.315593) (-0.661122, -1.06286) (0.883015, 1.07593) (0.544553, 0.365943) (1.02129, 0.169371) (-0.898596, -0.732725) 
(-0.198148, -0.309007) (-0.780703, -1.04557) (0.961706, 1.07994) (0.563341, 0.389859) (1.01876, 0.120601) (-0.927364, -0.709826) 
(-0.242238, -0.295642) (-0.883184, -1.03032) (1.04312, 1.05556) (0.573478, 0.409258) (1.01786, 0.0815698) (-0.954295, -0.685244) 
(-0.276724, -0.286198) (-0.980224, -1.01118) (1.12377, 1.02571) (0.584276, 0.429349) (1.02429, 0.0517474) (-0.974964, -0.659137) 
(-0.32035, -0.284253) (-1.10797, -0.988487) (1.21111, 0.974494) (0.600227, 0.454581) (1.02518, 0.0161479) (-0.989003, -0.626807) 
(-0.3572, -0.28783) (-1.2472, -0.96582) (1.27634, 0.905985) (0.614479, 0.468213) (1.02932, -0.00748876) (-0.996149, -0.598514) 
(-0.394215, -0.293477) (-1.39075, -0.93308) (1.34285, 0.824194) (0.630768, 0.482502) (1.02478, -0.037141) (-0.999442, -0.570378) 
(-0.427099, -0.300889) (-1.5009, -0.892618) (1.4029, 0.771641) (0.648269, 0.485673) (1.0205, -0.0581924) (-1.00245, -0.539631) 
(-0.454758, -0.298858) (-1.60039, -0.853163) (1.47241, 0.748267) (0.664522, 0.491287) (1.00469, -0.083807) (-1.01322, -0.50967) 
(-0.48497, -0.291367) (-1.69465, -0.808494) (1.53952, 0.725908) (0.683593, 0.49102) (0.989922, -0.110948) (-1.0264, -0.487706) 
(-0.510756, -0.281028) (-1.7824, -0.75958) (1.60683, 0.702833) (0.705432, 0.493002) (0.971689, -0.136504) (-1.03388, -0.479628) 
(-0.54022, -0.267505) (-1.88361, -0.699998) (1.68788, 0.680814) (0.728339, 0.494401) (0.954608, -0.167847) (-1.04553, -0.475142) 
(-0.568213, -0.251698) (-1.98479, -0.645392) (1.77245, 0.670812) (0.753226, 0.498751) (0.937296, -0.203746) (-1.06575, -0.457336) 
(-0.600608, -0.238885) (-2.08782, -0.601779) (1.86823, 0.649999) (0.78171, 0.503721) (0.919164, -0.24272) (-1.08966, -0.436453) 
(-0.631279, -0.229678) (-2.17571, -0.564594) (1.96309, 0.616635) (0.81233, 0.509316) (0.904891, -0.284113) (-1.11151, -0.41802) 
(-0.656476, -0.226492) (-2.24818, -0.538195) (2.02435, 0.595074) (0.837488, 0.514149) (0.890887, -0.318307) (-1.12932, -0.400709) 
(-0.682879, -0.229486) (-2.35235, -0.510688) (2.06017, 0.582862) (0.873967, 0.516845) (0.872689, -0.371114) (-1.15574, -0.381079) 
(-0.699362, -0.236659) (-2.42105, -0.499589) (2.07617, 0.579743) (0.898233, 0.516929) (0.858423, -0.404295) (-1.17769, -0.36809) 
(-0.726656, -0.245822) (-2.50182, -0.472241) (2.07689, 0.58616) (0.938658, 0.513818) (0.83738, -0.454459) (-1.21039, -0.35296) 
(-0.756512, -0.248483) (-2.55877, -0.440385) (2.06235, 0.597876) (0.976863, 0.512833) (0.816203, -0.504425) (-1.23676, -0.349399) 
(-0.791532, -0.245536) (-2.6132, -0.408135) (2.03535, 0.603303) (1.00873, 0.512902) (0.791093, -0.560715) (-1.2679, -0.343212) 
(-0.81633, -0.240233) (-2.6571, -0.37571) (2.02972, 0.597803) (1.0373, 0.52114) (0.770863, -0.606526) (-1.2951, -0.334037) 
(-0.84118, -0.229056) (-2.6984, -0.334734) (2.02376, 0.580354) (1.06429, 0.527287) (0.747285, -0.658528) (-1.33443, -0.324218) 
(-0.866853, -0.214823) (-2.73906, -0.289456) (2.01345, 0.547667) (1.09048, 0.531267) (0.725031, -0.712416) (-1.37701, -0.313191) 
(-0.896801, -0.200135) (-2.78038, -0.244832) (2.01134, 0.504676) (1.11492, 0.536057) (0.700749, -0.769822) (-1.41652, -0.302073) 
(-0.928721, -0.193947) (-2.81769, -0.215306) (2.01061, 0.479222) (1.13497, 0.548377) (0.678709, -0.819301) (-1.44099, -0.286043) 
(-0.973723, -0.198221) (-2.84952, -0.197647) (2.01572, 0.46161) (1.16842, 0.563559) (0.652274, -0.882346) (-1.47283, -0.262283) 
(-1.00355, -0.203033) (-2.86846, -0.191819) (2.03266, 0.453654) (1.1892, 0.575672) (0.632876, -0.929201) (-1.49065, -0.242072) 
(-1.03886, -0.214773) (-2.88258, -0.195512) (2.05229, 0.458039) (1.21913, 0.589413) (0.60969, -0.985186) (-1.51162, -0.215334) 
(-1.07143, -0.227747) (-2.89005, -0.198634) (2.06301, 0.470535) (1.25188, 0.601961) (0.585086, -1.03936) (-1.53147, -0.183535) 
(-1.10483, -0.235767) (-2.89714, -0.198297) (2.06916, 0.475808) (1.29041, 0.611315) (0.56038, -1.09878) (-1.54035, -0.152871) 
(-1.13065, -0.238555) (-2.89812, -0.198119) (2.07916, 0.481393) (1.33415, 0.623725) (0.535458, -1.15759) (-1.54833, -0.125216) 
(-1.14479, -0.234139) (-2.89523, -0.198105) (2.08469, 0.487406) (1.36517, 0.632494) (0.515945, -1.19813) (-1.55794, -0.108516) 
(-1.17234, -0.218954) (-2.89051, -0.198954) (2.08546, 0.49626) (1.40661, 0.647995) (0.486363, -1.26677) (-1.56507, -0.0984683) 
(-1.19066, -0.212208) (-2.88458, -0.199533) (2.09174, 0.499953) (1.43232, 0.660244) (0.467239, -1.31176) (-1.57843, -0.0913583) 
(-1.2175, -0.209127) (-2.87294, -0.20115) (2.09399, 0.504792) (1.46905, 0.680346) (0.443491, -1.36815) (-1.59277, -0.0796116) 
(-1.25261, -0.213771) (-2.85898, -0.202206) (2.07717, 0.506608) (1.50641, 0.700994) (0.417994, -1.4279) (-1.60918, -0.077224) 
(-1.28708, -0.221564) (-2.85043, -0.203635) (2.06951, 0.500973) (1.54221, 0.72218) (0.39463, -1.48292) (-1.62389, -0.0767746) 
(-1.32787, -0.239796) (-2.84245, -0.204956) (2.06863, 0.483065) (1.58094, 0.750371) (0.370164, -1.5426) (-1.64228, -0.0766832) 
(-1.35857, -0.257366) (-2.84014, -0.204468) (2.08082, 0.447498) (1.60803, 0.772699) (0.348294, -1.59299) (-1.66272, -0.0764244) 
(-1.38624, -0.272979) (-2.83892, -0.204458) (2.09754, 0.402862) (1.63577, 0.797199) (0.326463, -1.64269) (-1.68673, -0.0720874) 
(-1.42157, -0.28363) (-2.83429, -0.206876) (2.10577, 0.335444) (1.67359, 0.832279) (0.300527, -1.7054) (-1.71312, -0.0647697) 
(-1.4425, -0.28434) (-2.83128, -0.208932) (2.10769, 0.296606) (1.69969, 0.855674) (0.280219, -1.75355) (-1.72473, -0.0533228) 
(-1.46244, -0.279086) (-2.83226, -0.2089) (2.11617, 0.274705) (1.73343, 0.869013) (0.258832, -1.80256) (-1.73665, -0.0435514) 
(-1.48467, -0.268814) (-2.83279, -0.20861) (2.12737, 0.247515) (1.77135, 0.881112) (0.235492, -1.85568) (-1.75235, -0.0253055) 
(-1.50762, -0.260833) (-2.82823, -0.206555) (2.13204, 0.237683) (1.80519, 0.885057) (0.213913, -1.9065) (-1.7647, -0.00826944) 
(-1.53591, -0.259493) (-2.82049, -0.203679) (2.13604, 0.263225) (1.83766, 0.880825) (0.192649, -1.95696) (-1.77833, 0.0136422) 
(-1.56137, -0.263168) (-2.81359, -0.205894) (2.1376, 0.268978) (1.8658, 0.874905) (0.174428, -1.99968) (-1.78989, 0.0308489) 
(-1.58999, -0.270974) (-2.80727, -0.21262) (2.13535, 0.268268) (1.88813, 0.863638) (0.165713, -2.0213) (-1.80408, 0.0504448) 
(-1.62518, -0.291569) (-2.80512, -0.222029) (2.13372, 0.268875) (1.91749, 0.851224) (0.166358, -2.02007) (-1.82406, 0.0769557) 
(-1.66381, -0.31963) (-2.8072, -0.232254) (2.13253, 0.27109) (1.94704, 0.838625) (0.166925, -2.01782) (-1.8437, 0.10586) 
(-1.70169, -0.347845) (-2.81138, -0.242319) (2.12549, 0.267923) (1.98209, 0.827485) (0.165961, -2.02007) (-1.85813, 0.132198) 
(-1.73081, -0.361508) (-2.81448, -0.245672) (2.11356, 0.262639) (2.01459, 0.820275) (0.166719, -2.01888) (-1.86482, 0.158553) 
(-1.75968, -0.363648) (-2.81523, -0.247591) (2.10033, 0.257716) (2.05096, 0.813275) (0.166191, -2.01934) (-1.86789, 0.186702) 
(-1.78645, -0.357596) (-2.81434, -0.247292) (2.09273, 0.254151) (2.08167, 0.811414) (0.166767, -2.019) (-1.86674, 0.21077) 
(-1.82438, -0.340451) (-2.81183, -0.245806) (2.08882, 0.246085) (2.12866, 0.807461) (0.166471, -2.01912) (-1.8588, 0.239334) 
(-1.84931, -0.321505) (-2.81184, -0.244033) (2.08857, 0.235232) (2.16658, 0.803128) (0.166371, -2.01918) (-1.84874, 0.259345) 
(-1.86881, -0.298505) (-2.81236, -0.241264) (2.09155, 0.219819) (2.19868, 0.797741) (0.166707, -2.019) (-1.83452, 0.277318) 
(-1.88459, -0.277626) (-2.81116, -0.239395) (2.09961, 0.201906) (2.23469, 0.787355) (0.166541, -2.01902) (-1.82043, 0.292778) 
(-1.90643, -0.264987) (-2.80894, -0.23765) (2.11091, 0.184638) (2.2606, 0.7703) (0.166466, -2.01903) (-1.80798, 0.305399) 
(-1.93031, -0.262991) (-2.806, -0.231905) (2.11813, 0.178474) (2.28263, 0.753245) (0.166642, -2.01899) (-1.79365, 0.325865) 
(-1.95935, -0.26876) (-2.80582, -0.224484) (2.11651, 0.188431) (2.30182, 0.728609) (0.16659, -2.01899) (-1.77283, 0.353876) 
(-1.98511, -0.279685) (-2.80495, -0.223197) (2.1125, 0.204633) (2.32094, 0.71065) (0.166504, -2.01901) (-1.75618, 0.3781) 
(-2.01799, -0.293589) (-2.80315, -0.222621) (2.10951, 0.231589) (2.34918, 0.682733) (0.166547, -2.019) (-1.73608, 0.407561) 
(-2.043, -0.302049) (-2.80223, -0.22235) (2.10534, 0.25576) (2.36891, 0.664394) (0.16662, -2.01899) (-1.71557, 0.432856) 
(-2.06232, -0.305235) (-2.8024, -0.222643) (2.10076, 0.276164) (2.39339, 0.655361) (0.16656, -2.01899) (-1.69192, 0.457532) 
(-2.07643, -0.299634) (-2.80365, -0.221928) (2.09719, 0.296134) (2.40917, 0.644798) (0.166552, -2.01899) (-1.66036, 0.486718) 
(-2.09337, -0.285805) (-2.80497, -0.221824) (2.09528, 0.31707) (2.40894, 0.648247) (0.166582, -2.01896) (-1.62623, 0.519375) 
(-2.10542, -0.269012) (-2.80422, -0.221412) (2.0952, 0.33027) (2.40557, 0.649074) (0.166579, -2.01898) (-1.59867, 0.544429) 
(-2.11407, -0.247644) (-2.80226, -0.222059) (2.09541, 0.335997) (2.40853, 0.648702) (0.166564, -2.019) (-1.56325, 0.57883) 
(-2.1203, -0.230266) (-2.79981, -0.222278) (2.09594, 0.32698) (2.40677, 0.648305) (0.166565, -2.01898) (-1.53613, 0.608726) 
(-2.12588, -0.213652) (-2.79701, -0.222367) (2.10248, 0.299823) (2.40763, 0.648723) (0.166585, -2.01898) (-1.50314, 0.64474) 
(-2.13176, -0.205393) (-2.79435, -0.223197) (2.11873, 0.263048) (2.40703, 0.648541) (0.16658, -2.01897) (-1.47137, 0.681513) 
(-2.1358, -0.20322) (-2.79205, -0.224174) (2.13626, 0.229569) (2.40736, 0.648546) (0.166583, -2.01898) (-1.43884, 0.717083) 
(-2.14225, -0.206475) (-2.78993, -0.225724) (2.15366, 0.200669) (2.40728, 0.648761) (0.166586, -2.01898) (-1.40223, 0.75597) 
(-2.14749, -0.209341) (-2.78912, -0.226871) (2.17031, 0.178347) (2.40719, 0.648463) (0.166586, -2.01899) (-1.36197, 0.799515) 
(-2.14993, -0.210055) (-2.78854, -0.228501) (2.18543, 0.16317) (2.4072, 0.648515) (0.166566, -2.01898) (-1.31996, 0.84395) 
(-2.14935, -0.212905) (-2.78885, -0.229691) (2.19834, 0.154643) (2.4072, 0.648651) (0.166582, -2.01897) (-1.28217, 0.882465) 
(-2.14858, -0.215554) (-2.78957, -0.230378) (2.21077, 0.149351) (2.40716, 0.648476) (0.166583, -2.01897) (-1.24827, 0.918625) 
(-2.14994, -0.217933) (-2.79157, -0.230554) (2.22295, 0.14477) (2.40717, 0.648625) (0.166592, -2.01897) (-1.20977, 0.959484) 
(-2.15428, -0.219156) (-2.79399, -0.230555) (2.23275, 0.141591) (2.40722, 0.648564) (0.166562, -2.01896) (-1.17604, 0.996429) 
(-2.15557, -0.219773) (-2.79626, -0.231724) (2.24215, 0.138793) (2.40715, 0.648542) (0.166599, -2.01897) (-1.14094, 1.03322) 
(-2.15463, -0.220084) (-2.79802, -0.232853) (2.25143, 0.135653) (2.4072, 0.648622) (0.166586, -2.01895) (-1.10592, 1.07182) 
(-2.15535, -0.21894) (-2.79927, -0.234515) (2.26254, 0.132793) (2.40724, 0.648602) (0.166591, -2.01897) (-1.07368, 1.11302) 
(-2.15677, -0.218089) (-2.79982, -0.237889) (2.27798, 0.130743) (2.40715, 0.648558) (0.166615, -2.01896) (-1.03428, 1.15487) 
(-2.15779, -0.217687) (-2.80006, -0.242371) (2.29507, 0.130149) (2.40716, 0.648596) (0.166562, -2.01895) (-0.995999, 1.19847) 
(-2.15865, -0.217668) (-2.80107, -0.246742) (2.3097, 0.131169) (2.40714, 0.648561) (0.166584, -2.01895) (-0.960134, 1.23807) 
(-2.15751, -0.218007) (-2.80207, -0.249531) (2.32643, 0.132862) (2.40713, 0.648577) (0.166586, -2.01893) (-0.91959, 1.28233) 
(-2.15549, -0.218203) (-2.79998, -0.253413) (2.34039, 0.134369) (2.40716, 0.648577) (0.166586, -2.01896) (-0.885782, 1.32107) 
(-2.15366, -0.218962) (-2.79656, -0.257855) (2.35212, 0.137575) (2.40715, 0.648555) (0.166613, -2.01894) (-0.845495, 1.36498) 
(-2.15269, -0.221099) (-2.79419, -0.262663) (2.35483, 0.141846) (2.40714, 0.648577) (0.16662, -2.01895) (-0.808531, 1.40608) 
(-2.15086, -0.225889) (-2.79099, -0.267027) (2.34523, 0.1477) (2.40715, 0.648589) (0.166572, -2.01896) (-0.770629, 1.44577) 
(-2.14737, -0.23223) (-2.79151, -0.266681) (2.32291, 0.156861) (2.40715, 0.648581) (0.166629, -2.01896) (-0.734371, 1.48731) 
(-2.14418, -0.238964) (-2.79657, -0.274364) (2.29716, 0.168933) (2.40715, 0.648577) (0.166605, -2.01895) (-0.699485, 1.52508) 
(-2.14087, -0.246362) (-2.81202, -0.281492) (2.27573, 0.184414) (2.40713, 0.648571) (0.166562, -2.01895) (-0.661424, 1.56675) 
(-2.13823, -0.251831) (-2.83246, -0.277964) (2.2609, 0.202309) (2.40714, 0.648581) (0.1666, -2.01896) (-0.62118, 1.60799) 
(-2.1358, -0.255376) (-2.845, -0.265199) (2.23838, 0.224686) (2.40712, 0.648569) (0.166561, -2.01895) (-0.577257, 1.65433) 
(-2.13352, -0.259167) (-2.85032, -0.252764) (2.21788, 0.24413) (2.40713, 0.648571) (0.166592, -2.01896) (-0.539395, 1.69656) 
(-2.13192, -0.267235) (-2.85149, -0.23262) (2.20544, 0.258676) (2.40713, 0.648589) (0.166592, -2.01894) (-0.506188, 1.73284) 
(-2.13359, -0.281463) (-2.84779, -0.211843) (2.1926, 0.27458) (2.40713, 0.648562) (0.166613, -2.01893) (-0.472447, 1.77083) 
(-2.14156, -0.304983) (-2.84073, -0.198576) (2.16856, 0.300146) (2.40712, 0.648588) (0.166564, -2.01894) (-0.432742, 1.81694) 
(-2.15403, -0.329807) (-2.83457, -0.199476) (2.14515, 0.32414) (2.40714, 0.648555) (0.166608, -2.01895) (-0.394221, 1.8603) 
(-2.16814, -0.34959) (-2.83143, -0.206564) (2.13004, 0.326835) (2.40712, 0.648585) (0.166566, -2.01894) (-0.351399, 1.90703) 
(-2.18421, -0.362128) (-2.82993, -0.213243) (2.12955, 0.30505) (2.40712, 0.648559) (0.166589, -2.01895) (-0.312496, 1.94921) 
(-2.19243, -0.367834) (-2.82903, -0.21905) (2.12973, 0.279879) (2.40712, 0.648589) (0.166604, -2.01895) (-0.278116, 1.98796) 
(-2.18946, -0.374516) (-2.82814, -0.225373) (2.12959, 0.247486) (2.40711, 0.64859) (0.166592, -2.01895) (-0.240062, 2.03098) 
(-2.18178, -0.386507) (-2.82691, -0.230855) (2.12789, 0.205641) (2.40712, 0.648578) (0.166623, -2.01894) (-0.199069, 2.07885) 
(-2.17189, -0.396271) (-2.82601, -0.234675) (2.12556, 0.162281) (2.40715, 0.648567) (0.166603, -2.01894) (-0.162691, 2.11924) 
(-2.15851, -0.400693) (-2.82441, -0.238785) (2.1196, 0.107399) (2.40712, 0.648554) (0.166587, -2.01895) (-0.126298, 2.16255) 
(-2.14549, -0.401249) (-2.82231, -0.243008) (2.11159, 0.0575342) (2.40709, 0.648515) (0.166613, -2.01893) (-0.0894316, 2.20408) 
(-2.13264, -0.396751) (-2.81985, -0.246794) (2.10623, 0.031558) (2.4071, 0.648507) (0.166598, -2.01894) (-0.0557909, 2.24345) 
(-2.11859, -0.396971) (-2.81667, -0.250928) (2.10975, 0.0200041) (2.4071, 0.64849) (0.166592, -2.01895) (-0.0166688, 2.28698) 
