(1.31075, -0.28521) (2.47218, -0.275667) (-2.43611, 0.593959) (-1.64906, 0.612797) (-0.132102, 2.57794) (-0.191687, -1.89949) 
(1.31064, -0.285049) (2.47344, -0.285139) (-2.43458, 0.586527) (-1.64907, 0.612791) (-0.132108, 2.57793) (-0.191658, -1.89947) 
(1.31098, -0.284647) (2.47418, -0.293867) (-2.43101, 0.582491) (-1.6491, 0.612778) (-0.132105, 2.57793) (-0.191666, -1.89947) 
(1.31163, -0.285147) (2.47256, -0.30132) (-2.42743, 0.578736) (-1.64906, 0.612787) (-0.132142, 2.57792) (-0.191694, -1.89949) 
(1.31165, -0.285539) (2.47236, -0.304088) (-2.42668, 0.576264) (-1.64718, 0.612761) (-0.133113, 2.56722) (-0.191767, -1.90136) 
(1.30896, -0.286156) (2.47277, -0.305531) (-2.42348, 0.574089) (-1.58744, 0.609259) (-0.137033, 2.52583) (-0.194118, -1.86019) 
(1.3026, -0.287099) (2.47089, -0.309956) (-2.41283, 0.566664) (-1.51953, 0.601584) (-0.134439, 2.48911) (-0.202715, -1.82641) 
(1.28819, -0.288395) (2.46666, -0.315577) (-2.40225, 0.560773) (-1.48821, 0.602329) (-0.127339, 2.45948) (-0.21167, -1.80562) 
(1.25252, -0.291899) (2.46077, -0.323356) (-2.3888, 0.559703) (-1.43318, 0.595844) (-0.117172, 2.42764) (-0.226469, -1.77107) 
(1.21283, -0.285559) (2.4529, -0.323872) (-2.37984, 0.564391) (-1.38393, 0.590397) (-0.104674, 2.40474) (-0.239333, -1.73398) 
(1.16391, -0.275753) (2.43731, -0.319014) (-2.37149, 0.576404) (-1.33387, 0.58766) (-0.0828404, 2.37856) (-0.24745, -1.7024) 
(1.09579, -0.25437) (2.40775, -0.306316) (-2.36281, 0.594933) (-1.2803, 0.58351) (-0.0618731, 2.35093) (-0.24997, -1.6698) 
(1.03079, -0.224812) (2.37099, -0.294508) (-2.35118, 0.611545) (-1.23256, 0.579814) (-0.0421086, 2.32504) (-0.252779, -1.63738) 
(0.948079, -0.182554) (2.31261, -0.292126) (-2.32559, 0.621567) (-1.17662, 0.576883) (-0.0212223, 2.28981) (-0.259349, -1.60053) 
(0.886599, -0.150664) (2.26132, -0.299274) (-2.29781, 0.619903) (-1.13279, 0.574068) (-0.00590122, 2.26083) (-0.267906, -1.57531) 
(0.830852, -0.122283) (2.20207, -0.31546) (-2.26172, 0.608751) (-1.08869, 0.572737) (0.0081818, 2.23009) (-0.27541, -1.5526) 
(0.776334, -0.0963414) (2.13719, -0.338575) (-2.21916, 0.588198) (-1.04322, 0.57125) (0.0232575, 2.19959) (-0.279546, -1.52399) 
(0.692009, -0.0632547) (2.02894, -0.37718) (-2.14769, 0.53524) (-0.978485, 0.570565) (0.0441732, 2.15378) (-0.286074, -1.47231) 
(0.626926, -0.0447976) (1.95614, -0.395803) (-2.0906, 0.492894) (-0.935996, 0.571425) (0.0593662, 2.1177) (-0.283754, -1.43803) 
(0.558922, -0.033193) (1.88854, -0.400211) (-2.03675, 0.461918) (-0.898359, 0.584928) (0.0774198, 2.08134) (-0.280152, -1.40116) 
(0.478026, -0.0167927) (1.81104, -0.398402) (-1.97246, 0.441392) (-0.85258, 0.604525) (0.0958338, 2.04369) (-0.27438, -1.36465) 
(0.413186, 0.00230225) (1.74044, -0.390925) (-1.91121, 0.432178) (-0.823283, 0.626649) (0.111774, 2.01233) (-0.27332, -1.3286) 
(0.340582, 0.0318511) (1.65128, -0.373277) (-1.83019, 0.429038) (-0.7922, 0.650569) (0.126556, 1.97857) (-0.274508, -1.28812) 
(0.280338, 0.0672943) (1.5646, -0.353992) (-1.76031, 0.433905) (-0.764376, 0.666247) (0.148262, 1.94781) (-0.28057, -1.25656) 
(0.222288, 0.107452) (1.47411, -0.336249) (-1.69672, 0.43801) (-0.73616, 0.673844) (0.170618, 1.91422) (-0.286128, -1.22824) 
(0.170362, 0.152662) (1.38231, -0.325919) (-1.6321, 0.427109) (-0.704748, 0.68156) (0.191648, 1.89745) (-0.290247, -1.20297) 
(0.115662, 0.200465) (1.29185, -0.319371) (-1.5629, 0.402567) (-0.670315, 0.690043) (0.209542, 1.87104) (-0.287136, -1.17424) 
(0.0768014, 0.23315) (1.21949, -0.316871) (-1.50089, 0.371444) (-0.64099, 0.700249) (0.224547, 1.84928) (-0.279238, -1.15294) 
(0.0350708, 0.260722) (1.12899, -0.31785) (-1.42377, 0.322036) (-0.614203, 0.708532) (0.233363, 1.8181) (-0.270065, -1.12937) 
(0.000847529, 0.275006) (1.05358, -0.328922) (-1.35728, 0.272078) (-0.596696, 0.727006) (0.247683, 1.78468) (-0.259735, -1.106) 
(-0.0257284, 0.281197) (0.988103, -0.341591) (-1.29901, 0.230763) (-0.581031, 0.738007) (0.259776, 1.75251) (-0.252224, -1.08548) 
(-0.0557148, 0.280888) (0.902496, -0.355129) (-1.20868, 0.190045) (-0.569745, 0.761206) (0.279279, 1.70568) (-0.247775, -1.06238) 
(-0.0735251, 0.280836) (0.846628, -0.357145) (-1.14628, 0.176114) (-0.555982, 0.781045) (0.296609, 1.68055) (-0.245568, -1.04817) 
(-0.0900179, 0.283284) (0.784986, -0.348619) (-1.07604, 0.171722) (-0.53732, 0.806663) (0.309452, 1.64805) (-0.248103, -1.03243) 
(-0.104523, 0.288604) (0.7413, -0.336321) (-1.02148, 0.177897) (-0.522945, 0.825184) (0.321992, 1.62521) (-0.24688, -1.01257) 
(-0.124181, 0.293568) (0.703042, -0.318548) (-0.962651, 0.193453) (-0.502922, 0.836473) (0.32519, 1.60006) (-0.242313, -0.996441) 
(-0.135945, 0.283214) (0.668483, -0.295603) (-0.903625, 0.208141) (-0.483193, 0.844265) (0.331261, 1.5619) (-0.233092, -0.976616) 
(-0.147824, 0.266742) (0.638482, -0.275167) (-0.851859, 0.214729) (-0.464348, 0.851836) (0.326577, 1.5339) (-0.220842, -0.960986) 
(-0.166744, 0.236825) (0.596003, -0.262205) (-0.801334, 0.216933) (-0.441928, 0.861111) (0.330897, 1.49931) (-0.201237, -0.940803) 
(-0.186724, 0.200016) (0.551972, -0.271016) (-0.762086, 0.216264) (-0.422398, 0.870006) (0.328666, 1.47174) (-0.180395, -0.924533) 
(-0.2092, 0.164731) (0.513495, -0.300805) (-0.743019, 0.223343) (-0.406197, 0.88054) (0.332857, 1.44626) (-0.159807, -0.911781) 
(-0.232653, 0.126478) (0.489998, -0.35856) (-0.744037, 0.250565) (-0.38858, 0.891475) (0.337085, 1.41707) (-0.142415, -0.899793) 
(-0.259084, 0.0966384) (0.487019, -0.420004) (-0.753711, 0.288572) (-0.374284, 0.903569) (0.341323, 1.39201) (-0.128571, -0.88812) 
(-0.287894, 0.0776621) (0.500218, -0.489659) (-0.765352, 0.325928) (-0.35924, 0.914316) (0.346897, 1.36499) (-0.11826, -0.87617) 
(-0.315636, 0.0725339) (0.524762, -0.575549) (-0.748132, 0.374308) (-0.342541, 0.926918) (0.352212, 1.33158) (-0.115771, -0.861995) 
(-0.354326, 0.0789978) (0.543335, -0.657144) (-0.716506, 0.412318) (-0.326987, 0.938209) (0.36535, 1.3035) (-0.111298, -0.846241) 
(-0.40612, 0.0976191) (0.541977, -0.729277) (-0.665188, 0.445031) (-0.311781, 0.949263) (0.374985, 1.26839) (-0.111064, -0.829729) 
(-0.455962, 0.102399) (0.532942, -0.782067) (-0.6118, 0.476457) (-0.297376, 0.958505) (0.380192, 1.23507) (-0.112582, -0.817104) 
(-0.532014, 0.0854673) (0.510447, -0.837512) (-0.548915, 0.512254) (-0.27594, 0.971394) (0.387128, 1.19159) (-0.117947, -0.801432) 
(-0.581305, 0.0721916) (0.484069, -0.868663) (-0.504481, 0.510551) (-0.262151, 0.979763) (0.387046, 1.1638) (-0.122471, -0.791112) 
(-0.632734, 0.0534896) (0.430896, -0.903848) (-0.435232, 0.502869) (-0.241402, 0.992692) (0.393842, 1.12732) (-0.131625, -0.778164) 
(-0.663534, 0.013089) (0.363591, -0.938928) (-0.379667, 0.496248) (-0.220956, 1.00934) (0.406351, 1.08371) (-0.143213, -0.761844) 
(-0.696408, -0.0138691) (0.309097, -0.967072) (-0.319409, 0.490843) (-0.206291, 1.02618) (0.420567, 1.0492) (-0.155333, -0.746773) 
(-0.748441, -0.0327798) (0.254055, -1.00442) (-0.233585, 0.457107) (-0.18737, 1.04597) (0.438461, 1.02133) (-0.1686, -0.728901) 
(-0.788237, -0.0476095) (0.185171, -1.05289) (-0.153456, 0.368759) (-0.162626, 1.06748) (0.454136, 0.990212) (-0.180145, -0.70437) 
(-0.826083, -0.0562078) (0.116853, -1.09514) (-0.095784, 0.278518) (-0.142919, 1.08047) (0.466772, 0.968885) (-0.187401, -0.687794) 
(-0.88609, -0.0665255) (0.025288, -1.14189) (-0.0158752, 0.18245) (-0.11709, 1.09129) (0.476558, 0.941377) (-0.18598, -0.663308) 
(-0.931027, -0.0710167) (-0.0385934, -1.1681) (0.0418676, 0.119758) (-0.0981258, 1.09843) (0.484805, 0.924473) (-0.189378, -0.643747) 
(-1.01788, -0.0711834) (-0.141483, -1.17706) (0.140939, 0.0516946) (-0.0572726, 1.11258) (0.488497, 0.899432) (-0.192193, -0.611667) 
(-1.08135, -0.0652373) (-0.2076, -1.16466) (0.201818, 0.0233373) (-0.0298069, 1.12062) (0.488222, 0.879052) (-0.194487, -0.593199) 
(-1.16791, -0.0615928) (-0.286565, -1.1414) (0.287101, -0.00812744) (0.00388809, 1.13342) (0.485992, 0.846746) (-0.20135, -0.566519) 
(-1.2419, -0.0565531) (-0.369356, -1.10561) (0.390406, -0.0443534) (0.0388097, 1.14876) (0.480107, 0.817574) (-0.210736, -0.538325) 
(-1.32085, -0.0524219) (-0.456561, -1.06151) (0.507411, -0.0790789) (0.0740389, 1.16621) (0.481301, 0.784095) (-0.224189, -0.507275) 
(-1.39532, -0.0539732) (-0.546273, -1.01751) (0.612219, -0.112071) (0.110383, 1.18632) (0.485921, 0.752754) (-0.237374, -0.473486) 
(-1.47397, -0.0589288) (-0.645508, -0.977832) (0.712054, -0.151131) (0.153837, 1.21063) (0.491086, 0.71541) (-0.250006, -0.432586) 
(-1.52957, -0.0631707) (-0.729009, -0.946782) (0.795257, -0.187042) (0.186337, 1.22764) (0.499795, 0.687579) (-0.257442, -0.402272) 
(-1.60238, -0.0599991) (-0.826423, -0.912534) (0.909557, -0.237215) (0.231182, 1.23859) (0.501359, 0.6605) (-0.255306, -0.363203) 
(-1.6581, -0.0508452) (-0.910026, -0.889202) (1.00678, -0.280926) (0.263123, 1.24426) (0.501669, 0.631919) (-0.252212, -0.328178) 
(-1.72126, -0.0336086) (-1.00505, -0.868056) (1.11159, -0.319622) (0.296699, 1.23981) (0.497767, 0.600073) (-0.244892, -0.29525) 
(-1.789, -0.00743554) (-1.09954, -0.853975) (1.21859, -0.321985) (0.326027, 1.23361) (0.484272, 0.566367) (-0.237968, -0.262657) 
(-1.85567, 0.0242325) (-1.18351, -0.834835) (1.31289, -0.302759) (0.352104, 1.21748) (0.473381, 0.527057) (-0.229806, -0.223041) 
(-1.91939, 0.0521333) (-1.26638, -0.80837) (1.41306, -0.269378) (0.383471, 1.19806) (0.461606, 0.481801) (-0.221928, -0.181208) 
(-1.9743, 0.0706468) (-1.33354, -0.781136) (1.50399, -0.227765) (0.41259, 1.18136) (0.454568, 0.441573) (-0.219344, -0.141627) 
(-2.02511, 0.0821795) (-1.40142, -0.749927) (1.59257, -0.172593) (0.437836, 1.16429) (0.448356, 0.40015) (-0.215739, -0.102661) 
(-2.0873, 0.0883662) (-1.48157, -0.704973) (1.67474, -0.115023) (0.474363, 1.15131) (0.442519, 0.345796) (-0.212345, -0.051901) 
(-2.14497, 0.0863528) (-1.55259, -0.657889) (1.72629, -0.0803664) (0.507303, 1.13977) (0.440748, 0.293424) (-0.209976, -0.00423811) 
(-2.20372, 0.0786495) (-1.62542, -0.612455) (1.77237, -0.0458083) (0.543463, 1.13203) (0.436501, 0.236796) (-0.205505, 0.0520132) 
(-2.24737, 0.0736331) (-1.68978, -0.583822) (1.81571, -0.0123333) (0.575273, 1.12408) (0.434026, 0.189343) (-0.198182, 0.101529) 
(-2.28495, 0.0725038) (-1.7569, -0.564507) (1.86371, 0.0203885) (0.613991, 1.11547) (0.429952, 0.141163) (-0.191146, 0.14674) 
(-2.31242, 0.0697508) (-1.81699, -0.555819) (1.92091, 0.0553756) (0.646831, 1.10761) (0.423598, 0.0920164) (-0.185147, 0.187901) 
(-2.33867, 0.0675205) (-1.89733, -0.548302) (2.00111, 0.100865) (0.686569, 1.08969) (0.415669, 0.0253111) (-0.174716, 0.251263) 
(-2.3574, 0.0717984) (-1.96807, -0.540449) (2.058, 0.128725) (0.726007, 1.07195) (0.410218, -0.0269467) (-0.168362, 0.303357) 
(-2.37949, 0.0792311) (-2.05096, -0.530858) (2.11792, 0.14091) (0.771164, 1.05226) (0.402652, -0.0888531) (-0.161543, 0.359465) 
(-2.39641, 0.0902732) (-2.12395, -0.524043) (2.17566, 0.135741) (0.814265, 1.03267) (0.393088, -0.145965) (-0.155442, 0.413197) 
(-2.4114, 0.103589) (-2.18235, -0.522746) (2.22834, 0.120002) (0.857778, 1.01741) (0.384007, -0.202298) (-0.148992, 0.468382) 
(-2.42656, 0.113781) (-2.22458, -0.529079) (2.27378, 0.0971889) (0.899528, 1.00317) (0.376177, -0.260858) (-0.143525, 0.525064) 
(-2.44268, 0.124914) (-2.25738, -0.556734) (2.30888, 0.0850712) (0.948054, 0.988494) (0.36752, -0.322009) (-0.136954, 0.585185) 
(-2.4656, 0.134008) (-2.28031, -0.595692) (2.34126, 0.0954455) (0.996061, 0.974617) (0.360744, -0.375834) (-0.131175, 0.634856) 
(-2.49646, 0.14693) (-2.30367, -0.653604) (2.36826, 0.125248) (1.04437, 0.961787) (0.354179, -0.435185) (-0.123482, 0.690937) 
(-2.5283, 0.165175) (-2.32396, -0.721706) (2.38893, 0.168935) (1.10196, 0.943056) (0.347871, -0.494) (-0.117004, 0.747442) 
(-2.56415, 0.176767) (-2.3403, -0.789867) (2.3985, 0.219498) (1.15842, 0.926744) (0.340514, -0.551772) (-0.111099, 0.8013) 
(-2.59329, 0.183162) (-2.36021, -0.857818) (2.38659, 0.26721) (1.21079, 0.908892) (0.333047, -0.613877) (-0.103649, 0.859367) 
(-2.61581, 0.182011) (-2.37564, -0.900119) (2.37019, 0.294307) (1.25403, 0.886952) (0.326663, -0.667633) (-0.0966205, 0.910555) 
(-2.63423, 0.180448) (-2.39858, -0.937234) (2.35625, 0.308986) (1.2966, 0.864689) (0.319506, -0.724518) (-0.0900341, 0.969113) 
(-2.64742, 0.178153) (-2.42528, -0.959959) (2.35328, 0.30711) (1.32975, 0.845668) (0.31149, -0.777508) (-0.08355, 1.02296) 
(-2.65736, 0.17514) (-2.45961, -0.96933) (2.35745, 0.293205) (1.36653, 0.820905) (0.304356, -0.836127) (-0.0766172, 1.0795) 
(-2.66139, 0.170217) (-2.49368, -0.964884) (2.36418, 0.275246) (1.39986, 0.791126) (0.296914, -0.895653) (-0.0704128, 1.13554) 
(-2.66213, 0.163224) (-2.52372, -0.948348) (2.37395, 0.257601) (1.43498, 0.756509) (0.28891, -0.961565) (-0.063581, 1.1983) 
(-2.65988, 0.154678) (-2.54059, -0.930716) (2.38452, 0.235924) (1.46572, 0.720383) (0.280825, -1.02679) (-0.056746, 1.26108) 
(-2.65793, 0.146902) (-2.54385, -0.925048) (2.39536, 0.214214) (1.48666, 0.692614) (0.274369, -1.08024) (-0.0517505, 1.31331) 
(-2.6577, 0.139272) (-2.54807, -0.933585) (2.40584, 0.187627) (1.50475, 0.66244) (0.267644, -1.13831) (-0.0461353, 1.36897) 
(-2.65986, 0.131996) (-2.54813, -0.953505) (2.41398, 0.156826) (1.52232, 0.631884) (0.258312, -1.20079) (-0.0404241, 1.42969) 
(-2.66252, 0.126161) (-2.54452, -0.975193) (2.42034, 0.131061) (1.54468, 0.60681) (0.251331, -1.25541) (-0.0355305, 1.48182) 
(-2.66397, 0.119513) (-2.53948, -1.00972) (2.42508, 0.104154) (1.5658, 0.588377) (0.243059, -1.31994) (-0.0282934, 1.54209) 
(-2.66334, 0.115098) (-2.54088, -1.04307) (2.4288, 0.0875044) (1.59082, 0.573082) (0.235929, -1.37375) (-0.0229177, 1.59395) 
(-2.6624, 0.112198) (-2.54015, -1.07925) (2.43097, 0.0776867) (1.61592, 0.566053) (0.227695, -1.43376) (-0.0158526, 1.65213) 
(-2.66088, 0.109663) (-2.53697, -1.11523) (2.42625, 0.0726646) (1.64114, 0.559462) (0.219472, -1.49815) (-0.00919081, 1.71474) 
(-2.65941, 0.108314) (-2.53256, -1.13984) (2.41045, 0.0751613) (1.65673, 0.565136) (0.212363, -1.55195) (-0.00322409, 1.76824) 
(-2.65783, 0.106176) (-2.5261, -1.15817) (2.38661, 0.0837222) (1.6827, 0.568781) (0.203712, -1.61623) (0.00422488, 1.83293) 
(-2.65694, 0.104631) (-2.5157, -1.16804) (2.36985, 0.0910054) (1.70326, 0.576525) (0.196676, -1.66928) (0.0110857, 1.88527) 
(-2.65573, 0.104214) (-2.50673, -1.16673) (2.35586, 0.0966367) (1.72836, 0.583252) (0.189578, -1.72789) (0.0176476, 1.944) 
(-2.65532, 0.103145) (-2.5015, -1.1521) (2.3433, 0.100234) (1.76034, 0.590031) (0.18177, -1.78975) (0.0246061, 2.0062) 
(-2.6557, 0.10127) (-2.50245, -1.12784) (2.33199, 0.103514) (1.7868, 0.593782) (0.174079, -1.83991) (0.0304237, 2.05933) 
(-2.65739, 0.100872) (-2.50638, -1.09575) (2.31988, 0.10883) (1.81438, 0.594011) (0.167533, -1.89088) (0.035388, 2.11239) 
(-2.65828, 0.102222) (-2.50972, -1.06291) (2.3055, 0.116181) (1.84381, 0.59411) (0.160615, -1.94081) (0.0418822, 2.16558) 
(-2.65781, 0.108675) (-2.51525, -1.02546) (2.28264, 0.126071) (1.88885, 0.594401) (0.153147, -1.99931) (0.0470559, 2.22768) 
(-2.65699, 0.11809) (-2.52197, -0.998755) (2.25904, 0.130306) (1.93067, 0.596026) (0.14569, -2.04046) (0.0512546, 2.2826) 
(-2.65526, 0.127799) (-2.52296, -0.981846) (2.23621, 0.126215) (1.9673, 0.601172) (0.146593, -2.05212) (0.0558947, 2.32689) 
(-2.65557, 0.136938) (-2.52342, -0.97192) (2.21086, 0.11012) (1.99814, 0.606365) (0.14595, -2.04543) (0.0590628, 2.36442) 
(-2.65584, 0.147511) (-2.52405, -0.967243) (2.18302, 0.071643) (2.0312, 0.624654) (0.146092, -2.0473) (0.0578994, 2.37141) 
(-2.65653, 0.154249) (-2.52212, -0.967028) (2.1682, 0.0315871) (2.05905, 0.640768) (0.146707, -2.0469) (0.058288, 2.35938) 
(-2.65784, 0.159937) (-2.51896, -0.966583) (2.15878, -0.0091667) (2.09128, 0.658022) (0.146317, -2.04623) (0.057729, 2.35962) 
(-2.66022, 0.165727) (-2.51133, -0.96932) (2.14388, -0.0667846) (2.12595, 0.673751) (0.146479, -2.04668) (0.0584047, 2.36803) 
(-2.66179, 0.169526) (-2.50337, -0.972982) (2.13465, -0.115014) (2.1613, 0.681857) (0.146675, -2.04664) (0.0585521, 2.36802) 
(-2.66208, 0.172236) (-2.49853, -0.977953) (2.13131, -0.141142) (2.18638, 0.683057) (0.146448, -2.04652) (0.0584757, 2.36797) 
(-2.66165, 0.174005) (-2.494, -0.986862) (2.13231, -0.154719) (2.21341, 0.681377) (0.146493, -2.04641) (0.0585123, 2.36847) 
(-2.66067, 0.175419) (-2.49168, -0.997641) (2.14016, -0.156826) (2.24181, 0.671867) (0.146524, -2.0465) (0.0585121, 2.36812) 
(-2.65977, 0.176549) (-2.49018, -1.00629) (2.1446, -0.15305) (2.26229, 0.662592) (0.146547, -2.04657) (0.058549, 2.36835) 
(-2.66002, 0.177145) (-2.48877, -1.01658) (2.14477, -0.143022) (2.28845, 0.65209) (0.146561, -2.04653) (0.0585476, 2.36818) 
(-2.65923, 0.177351) (-2.48931, -1.02563) (2.14075, -0.128345) (2.31776, 0.640002) (0.146493, -2.04646) (0.0585109, 2.36823) 
(-2.6575, 0.177183) (-2.48961, -1.03397) (2.13533, -0.110831) (2.34519, 0.631505) (0.146532, -2.04646) (0.0584948, 2.36825) 
(-2.6552, 0.176392) (-2.48916, -1.04252) (2.12459, -0.0979643) (2.38021, 0.624269) (0.146503, -2.0465) (0.0584811, 2.36817) 
(-2.65261, 0.175475) (-2.48828, -1.04669) (2.1113, -0.0980041) (2.40329, 0.623039) (0.146554, -2.04652) (0.0585319, 2.36826) 
