(2.27034, 1.92482) (-2.7744, 1.03109) (2.50467, -1.84441) (-2.31395, 1.97454) (-3.1755, 2.36235) (-2.09073, -1.71079) 
(2.26975, 1.92964) (-2.7744, 1.03109) (2.50486, -1.84254) (-2.31808, 1.97495) (-3.1755, 2.36235) (-2.09075, -1.71082) 
(2.26973, 1.93176) (-2.7744, 1.03109) (2.50565, -1.84251) (-2.28724, 1.97643) (-3.1755, 2.36235) (-2.09073, -1.71078) 
(2.26952, 1.93288) (-2.7744, 1.03109) (2.50566, -1.84407) (-2.26001, 1.97703) (-3.1755, 2.36235) (-2.09626, -1.71056) 
(2.26499, 1.9346) (-2.7744, 1.03109) (2.50533, -1.84675) (-2.23686, 1.97821) (-3.1755, 2.36235) (-2.05643, -1.71374) 
(2.25653, 1.93981) (-2.7744, 1.03109) (2.50276, -1.84908) (-2.21201, 1.97902) (-3.1755, 2.36235) (-1.98765, -1.71245) 
(2.25311, 1.94284) (-2.7744, 1.03109) (2.5013, -1.84918) (-2.20091, 1.97986) (-3.1755, 2.36235) (-1.9654, -1.71011) 
(2.21721, 1.9752) (-2.7744, 1.03109) (2.48876, -1.84251) (-2.13703, 1.98034) (-3.1755, 2.36235) (-1.8866, -1.71166) 
(2.17009, 2.0007) (-2.7744, 1.03109) (2.47268, -1.8336) (-2.09494, 1.98048) (-3.1755, 2.36235) (-1.83586, -1.71001) 
(2.11755, 2.01095) (-2.7744, 1.03109) (2.45098, -1.82699) (-2.05836, 1.98174) (-3.1755, 2.36235) (-1.79185, -1.70787) 
(2.05204, 2.01273) (-2.7744, 1.03109) (2.41503, -1.82378) (-2.01682, 1.98234) (-3.1755, 2.36235) (-1.74069, -1.70376) 
(1.9812, 2.00618) (-2.7744, 1.03109) (2.37206, -1.82498) (-1.97462, 1.98343) (-3.1755, 2.36235) (-1.68989, -1.70155) 
(1.90759, 1.99199) (-2.7744, 1.03109) (2.32316, -1.83115) (-1.92912, 1.98346) (-3.1755, 2.36235) (-1.64454, -1.69972) 
(1.81093, 1.97464) (-2.7744, 1.03109) (2.25426, -1.84433) (-1.87392, 1.98565) (-3.1755, 2.36235) (-1.59353, -1.69939) 
(1.73228, 1.96813) (-2.7744, 1.03109) (2.19587, -1.85762) (-1.82525, 1.98575) (-3.1755, 2.36235) (-1.54929, -1.7005) 
(1.65888, 1.96898) (-2.7744, 1.03109) (2.13806, -1.86751) (-1.77862, 1.98843) (-3.1755, 2.36235) (-1.50059, -1.70061) 
(1.60318, 1.97129) (-2.7744, 1.03109) (2.09549, -1.87139) (-1.74267, 1.98882) (-3.1755, 2.36235) (-1.46327, -1.70133) 
(1.46897, 1.97988) (-2.7744, 1.03109) (1.99886, -1.87249) (-1.66783, 1.98895) (-3.1755, 2.36235) (-1.38407, -1.69991) 
(1.37263, 1.99142) (-2.7744, 1.03109) (1.94025, -1.86718) (-1.61931, 1.98882) (-3.1755, 2.36235) (-1.33739, -1.69998) 
(1.28012, 2.01005) (-2.7744, 1.03109) (1.88732, -1.86038) (-1.5755, 1.98988) (-3.1755, 2.36235) (-1.29594, -1.69789) 
(1.13202, 2.03877) (-2.7744, 1.03109) (1.80603, -1.84397) (-1.50256, 1.99246) (-3.1755, 2.36235) (-1.22586, -1.69581) 
(1.02948, 2.04322) (-2.7744, 1.03109) (1.74622, -1.83091) (-1.45134, 1.99386) (-3.1755, 2.36235) (-1.17487, -1.69417) 
(0.924975, 2.0374) (-2.7744, 1.03109) (1.68587, -1.81063) (-1.39647, 1.99376) (-3.1755, 2.36235) (-1.11849, -1.69371) 
(0.831834, 2.03124) (-2.7744, 1.03109) (1.63041, -1.79332) (-1.36042, 1.99492) (-3.1755, 2.36235) (-1.06618, -1.69189) 
(0.712365, 2.02146) (-2.7744, 1.03109) (1.55325, -1.77758) (-1.30456, 1.98281) (-3.1755, 2.36235) (-0.99981, -1.69083) 
(0.608203, 2.01128) (-2.7744, 1.03109) (1.49839, -1.76144) (-1.26032, 1.96691) (-3.1755, 2.36235) (-0.949478, -1.69118) 
(0.516379, 2.00899) (-2.7744, 1.03109) (1.4513, -1.74786) (-1.22636, 1.94804) (-3.1755, 2.36235) (-0.903848, -1.69106) 
(0.418526, 2.02126) (-2.7744, 1.03109) (1.39659, -1.73327) (-1.19035, 1.92395) (-3.1755, 2.36235) (-0.851951, -1.69021) 
(0.315763, 2.04484) (-2.7744, 1.03109) (1.34317, -1.72252) (-1.15534, 1.89292) (-3.1755, 2.36235) (-0.801801, -1.69614) 
(0.19956, 2.06969) (-2.7744, 1.03109) (1.28848, -1.71875) (-1.11854, 1.86274) (-3.1755, 2.36235) (-0.747435, -1.70844) 
(0.0816695, 2.09757) (-2.7744, 1.03109) (1.23824, -1.70977) (-1.07916, 1.83264) (-3.1755, 2.36235) (-0.700845, -1.72168) 
(-0.0437767, 2.13209) (-2.7744, 1.03109) (1.18547, -1.69302) (-1.03824, 1.81313) (-3.1755, 2.36235) (-0.64809, -1.73868) 
(-0.142827, 2.15865) (-2.7744, 1.03109) (1.14586, -1.67636) (-1.00946, 1.79834) (-3.1755, 2.36235) (-0.596941, -1.75411) 
(-0.262043, 2.17463) (-2.7744, 1.03109) (1.10743, -1.66755) (-0.968596, 1.78437) (-3.1755, 2.36235) (-0.534646, -1.77297) 
(-0.357114, 2.17835) (-2.7744, 1.03109) (1.08564, -1.67035) (-0.928582, 1.77224) (-3.1755, 2.36235) (-0.487548, -1.7875) 
(-0.44952, 2.17824) (-2.7744, 1.03109) (1.07252, -1.68313) (-0.889691, 1.7607) (-3.1755, 2.36235) (-0.442544, -1.798) 
(-0.466897, 2.17753) (-2.7744, 1.03109) (1.07196, -1.68707) (-0.882036, 1.75829) (-3.1755, 2.36235) (-0.435022, -1.80025) 
(-0.666849, 2.15995) (-2.7744, 1.03109) (1.08567, -1.75899) (-0.811147, 1.73049) (-3.1755, 2.36235) (-0.338797, -1.82411) 
(-0.769697, 2.14971) (-2.7744, 1.03109) (1.09203, -1.81272) (-0.77848, 1.71398) (-3.1755, 2.36235) (-0.285803, -1.83822) 
(-0.864324, 2.14937) (-2.7744, 1.03109) (1.09678, -1.87544) (-0.75374, 1.68824) (-3.1755, 2.36235) (-0.244899, -1.85815) 
(-0.970086, 2.1545) (-2.7744, 1.03109) (1.09678, -1.94351) (-0.725, 1.65486) (-3.1755, 2.36235) (-0.195701, -1.88386) 
(-1.0754, 2.15831) (-2.7744, 1.03109) (1.0898, -1.9988) (-0.697671, 1.63189) (-3.1755, 2.36235) (-0.150244, -1.90381) 
(-1.17734, 2.16464) (-2.7744, 1.03109) (1.07591, -2.03722) (-0.683234, 1.62004) (-3.1755, 2.36235) (-0.125165, -1.91424) 
(-1.30505, 2.17395) (-2.7744, 1.03109) (1.04837, -2.0719) (-0.652292, 1.60889) (-3.1755, 2.36235) (-0.0855918, -1.91803) 
(-1.42025, 2.18019) (-2.7744, 1.03109) (1.01622, -2.09944) (-0.622211, 1.60039) (-3.1755, 2.36235) (-0.0451139, -1.9163) 
(-1.50721, 2.1785) (-2.7744, 1.03109) (0.982284, -2.11929) (-0.600208, 1.60056) (-3.1755, 2.36235) (-0.0148824, -1.90871) 
(-1.50711, 2.17846) (-2.7744, 1.03109) (0.982212, -2.11922) (-0.600239, 1.60062) (-3.1755, 2.36235) (-0.0149156, -1.90864) 
(-1.6958, 2.14106) (-2.7744, 1.03109) (0.872546, -2.15629) (-0.558382, 1.61428) (-3.1755, 2.36235) (0.0667191, -1.88723) 
(-1.77633, 2.12066) (-2.7744, 1.03109) (0.814501, -2.16522) (-0.539369, 1.62517) (-3.1755, 2.36235) (0.110315, -1.8787) 
(-1.80511, 2.11206) (-2.7744, 1.03109) (0.795223, -2.16702) (-0.533004, 1.62989) (-3.1755, 2.36235) (0.126928, -1.87632) 
(-1.96311, 2.06044) (-2.7744, 1.03109) (0.692206, -2.18626) (-0.497186, 1.65428) (-3.1755, 2.36235) (0.205346, -1.86368) 
(-2.03042, 2.04213) (-2.7744, 1.03109) (0.644272, -2.18731) (-0.476029, 1.66592) (-3.1755, 2.36235) (0.23879, -1.85177) 
(-2.11015, 2.02948) (-2.7744, 1.03109) (0.583257, -2.18399) (-0.459757, 1.66907) (-3.1755, 2.36235) (0.271736, -1.83374) 
(-2.1765, 2.01478) (-2.7744, 1.03109) (0.520929, -2.18622) (-0.437953, 1.66952) (-3.1755, 2.36235) (0.295932, -1.81283) 
(-2.23434, 2.00081) (-2.7744, 1.03109) (0.45861, -2.19675) (-0.42048, 1.66719) (-3.1755, 2.36235) (0.311491, -1.79254) 
(-2.29032, 1.99227) (-2.7744, 1.03109) (0.386456, -2.21607) (-0.404911, 1.66607) (-3.1755, 2.36235) (0.325397, -1.76714) 
(-2.32133, 1.98966) (-2.7744, 1.03109) (0.346129, -2.22751) (-0.392126, 1.66488) (-3.1755, 2.36235) (0.330478, -1.75279) 
(-2.39506, 1.9826) (-2.7744, 1.03109) (0.247437, -2.24781) (-0.353094, 1.66701) (-3.1755, 2.36235) (0.341495, -1.71626) 
(-2.43015, 1.97639) (-2.7744, 1.03109) (0.195345, -2.24735) (-0.333397, 1.67169) (-3.1755, 2.36235) (0.35393, -1.69455) 
(-2.45678, 1.97026) (-2.7744, 1.03109) (0.143166, -2.24028) (-0.308826, 1.67604) (-3.1755, 2.36235) (0.360206, -1.68252) 
(-2.47631, 1.96866) (-2.7744, 1.03109) (0.0612666, -2.21789) (-0.265932, 1.6867) (-3.1755, 2.36235) (0.383188, -1.66819) 
(-2.47833, 1.97484) (-2.7744, 1.03109) (-0.00359254, -2.19091) (-0.231935, 1.69377) (-3.1755, 2.36235) (0.405781, -1.65459) 
(-2.47406, 1.98913) (-2.7744, 1.03109) (-0.0684564, -2.15708) (-0.193174, 1.69975) (-3.1755, 2.36235) (0.432898, -1.6461) 
(-2.4667, 2.01021) (-2.7744, 1.03109) (-0.126604, -2.12659) (-0.152502, 1.70516) (-3.1755, 2.36235) (0.454456, -1.64375) 
(-2.45501, 2.04442) (-2.7744, 1.03109) (-0.184702, -2.09775) (-0.10268, 1.7104) (-3.1755, 2.36235) (0.47989, -1.64656) 
(-2.44076, 2.07411) (-2.7744, 1.03109) (-0.237472, -2.0779) (-0.0678289, 1.71474) (-3.1755, 2.36235) (0.500008, -1.65238) 
(-2.41683, 2.11174) (-2.7744, 1.03109) (-0.307166, -2.06037) (-0.0193926, 1.7203) (-3.1755, 2.36235) (0.520426, -1.65762) 
(-2.38665, 2.1457) (-2.7744, 1.03109) (-0.373988, -2.04494) (0.040149, 1.72888) (-3.1755, 2.36235) (0.547285, -1.66394) 
(-2.36622, 2.16139) (-2.7744, 1.03109) (-0.42638, -2.03223) (0.0890736, 1.73639) (-3.1755, 2.36235) (0.571102, -1.66823) 
(-2.35935, 2.16712) (-2.7744, 1.03109) (-0.462834, -2.0283) (0.130227, 1.74318) (-3.1755, 2.36235) (0.590862, -1.66945) 
(-2.3598, 2.1672) (-2.7744, 1.03109) (-0.516598, -2.03525) (0.189897, 1.75395) (-3.1755, 2.36235) (0.625995, -1.67129) 
(-2.36596, 2.16062) (-2.7744, 1.03109) (-0.563411, -2.0333) (0.245773, 1.76123) (-3.1755, 2.36235) (0.660989, -1.6701) 
(-2.37299, 2.14973) (-2.7744, 1.03109) (-0.612106, -2.02057) (0.305066, 1.77032) (-3.1755, 2.36235) (0.699388, -1.66917) 
(-2.37902, 2.14177) (-2.7744, 1.03109) (-0.667481, -2.00342) (0.359445, 1.77823) (-3.1755, 2.36235) (0.735701, -1.66929) 
(-2.38189, 2.134) (-2.7744, 1.03109) (-0.717465, -1.97826) (0.415588, 1.78623) (-3.1755, 2.36235) (0.772992, -1.66978) 
(-2.38418, 2.12703) (-2.7744, 1.03109) (-0.75941, -1.95168) (0.466796, 1.79207) (-3.1755, 2.36235) (0.811565, -1.67145) 
(-2.38419, 2.12701) (-2.7744, 1.03109) (-0.759356, -1.95165) (0.466762, 1.79206) (-3.1755, 2.36235) (0.81157, -1.67145) 
(-2.38419, 2.12701) (-2.7744, 1.03109) (-0.759356, -1.95165) (0.466762, 1.79206) (-3.1755, 2.36235) (0.81157, -1.67145) 
(-2.39683, 2.11156) (-2.7744, 1.03109) (-0.875555, -1.86368) (0.641153, 1.81637) (-3.1755, 2.36235) (0.964002, -1.68142) 
(-2.40258, 2.10908) (-2.7744, 1.03109) (-0.909705, -1.82502) (0.697182, 1.82381) (-3.1755, 2.36235) (1.00696, -1.68263) 
(-2.40695, 2.10678) (-2.7744, 1.03109) (-0.958249, -1.78832) (0.751706, 1.8324) (-3.1755, 2.36235) (1.05723, -1.68585) 
(-2.4114, 2.10618) (-2.7744, 1.03109) (-1.01035, -1.76615) (0.801039, 1.83787) (-3.1755, 2.36235) (1.10472, -1.68736) 
(-2.41635, 2.10714) (-2.7744, 1.03109) (-1.06767, -1.75093) (0.854181, 1.84555) (-3.1755, 2.36235) (1.15718, -1.68992) 
(-2.4213, 2.10749) (-2.7744, 1.03109) (-1.12363, -1.73804) (0.914754, 1.85499) (-3.1755, 2.36235) (1.21505, -1.69139) 
(-2.42283, 2.10703) (-2.7744, 1.03109) (-1.17533, -1.72551) (0.965667, 1.86367) (-3.1755, 2.36235) (1.26464, -1.69177) 
(-2.42502, 2.10632) (-2.7744, 1.03109) (-1.23663, -1.71851) (1.02164, 1.87128) (-3.1755, 2.36235) (1.31852, -1.69325) 
(-2.42502, 2.10632) (-2.7744, 1.03109) (-1.23667, -1.71858) (1.02166, 1.87128) (-3.1755, 2.36235) (1.31853, -1.69325) 
(-2.42577, 2.10578) (-2.7744, 1.03109) (-1.37504, -1.74069) (1.14072, 1.88893) (-3.1755, 2.36235) (1.43183, -1.69787) 
(-2.42487, 2.1054) (-2.7744, 1.03109) (-1.43224, -1.75067) (1.18833, 1.89634) (-3.1755, 2.36235) (1.47703, -1.69986) 
(-2.42464, 2.10546) (-2.7744, 1.03109) (-1.45638, -1.75223) (1.20677, 1.89949) (-3.1755, 2.36235) (1.49468, -1.70122) 
(-2.42544, 2.10677) (-2.7744, 1.03109) (-1.57971, -1.74751) (1.30675, 1.91447) (-3.1755, 2.36235) (1.59196, -1.70679) 
(-2.4263, 2.10748) (-2.7744, 1.03109) (-1.64257, -1.74517) (1.36745, 1.9227) (-3.1755, 2.36235) (1.65057, -1.70867) 
(-2.42673, 2.10823) (-2.7744, 1.03109) (-1.69088, -1.74504) (1.42106, 1.93075) (-3.1755, 2.36235) (1.69798, -1.70952) 
(-2.42703, 2.1088) (-2.7744, 1.03109) (-1.73662, -1.74192) (1.47577, 1.93553) (-3.1755, 2.36235) (1.75109, -1.71275) 
(-2.42638, 2.10865) (-2.7744, 1.03109) (-1.78017, -1.73051) (1.52866, 1.94256) (-3.1755, 2.36235) (1.80394, -1.71495) 
(-2.4258, 2.10846) (-2.7744, 1.03109) (-1.82407, -1.71943) (1.57934, 1.94788) (-3.1755, 2.36235) (1.85334, -1.71609) 
(-2.42517, 2.10821) (-2.7744, 1.03109) (-1.85537, -1.71253) (1.61948, 1.95412) (-3.1755, 2.36235) (1.88949, -1.71658) 
(-2.42361, 2.1081) (-2.7744, 1.03109) (-1.90796, -1.70402) (1.70098, 1.96472) (-3.1755, 2.36235) (1.96756, -1.71851) 
(-2.42349, 2.10883) (-2.7744, 1.03109) (-1.93899, -1.70089) (1.75475, 1.97179) (-3.1755, 2.36235) (2.0191, -1.72012) 
(-2.42316, 2.10899) (-2.7744, 1.03109) (-1.94789, -1.69939) (1.77374, 1.97365) (-3.1755, 2.36235) (2.03782, -1.72039) 
(-2.42183, 2.10909) (-2.7744, 1.03109) (-1.96208, -1.69071) (1.87435, 1.98796) (-3.1755, 2.36235) (2.13298, -1.72207) 
(-2.42254, 2.10994) (-2.7744, 1.03109) (-1.94957, -1.69441) (1.93778, 1.99781) (-3.1755, 2.36235) (2.18848, -1.72384) 
(-2.42189, 2.11165) (-2.7744, 1.03109) (-1.94639, -1.69732) (1.99155, 2.00514) (-3.1755, 2.36235) (2.23137, -1.72537) 
(-2.42095, 2.11304) (-2.7744, 1.03109) (-1.94298, -1.70164) (2.05349, 2.01438) (-3.1755, 2.36235) (2.284, -1.7271) 
(-2.41973, 2.11252) (-2.7744, 1.03109) (-1.94251, -1.70851) (2.09747, 2.02029) (-3.1755, 2.36235) (2.30512, -1.72688) 
(-2.41767, 2.11177) (-2.7744, 1.03109) (-1.94803, -1.72048) (2.1517, 2.02961) (-3.1755, 2.36235) (2.30245, -1.72762) 
(-2.41821, 2.11214) (-2.7744, 1.03109) (-1.95441, -1.72788) (2.18608, 2.03428) (-3.1755, 2.36235) (2.29353, -1.72677) 
(-2.41856, 2.1136) (-2.7744, 1.03109) (-1.97071, -1.7358) (2.24305, 2.0423) (-3.1755, 2.36235) (2.29379, -1.72707) 
(-2.41977, 2.11426) (-2.7744, 1.03109) (-1.98789, -1.73373) (2.25246, 2.04383) (-3.1755, 2.36235) (2.29753, -1.7272) 
(-2.41954, 2.11434) (-2.7744, 1.03109) (-2.00353, -1.73003) (2.24503, 2.04326) (-3.1755, 2.36235) (2.30148, -1.72722) 
(-2.4197, 2.11473) (-2.7744, 1.03109) (-2.02247, -1.73695) (2.23973, 2.04263) (-3.1755, 2.36235) (2.30294, -1.72738) 
(-2.41974, 2.11624) (-2.7744, 1.03109) (-2.04919, -1.75859) (2.24477, 2.04317) (-3.1755, 2.36235) (2.30253, -1.72734) 
(-2.42105, 2.11766) (-2.7744, 1.03109) (-2.06297, -1.77202) (2.2505, 2.04365) (-3.1755, 2.36235) (2.30256, -1.72729) 
(-2.42197, 2.11807) (-2.7744, 1.03109) (-2.07236, -1.7801) (2.24904, 2.04378) (-3.1755, 2.36235) (2.30275, -1.72735) 
(-2.42323, 2.11814) (-2.7744, 1.03109) (-2.08087, -1.77717) (2.24922, 2.04381) (-3.1755, 2.36235) (2.30264, -1.72734) 
(-2.4252, 2.11839) (-2.7744, 1.03109) (-2.08594, -1.75147) (2.24956, 2.04367) (-3.1755, 2.36235) (2.30272, -1.72732) 
(-2.42724, 2.11799) (-2.7744, 1.03109) (-2.08497, -1.71479) (2.2494, 2.0437) (-3.1755, 2.36235) (2.30266, -1.7273) 
(-2.4286, 2.11724) (-2.7744, 1.03109) (-2.08122, -1.69419) (2.24946, 2.04374) (-3.1755, 2.36235) (2.3027, -1.72732) 
(-2.42938, 2.11652) (-2.7744, 1.03109) (-2.07437, -1.67879) (2.24946, 2.04374) (-3.1755, 2.36235) (2.30266, -1.72734) 
(-2.42949, 2.11634) (-2.7744, 1.03109) (-2.06699, -1.66821) (2.24943, 2.04376) (-3.1755, 2.36235) (2.30271, -1.72733) 
(-2.42948, 2.11664) (-2.7744, 1.03109) (-2.05784, -1.66112) (2.24942, 2.04375) (-3.1755, 2.36235) (2.30267, -1.72732) 
(-2.43056, 2.11782) (-2.7744, 1.03109) (-2.04614, -1.65406) (2.24945, 2.04374) (-3.1755, 2.36235) (2.30268, -1.72732) 
(-2.43073, 2.1193) (-2.7744, 1.03109) (-2.03501, -1.64745) (2.24943, 2.04376) (-3.1755, 2.36235) (2.30268, -1.72734) 
(-2.43016, 2.12026) (-2.7744, 1.03109) (-2.02717, -1.64502) (2.24943, 2.04372) (-3.1755, 2.36235) (2.30266, -1.72734) 
(-2.42836, 2.12158) (-2.7744, 1.03109) (-2.02004, -1.64876) (2.24943, 2.04376) (-3.1755, 2.36235) (2.30267, -1.72733) 
(-2.42829, 2.12383) (-2.7744, 1.03109) (-2.02175, -1.66075) (2.24942, 2.04376) (-3.1755, 2.36235) (2.30267, -1.72733) 
(-2.42833, 2.12406) (-2.7744, 1.03109) (-2.02192, -1.66234) (2.24941, 2.04375) (-3.1755, 2.36235) (2.30265, -1.72733) 
(-2.42511, 2.1294) (-2.7744, 1.03109) (-2.02442, -1.7146) (2.24943, 2.04374) (-3.1755, 2.36235) (2.30266, -1.72734) 
(-2.42434, 2.1336) (-2.7744, 1.03109) (-2.01064, -1.74858) (2.24943, 2.04374) (-3.1755, 2.36235) (2.30264, -1.72735) 
(-2.42505, 2.13433) (-2.7744, 1.03109) (-2.00773, -1.75377) (2.24941, 2.04376) (-3.1755, 2.36235) (2.30265, -1.72733) 
(-2.42635, 2.13974) (-2.7744, 1.03109) (-1.98608, -1.80362) (2.24942, 2.04374) (-3.1755, 2.36235) (2.30267, -1.72732) 
(-2.42636, 2.14225) (-2.7744, 1.03109) (-1.98677, -1.82111) (2.24943, 2.04374) (-3.1755, 2.36235) (2.30265, -1.72734) 
(-2.42578, 2.14447) (-2.7744, 1.03109) (-1.99763, -1.8236) (2.24943, 2.04374) (-3.1755, 2.36235) (2.30265, -1.72733) 
(-2.42427, 2.14664) (-2.7744, 1.03109) (-2.01251, -1.81258) (2.2494, 2.04375) (-3.1755, 2.36235) (2.30264, -1.72733) 
(-2.42313, 2.14841) (-2.7744, 1.03109) (-2.0251, -1.79701) (2.24942, 2.04376) (-3.1755, 2.36235) (2.30265, -1.72734) 
(-2.4229, 2.15042) (-2.7744, 1.03109) (-2.03377, -1.78789) (2.24942, 2.04376) (-3.1755, 2.36235) (2.30265, -1.72733) 
(-2.42329, 2.15135) (-2.7744, 1.03109) (-2.03488, -1.78441) (2.24943, 2.04374) (-3.1755, 2.36235) (2.30264, -1.72733) 
(-2.4248, 2.15439) (-2.7744, 1.03109) (-2.03413, -1.76915) (2.2494, 2.04375) (-3.1755, 2.36235) (2.30264, -1.72733) 
(-2.42496, 2.15601) (-2.7744, 1.03109) (-2.03283, -1.76078) (2.24943, 2.04374) (-3.1755, 2.36235) (2.30265, -1.72734) 
(-2.42447, 2.15709) (-2.7744, 1.03109) (-2.03106, -1.75713) (2.24941, 2.04375) (-3.1755, 2.36235) (2.30264, -1.72734) 
(-2.42459, 2.15837) (-2.7744, 1.03109) (-2.02771, -1.7658) (2.24941, 2.04374) (-3.1755, 2.36235) (2.30263, -1.72734) 
(-2.42301, 2.16118) (-2.7744, 1.03109) (-2.00301, -1.79429) (2.24941, 2.04374) (-3.1755, 2.36235) (2.30265, -1.72734) 
(-2.41988, 2.16551) (-2.7744, 1.03109) (-1.97775, -1.80109) (2.24941, 2.04376) (-3.1755, 2.36235) (2.30264, -1.72734) 
