(2.01792, -1.70375) (-2.39222, 2.21491) (0.117633, 2.50975) (-2.18266, 1.90683) (-3.12174, 1.8092) (0.0771302, -2.18835) 
(2.0212, -1.70543) (-2.39222, 2.21491) (0.116408, 2.50847) (-2.18263, 1.90683) (-3.12174, 1.8092) (0.0771727, -2.18838) 
(2.02253, -1.70591) (-2.39222, 2.21491) (0.114564, 2.50791) (-2.18422, 1.90882) (-3.12174, 1.8092) (0.0768347, -2.19038) 
(2.02293, -1.70579) (-2.39222, 2.21491) (0.114307, 2.50861) (-2.16912, 1.89646) (-3.12174, 1.8092) (0.0774904, -2.18079) 
(2.02221, -1.70527) (-2.39222, 2.21491) (0.113725, 2.50964) (-2.13468, 1.85379) (-3.12174, 1.8092) (0.0787413, -2.11933) 
(2.02113, -1.70517) (-2.39222, 2.21491) (0.112516, 2.50923) (-2.10904, 1.83195) (-3.12174, 1.8092) (0.0775801, -2.06712) 
(2.01764, -1.70653) (-2.39222, 2.21491) (0.10915, 2.50586) (-2.07764, 1.8103) (-3.12174, 1.8092) (0.0762475, -2.01813) 
(2.01144, -1.70953) (-2.39222, 2.21491) (0.104077, 2.50115) (-2.04303, 1.78908) (-3.12174, 1.8092) (0.0756738, -1.97604) 
(1.99269, -1.71008) (-2.39222, 2.21491) (0.101313, 2.49473) (-2.00956, 1.76494) (-3.12174, 1.8092) (0.0727996, -1.93318) 
(1.95976, -1.70705) (-2.39222, 2.21491) (0.101592, 2.47972) (-1.97392, 1.73918) (-3.12174, 1.8092) (0.0684331, -1.87578) 
(1.92652, -1.69863) (-2.39222, 2.21491) (0.104087, 2.46236) (-1.9482, 1.71842) (-3.12174, 1.8092) (0.066849, -1.83475) 
(1.87055, -1.68051) (-2.39222, 2.21491) (0.111165, 2.43584) (-1.91, 1.68693) (-3.12174, 1.8092) (0.0641939, -1.78281) 
(1.79606, -1.63636) (-2.39222, 2.21491) (0.124337, 2.40321) (-1.86711, 1.65146) (-3.12174, 1.8092) (0.0612875, -1.72391) 
(1.73736, -1.58718) (-2.39222, 2.21491) (0.134065, 2.38892) (-1.83011, 1.62046) (-3.12174, 1.8092) (0.0605268, -1.67551) 
(1.67352, -1.51862) (-2.39222, 2.21491) (0.143183, 2.37557) (-1.78818, 1.58562) (-3.12174, 1.8092) (0.0596726, -1.62285) 
(1.60208, -1.41227) (-2.39222, 2.21491) (0.149423, 2.34921) (-1.7412, 1.54511) (-3.12174, 1.8092) (0.0582342, -1.55959) 
(1.53976, -1.30552) (-2.39222, 2.21491) (0.148255, 2.3212) (-1.7006, 1.51314) (-3.12174, 1.8092) (0.0551052, -1.50641) 
(1.47889, -1.21056) (-2.39222, 2.21491) (0.143769, 2.29347) (-1.65834, 1.47783) (-3.12174, 1.8092) (0.0525273, -1.47022) 
(1.40597, -1.13393) (-2.39222, 2.21491) (0.137514, 2.26131) (-1.61562, 1.44317) (-3.12174, 1.8092) (0.0403879, -1.43003) 
(1.3219, -1.06003) (-2.39222, 2.21491) (0.125129, 2.2195) (-1.57752, 1.40898) (-3.12174, 1.8092) (0.0251176, -1.38317) 
(1.22077, -0.983965) (-2.39222, 2.21491) (0.104314, 2.1613) (-1.5317, 1.37251) (-3.12174, 1.8092) (0.00842502, -1.32701) 
(1.11912, -0.920038) (-2.39222, 2.21491) (0.0870239, 2.10131) (-1.49266, 1.33901) (-3.12174, 1.8092) (-0.00345152, -1.28879) 
(0.98669, -0.83417) (-2.39222, 2.21491) (0.0772853, 2.03947) (-1.44571, 1.30158) (-3.12174, 1.8092) (-0.0105289, -1.2421) 
(0.892047, -0.752042) (-2.39222, 2.21491) (0.0739834, 1.99362) (-1.40507, 1.26916) (-3.12174, 1.8092) (-0.01464, -1.2011) 
(0.804565, -0.654023) (-2.39222, 2.21491) (0.0766248, 1.94716) (-1.36366, 1.23572) (-3.12174, 1.8092) (-0.0193032, -1.15324) 
(0.714326, -0.542523) (-2.39222, 2.21491) (0.0851568, 1.89194) (-1.316, 1.19848) (-3.12174, 1.8092) (-0.025031, -1.09578) 
(0.677884, -0.497862) (-2.39222, 2.21491) (0.08881, 1.86779) (-1.29763, 1.1837) (-3.12174, 1.8092) (-0.0267206, -1.07282) 
(0.530722, -0.318476) (-2.39222, 2.21491) (0.108715, 1.77359) (-1.23, 1.1273) (-3.12174, 1.8092) (-0.0307006, -0.997256) 
(0.514562, -0.299522) (-2.39222, 2.21491) (0.112562, 1.7635) (-1.22286, 1.12192) (-3.12174, 1.8092) (-0.0308258, -0.989347) 
(0.344684, -0.154016) (-2.39222, 2.21491) (0.160824, 1.65186) (-1.15292, 1.06278) (-3.12174, 1.8092) (-0.027147, -0.907062) 
(0.320176, -0.138045) (-2.39222, 2.21491) (0.166891, 1.63516) (-1.14263, 1.05335) (-3.12174, 1.8092) (-0.0262826, -0.895746) 
(0.164817, -0.0360912) (-2.39222, 2.21491) (0.188614, 1.53267) (-1.09342, 0.99884) (-3.12174, 1.8092) (-0.0160702, -0.823739) 
(0.104165, 0.00535684) (-2.39222, 2.21491) (0.196054, 1.49778) (-1.07746, 0.974176) (-3.12174, 1.8092) (-0.00993927, -0.795124) 
(-0.0763095, 0.123436) (-2.39222, 2.21491) (0.208284, 1.42204) (-1.04505, 0.908432) (-3.12174, 1.8092) (0.00759071, -0.717662) 
(-0.112565, 0.150321) (-2.39222, 2.21491) (0.209237, 1.4079) (-1.04292, 0.893124) (-3.12174, 1.8092) (0.0111199, -0.70219) 
(-0.245573, 0.293103) (-2.39222, 2.21491) (0.215016, 1.33359) (-1.03998, 0.832221) (-3.12174, 1.8092) (0.027077, -0.628935) 
(-0.271914, 0.332506) (-2.39222, 2.21491) (0.214548, 1.3147) (-1.04177, 0.817126) (-3.12174, 1.8092) (0.0272913, -0.613403) 
(-0.367176, 0.478574) (-2.39222, 2.21491) (0.204205, 1.24257) (-1.05486, 0.770883) (-3.12174, 1.8092) (0.0236262, -0.549296) 
(-0.43715, 0.599023) (-2.39222, 2.21491) (0.194303, 1.17972) (-1.07536, 0.738555) (-3.12174, 1.8092) (0.0145413, -0.508867) 
(-0.491798, 0.691425) (-2.39222, 2.21491) (0.18946, 1.13129) (-1.09255, 0.715882) (-3.12174, 1.8092) (0.00273529, -0.476284) 
(-0.52007, 0.729638) (-2.39222, 2.21491) (0.190437, 1.10994) (-1.10031, 0.702859) (-3.12174, 1.8092) (-0.00220257, -0.465497) 
(-0.648718, 0.847802) (-2.39222, 2.21491) (0.199644, 1.02288) (-1.1138, 0.658222) (-3.12174, 1.8092) (-0.0282544, -0.412621) 
(-0.7316, 0.913099) (-2.39222, 2.21491) (0.208677, 0.980671) (-1.11923, 0.629585) (-3.12174, 1.8092) (-0.0475209, -0.373961) 
(-0.813181, 0.970431) (-2.39222, 2.21491) (0.217938, 0.941046) (-1.11382, 0.605868) (-3.12174, 1.8092) (-0.0674801, -0.333835) 
(-0.91829, 1.03199) (-2.39222, 2.21491) (0.231951, 0.888448) (-1.1098, 0.58268) (-3.12174, 1.8092) (-0.090332, -0.286011) 
(-1.02459, 1.08941) (-2.39222, 2.21491) (0.254732, 0.835613) (-1.09747, 0.568439) (-3.12174, 1.8092) (-0.105708, -0.244965) 
(-1.11466, 1.14958) (-2.39222, 2.21491) (0.281216, 0.780463) (-1.08577, 0.547428) (-3.12174, 1.8092) (-0.120359, -0.202697) 
(-1.1912, 1.20963) (-2.39222, 2.21491) (0.305494, 0.725809) (-1.0749, 0.527744) (-3.12174, 1.8092) (-0.13135, -0.157623) 
(-1.27701, 1.27569) (-2.39222, 2.21491) (0.330509, 0.66678) (-1.05988, 0.499662) (-3.12174, 1.8092) (-0.140434, -0.110862) 
(-1.36194, 1.34142) (-2.39222, 2.21491) (0.351175, 0.620486) (-1.0454, 0.473785) (-3.12174, 1.8092) (-0.148343, -0.0665276) 
(-1.38252, 1.35774) (-2.39222, 2.21491) (0.357079, 0.608974) (-1.04102, 0.465353) (-3.12174, 1.8092) (-0.149509, -0.057496) 
(-1.52298, 1.485) (-2.39222, 2.21491) (0.388034, 0.518252) (-1.00999, 0.413055) (-3.12174, 1.8092) (-0.152813, 0.0167307) 
(-1.60591, 1.56678) (-2.39222, 2.21491) (0.394722, 0.461693) (-0.98818, 0.381362) (-3.12174, 1.8092) (-0.151046, 0.064517) 
(-1.66774, 1.6245) (-2.39222, 2.21491) (0.400075, 0.409238) (-0.962467, 0.34858) (-3.12174, 1.8092) (-0.145638, 0.110643) 
(-1.7277, 1.67284) (-2.39222, 2.21491) (0.399013, 0.360206) (-0.935854, 0.322119) (-3.12174, 1.8092) (-0.141972, 0.15521) 
(-1.79618, 1.72676) (-2.39222, 2.21491) (0.388048, 0.303382) (-0.90621, 0.295488) (-3.12174, 1.8092) (-0.135679, 0.210126) 
(-1.86437, 1.78071) (-2.39222, 2.21491) (0.390548, 0.238614) (-0.875477, 0.271925) (-3.12174, 1.8092) (-0.133025, 0.267824) 
(-1.92642, 1.82673) (-2.39222, 2.21491) (0.426389, 0.189489) (-0.850357, 0.256586) (-3.12174, 1.8092) (-0.128767, 0.307972) 
(-1.99898, 1.87645) (-2.39222, 2.21491) (0.468092, 0.153959) (-0.817274, 0.242006) (-3.12174, 1.8092) (-0.133006, 0.351128) 
(-2.07776, 1.93725) (-2.39222, 2.21491) (0.492381, 0.109518) (-0.775833, 0.226551) (-3.12174, 1.8092) (-0.137514, 0.402563) 
(-2.12802, 1.97729) (-2.39222, 2.21491) (0.500284, 0.0748587) (-0.73797, 0.214219) (-3.12174, 1.8092) (-0.138, 0.451864) 
(-2.16903, 1.99749) (-2.39222, 2.21491) (0.500294, 0.0279982) (-0.696954, 0.198096) (-3.12174, 1.8092) (-0.138214, 0.511918) 
(-2.19349, 2.00262) (-2.39222, 2.21491) (0.489965, -0.0234583) (-0.661792, 0.182174) (-3.12174, 1.8092) (-0.134598, 0.55611) 
(-2.21301, 1.98834) (-2.39222, 2.21491) (0.473436, -0.0900293) (-0.622242, 0.165789) (-3.12174, 1.8092) (-0.129174, 0.607227) 
(-2.23245, 1.9512) (-2.39222, 2.21491) (0.464686, -0.157099) (-0.578687, 0.15271) (-3.12174, 1.8092) (-0.124939, 0.661058) 
(-2.24651, 1.8997) (-2.39222, 2.21491) (0.458061, -0.240052) (-0.531074, 0.14088) (-3.12174, 1.8092) (-0.118179, 0.714521) 
(-2.24954, 1.84449) (-2.39222, 2.21491) (0.440528, -0.326597) (-0.483252, 0.127533) (-3.12174, 1.8092) (-0.113695, 0.769606) 
(-2.25978, 1.80365) (-2.39222, 2.21491) (0.409532, -0.398999) (-0.440198, 0.116169) (-3.12174, 1.8092) (-0.109952, 0.829248) 
(-2.27008, 1.79143) (-2.39222, 2.21491) (0.385349, -0.449994) (-0.404432, 0.0954684) (-3.12174, 1.8092) (-0.107021, 0.879406) 
(-2.29696, 1.791) (-2.39222, 2.21491) (0.364074, -0.494657) (-0.364792, 0.0724798) (-3.12174, 1.8092) (-0.106069, 0.933731) 
(-2.32309, 1.80199) (-2.39222, 2.21491) (0.345995, -0.542196) (-0.338122, 0.049112) (-3.12174, 1.8092) (-0.101946, 0.987944) 
(-2.3349, 1.8214) (-2.39222, 2.21491) (0.334114, -0.585315) (-0.315277, 0.0325698) (-3.12174, 1.8092) (-0.0993464, 1.03613) 
(-2.34368, 1.86512) (-2.39222, 2.21491) (0.308712, -0.671257) (-0.263229, -0.00737915) (-3.12174, 1.8092) (-0.094655, 1.11637) 
(-2.34371, 1.89623) (-2.39222, 2.21491) (0.287002, -0.735002) (-0.219568, -0.0367268) (-3.12174, 1.8092) (-0.0899062, 1.16934) 
(-2.33248, 1.93033) (-2.39222, 2.21491) (0.260676, -0.82336) (-0.176233, -0.0661919) (-3.12174, 1.8092) (-0.0849347, 1.23497) 
(-2.30943, 1.96307) (-2.39222, 2.21491) (0.24562, -0.899219) (-0.128424, -0.0971059) (-3.12174, 1.8092) (-0.0785907, 1.29998) 
(-2.28559, 1.98633) (-2.39222, 2.21491) (0.236027, -0.952347) (-0.0868426, -0.12257) (-3.12174, 1.8092) (-0.0745435, 1.35226) 
(-2.26998, 2.00032) (-2.39222, 2.21491) (0.226865, -1.00326) (-0.0428267, -0.150167) (-3.12174, 1.8092) (-0.0694128, 1.40856) 
(-2.27955, 2.00627) (-2.39222, 2.21491) (0.21962, -1.05662) (0.00480091, -0.180168) (-3.12174, 1.8092) (-0.063789, 1.46721) 
(-2.30011, 2.00886) (-2.39222, 2.21491) (0.211555, -1.11933) (0.054265, -0.212622) (-3.12174, 1.8092) (-0.0596005, 1.53359) 
(-2.30506, 2.00893) (-2.39222, 2.21491) (0.210328, -1.13383) (0.0658632, -0.219263) (-3.12174, 1.8092) (-0.0587131, 1.54862) 
(-2.32813, 2.00392) (-2.39222, 2.21491) (0.217837, -1.23076) (0.14862, -0.274619) (-3.12174, 1.8092) (-0.0498754, 1.65058) 
(-2.33132, 1.99832) (-2.39222, 2.21491) (0.230177, -1.28069) (0.191511, -0.304063) (-3.12174, 1.8092) (-0.0448183, 1.70521) 
(-2.33395, 1.98984) (-2.39222, 2.21491) (0.241928, -1.33386) (0.239201, -0.336435) (-3.12174, 1.8092) (-0.0401829, 1.76455) 
(-2.33461, 1.98155) (-2.39222, 2.21491) (0.251185, -1.38907) (0.288582, -0.370564) (-3.12174, 1.8092) (-0.0343738, 1.82847) 
(-2.33619, 1.9762) (-2.39222, 2.21491) (0.25252, -1.43077) (0.330203, -0.39727) (-3.12174, 1.8092) (-0.0292212, 1.88006) 
(-2.33815, 1.97069) (-2.39222, 2.21491) (0.249364, -1.46276) (0.375325, -0.427044) (-3.12174, 1.8092) (-0.0225122, 1.94134) 
(-2.33967, 1.96716) (-2.39222, 2.21491) (0.243505, -1.49928) (0.420992, -0.456834) (-3.12174, 1.8092) (-0.0169407, 2.00229) 
(-2.34014, 1.96463) (-2.39222, 2.21491) (0.233411, -1.5426) (0.467523, -0.48797) (-3.12174, 1.8092) (-0.0116048, 2.06322) 
(-2.3385, 1.96378) (-2.39222, 2.21491) (0.213716, -1.58759) (0.51329, -0.519458) (-3.12174, 1.8092) (-0.00492293, 2.11997) 
(-2.33794, 1.96373) (-2.39222, 2.21491) (0.207216, -1.59858) (0.524823, -0.527327) (-3.12174, 1.8092) (-0.0026021, 2.13383) 
(-2.33255, 1.96306) (-2.39222, 2.21491) (0.154581, -1.67852) (0.605095, -0.581902) (-3.12174, 1.8092) (0.00888361, 2.22663) 
(-2.33017, 1.96333) (-2.39222, 2.21491) (0.13428, -1.73785) (0.650094, -0.614199) (-3.12174, 1.8092) (0.0149012, 2.27464) 
(-2.32965, 1.96473) (-2.39222, 2.21491) (0.121918, -1.81054) (0.702242, -0.649095) (-3.12174, 1.8092) (0.0199347, 2.30279) 
(-2.33081, 1.96597) (-2.39222, 2.21491) (0.1175, -1.87256) (0.750204, -0.680123) (-3.12174, 1.8092) (0.0200455, 2.30085) 
(-2.3318, 1.96604) (-2.39222, 2.21491) (0.123421, -1.91963) (0.801987, -0.714426) (-3.12174, 1.8092) (0.0186637, 2.29562) 
(-2.33244, 1.9659) (-2.39222, 2.21491) (0.126758, -1.95355) (0.844822, -0.744115) (-3.12174, 1.8092) (0.0191529, 2.30018) 
(-2.33334, 1.96601) (-2.39222, 2.21491) (0.128777, -1.99547) (0.888515, -0.773499) (-3.12174, 1.8092) (0.0197626, 2.30127) 
(-2.33455, 1.96656) (-2.39222, 2.21491) (0.141772, -2.04532) (0.938966, -0.808227) (-3.12174, 1.8092) (0.0194157, 2.30045) 
(-2.33565, 1.9672) (-2.39222, 2.21491) (0.164369, -2.0764) (0.986595, -0.840474) (-3.12174, 1.8092) (0.0194957, 2.30085) 
(-2.33634, 1.9677) (-2.39222, 2.21491) (0.197577, -2.0983) (1.03045, -0.871161) (-3.12174, 1.8092) (0.0195532, 2.30094) 
(-2.33739, 1.96875) (-2.39222, 2.21491) (0.238885, -2.11352) (1.0841, -0.907402) (-3.12174, 1.8092) (0.0195365, 2.30086) 
(-2.33753, 1.96967) (-2.39222, 2.21491) (0.271804, -2.11663) (1.12641, -0.937148) (-3.12174, 1.8092) (0.0194897, 2.3009) 
(-2.33696, 1.97024) (-2.39222, 2.21491) (0.305971, -2.12366) (1.17277, -0.970155) (-3.12174, 1.8092) (0.0195121, 2.30087) 
(-2.3361, 1.97105) (-2.39222, 2.21491) (0.324557, -2.11629) (1.22103, -1.00449) (-3.12174, 1.8092) (0.0195222, 2.30086) 
(-2.33433, 1.97177) (-2.39222, 2.21491) (0.340783, -2.10063) (1.27405, -1.04147) (-3.12174, 1.8092) (0.0195368, 2.3009) 
(-2.33246, 1.9717) (-2.39222, 2.21491) (0.354312, -2.08592) (1.32249, -1.07628) (-3.12174, 1.8092) (0.0195427, 2.30086) 
(-2.33148, 1.9718) (-2.39222, 2.21491) (0.364749, -2.06833) (1.36581, -1.10751) (-3.12174, 1.8092) (0.0195126, 2.30086) 
(-2.33085, 1.97178) (-2.39222, 2.21491) (0.367943, -2.04932) (1.4119, -1.1412) (-3.12174, 1.8092) (0.0195059, 2.30085) 
(-2.33034, 1.97178) (-2.39222, 2.21491) (0.354063, -2.04668) (1.46002, -1.17528) (-3.12174, 1.8092) (0.0195198, 2.30085) 
(-2.32993, 1.97204) (-2.39222, 2.21491) (0.337972, -2.06042) (1.50188, -1.20623) (-3.12174, 1.8092) (0.0195218, 2.30084) 
(-2.33041, 1.97219) (-2.39222, 2.21491) (0.327343, -2.09382) (1.55556, -1.24639) (-3.12174, 1.8092) (0.0195448, 2.30085) 
(-2.33116, 1.97221) (-2.39222, 2.21491) (0.330951, -2.1231) (1.60162, -1.28012) (-3.12174, 1.8092) (0.0195203, 2.30084) 
(-2.33119, 1.97191) (-2.39222, 2.21491) (0.340514, -2.13598) (1.64492, -1.31169) (-3.12174, 1.8092) (0.0195035, 2.30085) 
(-2.33144, 1.97156) (-2.39222, 2.21491) (0.330412, -2.13907) (1.69141, -1.34643) (-3.12174, 1.8092) (0.0195074, 2.30084) 
(-2.3322, 1.97107) (-2.39222, 2.21491) (0.304712, -2.13831) (1.73467, -1.37824) (-3.12174, 1.8092) (0.0195103, 2.30085) 
(-2.33305, 1.97036) (-2.39222, 2.21491) (0.267224, -2.13722) (1.78309, -1.41456) (-3.12174, 1.8092) (0.019546, 2.30085) 
(-2.33353, 1.96965) (-2.39222, 2.21491) (0.22642, -2.13269) (1.82815, -1.44882) (-3.12174, 1.8092) (0.0195141, 2.30082) 
(-2.33362, 1.96945) (-2.39222, 2.21491) (0.188482, -2.12681) (1.86629, -1.47787) (-3.12174, 1.8092) (0.0195098, 2.30084) 
(-2.33365, 1.96926) (-2.39222, 2.21491) (0.141109, -2.11936) (1.90529, -1.50848) (-3.12174, 1.8092) (0.0195306, 2.30085) 
(-2.33354, 1.96896) (-2.39222, 2.21491) (0.0921685, -2.10931) (1.92579, -1.52298) (-3.12174, 1.8092) (0.0195088, 2.30084) 
(-2.33422, 1.96827) (-2.39222, 2.21491) (0.0571765, -2.09617) (1.92185, -1.52051) (-3.12174, 1.8092) (0.0194677, 2.30084) 
(-2.3347, 1.96798) (-2.39222, 2.21491) (0.0366103, -2.09338) (1.91782, -1.51744) (-3.12174, 1.8092) (0.019524, 2.30084) 
(-2.33532, 1.96864) (-2.39222, 2.21491) (0.0285921, -2.09878) (1.92023, -1.5189) (-3.12174, 1.8092) (0.0195273, 2.30082) 
(-2.3362, 1.96967) (-2.39222, 2.21491) (0.0359419, -2.1048) (1.92451, -1.52272) (-3.12174, 1.8092) (0.0194179, 2.30084) 
(-2.33665, 1.97009) (-2.39222, 2.21491) (0.0476966, -2.10473) (1.92364, -1.52171) (-3.12174, 1.8092) (0.0195346, 2.30084) 
(-2.33717, 1.9709) (-2.39222, 2.21491) (0.0579615, -2.09271) (1.92368, -1.52195) (-3.12174, 1.8092) (0.019524, 2.30082) 
(-2.33681, 1.97185) (-2.39222, 2.21491) (0.0646933, -2.06903) (1.92354, -1.5219) (-3.12174, 1.8092) (0.0195158, 2.30084) 
(-2.33611, 1.97293) (-2.39222, 2.21491) (0.0777461, -2.03986) (1.92359, -1.5219) (-3.12174, 1.8092) (0.0195096, 2.30083) 
(-2.33586, 1.97278) (-2.39222, 2.21491) (0.0911582, -2.01643) (1.92357, -1.52181) (-3.12174, 1.8092) (0.0195364, 2.30083) 
(-2.33596, 1.97261) (-2.39222, 2.21491) (0.0956761, -2.00667) (1.92352, -1.52193) (-3.12174, 1.8092) (0.0194872, 2.30081) 
(-2.33897, 1.97406) (-2.39222, 2.21491) (0.109064, -1.96195) (1.92357, -1.52184) (-3.12174, 1.8092) (0.0195109, 2.30082) 
(-2.34235, 1.9755) (-2.39222, 2.21491) (0.114446, -1.93827) (1.92358, -1.52182) (-3.12174, 1.8092) (0.0195081, 2.30083) 
(-2.34341, 1.97463) (-2.39222, 2.21491) (0.117291, -1.9087) (1.92352, -1.52182) (-3.12174, 1.8092) (0.0195489, 2.30084) 
(-2.34377, 1.97385) (-2.39222, 2.21491) (0.11196, -1.88134) (1.9236, -1.52185) (-3.12174, 1.8092) (0.01953, 2.30083) 
(-2.3423, 1.97349) (-2.39222, 2.21491) (0.0988083, -1.84664) (1.92359, -1.52185) (-3.12174, 1.8092) (0.0195465, 2.30084) 
(-2.34189, 1.97404) (-2.39222, 2.21491) (0.0795399, -1.80515) (1.92359, -1.52184) (-3.12174, 1.8092) (0.0195121, 2.30082) 
(-2.34111, 1.97381) (-2.39222, 2.21491) (0.0598844, -1.7621) (1.9236, -1.52184) (-3.12174, 1.8092) (0.0195155, 2.30082) 
(-2.33811, 1.97402) (-2.39222, 2.21491) (0.0401752, -1.70961) (1.92362, -1.52183) (-3.12174, 1.8092) (0.0195209, 2.30082) 
(-2.33484, 1.97543) (-2.39222, 2.21491) (0.0252194, -1.66083) (1.92363, -1.52183) (-3.12174, 1.8092) (0.0195239, 2.30081) 
(-2.33185, 1.97732) (-2.39222, 2.21491) (0.0187875, -1.61886) (1.92361, -1.52184) (-3.12174, 1.8092) (0.0195358, 2.30082) 
(-2.32792, 1.97847) (-2.39222, 2.21491) (0.0211905, -1.5772) (1.9236, -1.52182) (-3.12174, 1.8092) (0.0195213, 2.30083) 
(-2.3244, 1.97715) (-2.39222, 2.21491) (0.0243668, -1.53665) (1.92355, -1.52184) (-3.12174, 1.8092) (0.0195233, 2.30082) 
(-2.3198, 1.97619) (-2.39222, 2.21491) (0.0307424, -1.49026) (1.9236, -1.52183) (-3.12174, 1.8092) (0.0195283, 2.30083) 
(-2.31267, 1.97727) (-2.39222, 2.21491) (0.0463922, -1.44561) (1.92355, -1.52184) (-3.12174, 1.8092) (0.0195047, 2.30083) 
(-2.30503, 1.98218) (-2.39222, 2.21491) (0.0723999, -1.39932) (1.92355, -1.52183) (-3.12174, 1.8092) (0.0195233, 2.30082) 
(-2.29522, 1.99214) (-2.39222, 2.21491) (0.102427, -1.3523) (1.92357, -1.52184) (-3.12174, 1.8092) (0.0195352, 2.30082) 
(-2.27995, 2.00692) (-2.39222, 2.21491) (0.122285, -1.30639) (1.92354, -1.52184) (-3.12174, 1.8092) (0.0195026, 2.30082) 
(-2.25501, 2.02392) (-2.39222, 2.21491) (0.132442, -1.24914) (1.92353, -1.52183) (-3.12174, 1.8092) (0.0195303, 2.30082) 
(-2.22219, 2.04123) (-2.39222, 2.21491) (0.137587, -1.2141) (1.92354, -1.52183) (-3.12174, 1.8092) (0.0195199, 2.30082) 
(-2.17559, 2.05565) (-2.39222, 2.21491) (0.142231, -1.17984) (1.92351, -1.52182) (-3.12174, 1.8092) (0.0195297, 2.30082) 
(-2.13637, 2.06078) (-2.39222, 2.21491) (0.144596, -1.1442) (1.92353, -1.52184) (-3.12174, 1.8092) (0.0195147, 2.30082) 
(-2.1141, 2.05694) (-2.39222, 2.21491) (0.139769, -1.10667) (1.92353, -1.52181) (-3.12174, 1.8092) (0.0195408, 2.30081) 
(-2.09248, 2.03767) (-2.39222, 2.21491) (0.118903, -1.04972) (1.92354, -1.52183) (-3.12174, 1.8092) (0.0195254, 2.30083) 
(-2.08861, 2.01897) (-2.39222, 2.21491) (0.101828, -1.02819) (1.92354, -1.52182) (-3.12174, 1.8092) (0.0195221, 2.30081) 
(-2.09404, 1.9569) (-2.39222, 2.21491) (0.0500895, -1.01134) (1.92353, -1.52183) (-3.12174, 1.8092) (0.0195402, 2.30081) 
(-2.09961, 1.89349) (-2.39222, 2.21491) (0.006532, -0.991658) (1.92354, -1.52182) (-3.12174, 1.8092) (0.0194942, 2.3008) 
(-2.09732, 1.82697) (-2.39222, 2.21491) (-0.0296953, -0.958047) (1.92353, -1.52183) (-3.12174, 1.8092) (0.0195169, 2.30082) 
(-2.08191, 1.76918) (-2.39222, 2.21491) (-0.0712951, -0.900916) (1.9235, -1.52181) (-3.12174, 1.8092) (0.0195352, 2.30082) 
(-2.06254, 1.72646) (-2.39222, 2.21491) (-0.0872574, -0.875444) (1.9235, -1.52182) (-3.12174, 1.8092) (0.0195034, 2.30083) 
(-2.05415, 1.70979) (-2.39222, 2.21491) (-0.097523, -0.877157) (1.92354, -1.52181) (-3.12174, 1.8092) (0.0195337, 2.30082) 
(-2.06275, 1.7172) (-2.39222, 2.21491) (-0.108158, -0.862202) (1.92349, -1.52181) (-3.12174, 1.8092) (0.0195214, 2.30083) 
(-2.08151, 1.73558) (-2.39222, 2.21491) (-0.109496, -0.841052) (1.92352, -1.52184) (-3.12174, 1.8092) (0.0195153, 2.30082) 
(-2.10758, 1.76683) (-2.39222, 2.21491) (-0.104518, -0.829341) (1.92353, -1.52182) (-3.12174, 1.8092) (0.0195293, 2.30082) 
(-2.13237, 1.81251) (-2.39222, 2.21491) (-0.0953829, -0.815499) (1.92354, -1.52183) (-3.12174, 1.8092) (0.0195088, 2.30082) 
(-2.14775, 1.85391) (-2.39222, 2.21491) (-0.0950956, -0.787178) (1.92349, -1.5218) (-3.12174, 1.8092) (0.019524, 2.30081) 
(-2.16362, 1.91426) (-2.39222, 2.21491) (-0.0880411, -0.746569) (1.9235, -1.52182) (-3.12174, 1.8092) (0.0195072, 2.30082) 
(-2.1695, 1.96863) (-2.39222, 2.21491) (-0.0798548, -0.707467) (1.9235, -1.52181) (-3.12174, 1.8092) (0.0195249, 2.30081) 
(-2.15859, 2.03641) (-2.39222, 2.21491) (-0.0753165, -0.647871) (1.92353, -1.52183) (-3.12174, 1.8092) (0.0195012, 2.3008) 
(-2.14429, 2.08452) (-2.39222, 2.21491) (-0.0567624, -0.60964) (1.92354, -1.52182) (-3.12174, 1.8092) (0.019512, 2.30081) 
(-2.1441, 2.1086) (-2.39222, 2.21491) (-0.0366821, -0.564965) (1.92347, -1.52181) (-3.12174, 1.8092) (0.0195131, 2.30082) 
(-2.15789, 2.11505) (-2.39222, 2.21491) (-0.0268659, -0.522136) (1.92349, -1.5218) (-3.12174, 1.8092) (0.0195107, 2.30081) 
(-2.19551, 2.10484) (-2.39222, 2.21491) (-0.0267874, -0.448798) (1.92352, -1.52182) (-3.12174, 1.8092) (0.0195257, 2.3008) 
(-2.24496, 2.07112) (-2.39222, 2.21491) (-0.0260839, -0.40304) (1.92355, -1.52183) (-3.12174, 1.8092) (0.0195277, 2.3008) 
(-2.28593, 2.03223) (-2.39222, 2.21491) (-0.0176348, -0.376598) (1.92354, -1.52182) (-3.12174, 1.8092) (0.019529, 2.30081) 
(-2.32393, 1.98585) (-2.39222, 2.21491) (-0.019363, -0.325706) (1.92352, -1.52182) (-3.12174, 1.8092) (0.0195163, 2.3008) 
(-2.36323, 1.91973) (-2.39222, 2.21491) (-0.0435499, -0.27378) (1.92349, -1.5218) (-3.12174, 1.8092) (0.0194993, 2.3008) 
(-2.39148, 1.85511) (-2.39222, 2.21491) (-0.0781353, -0.242796) (1.92352, -1.52182) (-3.12174, 1.8092) (0.0195109, 2.30081) 
(-2.41254, 1.80703) (-2.39222, 2.21491) (-0.11488, -0.212115) (1.92353, -1.52182) (-3.12174, 1.8092) (0.0195338, 2.30081) 
(-2.43497, 1.76031) (-2.39222, 2.21491) (-0.171406, -0.157749) (1.92353, -1.52183) (-3.12174, 1.8092) (0.0195128, 2.3008) 
(-2.44181, 1.75788) (-2.39222, 2.21491) (-0.194575, -0.130831) (1.92353, -1.52182) (-3.12174, 1.8092) (0.0195197, 2.3008) 
(-2.45881, 1.77647) (-2.39222, 2.21491) (-0.237239, -0.025029) (1.92349, -1.52181) (-3.12174, 1.8092) (0.019518, 2.30079) 
(-2.45991, 1.80113) (-2.39222, 2.21491) (-0.245082, 0.0204287) (1.92352, -1.52183) (-3.12174, 1.8092) (0.0195298, 2.30081) 
(-2.44686, 1.85105) (-2.39222, 2.21491) (-0.255724, 0.0860477) (1.92351, -1.5218) (-3.12174, 1.8092) (0.0195096, 2.30081) 
(-2.42671, 1.9026) (-2.39222, 2.21491) (-0.261681, 0.14738) (1.9235, -1.52183) (-3.12174, 1.8092) (0.0195401, 2.30081) 
(-2.39434, 1.96026) (-2.39222, 2.21491) (-0.256183, 0.224664) (1.92352, -1.52182) (-3.12174, 1.8092) (0.0195024, 2.3008) 
(-2.36168, 2.00548) (-2.39222, 2.21491) (-0.237323, 0.306168) (1.9235, -1.52183) (-3.12174, 1.8092) (0.0194947, 2.3008) 
(-2.33055, 2.04145) (-2.39222, 2.21491) (-0.210697, 0.388098) (1.92351, -1.52183) (-3.12174, 1.8092) (0.0195096, 2.3008) 
(-2.30503, 2.06394) (-2.39222, 2.21491) (-0.201123, 0.449474) (1.92351, -1.52184) (-3.12174, 1.8092) (0.0195056, 2.30079) 
(-2.2703, 2.08452) (-2.39222, 2.21491) (-0.207168, 0.552336) (1.92349, -1.52181) (-3.12174, 1.8092) (0.0195293, 2.30079) 
(-2.25352, 2.09689) (-2.39222, 2.21491) (-0.217024, 0.615355) (1.92355, -1.52184) (-3.12174, 1.8092) (0.0195197, 2.3008) 
(-2.24179, 2.1131) (-2.39222, 2.21491) (-0.228104, 0.701086) (1.92352, -1.52181) (-3.12174, 1.8092) (0.0195066, 2.3008) 
(-2.23737, 2.12032) (-2.39222, 2.21491) (-0.237903, 0.796657) (1.92355, -1.52184) (-3.12174, 1.8092) (0.0195223, 2.3008) 
(-2.23176, 2.11633) (-2.39222, 2.21491) (-0.254505, 0.881863) (1.9235, -1.5218) (-3.12174, 1.8092) (0.0195215, 2.3008) 
(-2.22744, 2.10554) (-2.39222, 2.21491) (-0.283006, 0.983428) (1.92349, -1.5218) (-3.12174, 1.8092) (0.0195273, 2.3008) 
(-2.22862, 2.09032) (-2.39222, 2.21491) (-0.310339, 1.07878) (1.92351, -1.52183) (-3.12174, 1.8092) (0.0195337, 2.30079) 
(-2.23741, 2.06847) (-2.39222, 2.21491) (-0.310869, 1.17313) (1.9235, -1.5218) (-3.12174, 1.8092) (0.019527, 2.3008) 
(-2.25503, 2.03688) (-2.39222, 2.21491) (-0.293541, 1.25832) (1.92351, -1.52182) (-3.12174, 1.8092) (0.0195327, 2.3008) 
(-2.27, 2.00158) (-2.39222, 2.21491) (-0.273259, 1.3402) (1.9235, -1.52183) (-3.12174, 1.8092) (0.0195032, 2.3008) 
(-2.28378, 1.95111) (-2.39222, 2.21491) (-0.243231, 1.45668) (1.92355, -1.52182) (-3.12174, 1.8092) (0.0195116, 2.3008) 
(-2.29692, 1.90379) (-2.39222, 2.21491) (-0.208684, 1.57796) (1.9235, -1.52183) (-3.12174, 1.8092) (0.0195123, 2.30079) 
(-2.31419, 1.8527) (-2.39222, 2.21491) (-0.166541, 1.7302) (1.9235, -1.52181) (-3.12174, 1.8092) (0.0194962, 2.30078) 
(-2.32948, 1.80408) (-2.39222, 2.21491) (-0.122696, 1.89914) (1.92351, -1.52181) (-3.12174, 1.8092) (0.0195226, 2.3008) 
(-2.33884, 1.74426) (-2.39222, 2.21491) (-0.0752177, 2.09826) (1.92352, -1.52182) (-3.12174, 1.8092) (0.0193184, 2.30078) 
(-2.33446, 1.6904) (-2.39222, 2.21491) (-0.0462537, 2.24745) (1.92349, -1.5218) (-3.12174, 1.8092) (0.0191784, 2.30067) 
(-2.31518, 1.6452) (-2.39222, 2.21491) (-0.0272578, 2.34842) (1.92351, -1.52182) (-3.12174, 1.8092) (0.019242, 2.30084) 
(-2.27866, 1.59971) (-2.39222, 2.21491) (-0.00575066, 2.42936) (1.92347, -1.5218) (-3.12174, 1.8092) (0.0191645, 2.30068) 
(-2.22267, 1.55419) (-2.39222, 2.21491) (0.0142183, 2.48642) (1.92349, -1.52181) (-3.12174, 1.8092) (0.0190948, 2.30076) 
(-2.14765, 1.50938) (-2.39222, 2.21491) (0.0335451, 2.52548) (1.92348, -1.52181) (-3.12174, 1.8092) (0.0192476, 2.30089) 
(-2.05417, 1.46737) (-2.39222, 2.21491) (0.0551667, 2.54937) (1.92348, -1.52179) (-3.12174, 1.8092) (0.0193505, 2.30055) 
(-1.98569, 1.43846) (-2.39222, 2.21491) (0.0690965, 2.55972) (1.92348, -1.52179) (-3.12174, 1.8092) (0.0193653, 2.30095) 
(-1.91438, 1.403) (-2.39222, 2.21491) (0.0838584, 2.56723) (1.9235, -1.52181) (-3.12174, 1.8092) (0.0194191, 2.30139) 
(-1.79764, 1.31588) (-2.39222, 2.21491) (0.124738, 2.56592) (1.92348, -1.52179) (-3.12174, 1.8092) (0.0194837, 2.30193) 
(-1.74089, 1.25369) (-2.39222, 2.21491) (0.144481, 2.55899) (1.92348, -1.5218) (-3.12174, 1.8092) (0.0192176, 2.30177) 
(-1.67661, 1.17441) (-2.39222, 2.21491) (0.160773, 2.55185) (1.92347, -1.52181) (-3.12174, 1.8092) (0.018872, 2.3013) 
(-1.61791, 1.0877) (-2.39222, 2.21491) (0.170924, 2.54708) (1.92348, -1.5218) (-3.12174, 1.8092) (0.0186902, 2.30208) 
(-1.54004, 0.973002) (-2.39222, 2.21491) (0.178231, 2.54343) (1.9235, -1.52182) (-3.12174, 1.8092) (0.0192107, 2.30125) 
(-1.45952, 0.874347) (-2.39222, 2.21491) (0.18238, 2.54149) (1.92348, -1.5218) (-3.12174, 1.8092) (0.0187207, 2.30071) 
(-1.36555, 0.793007) (-2.39222, 2.21491) (0.182895, 2.53991) (1.92348, -1.52183) (-3.12174, 1.8092) (0.0187654, 2.30117) 
(-1.2752, 0.726085) (-2.39222, 2.21491) (0.179482, 2.54005) (1.92347, -1.52181) (-3.12174, 1.8092) (0.0188394, 2.30066) 
(-1.24464, 0.703839) (-2.39222, 2.21491) (0.177721, 2.54075) (1.9235, -1.52181) (-3.12174, 1.8092) (0.0188307, 2.30073) 
(-1.08454, 0.602829) (-2.39222, 2.21491) (0.166482, 2.54428) (1.92351, -1.52182) (-3.12174, 1.8092) (0.0189194, 2.30111) 
(-0.969047, 0.544229) (-2.39222, 2.21491) (0.16014, 2.5465) (1.92349, -1.52183) (-3.12174, 1.8092) (0.0187977, 2.3008) 
(-0.867319, 0.494117) (-2.39222, 2.21491) (0.156283, 2.54771) (1.9235, -1.52182) (-3.12174, 1.8092) (0.0189, 2.30086) 
(-0.763722, 0.430096) (-2.39222, 2.21491) (0.153985, 2.54722) (1.92349, -1.52182) (-3.12174, 1.8092) (0.0189513, 2.30078) 
(-0.675753, 0.356546) (-2.39222, 2.21491) (0.15394, 2.54684) (1.92348, -1.5218) (-3.12174, 1.8092) (0.0188583, 2.30046) 
(-0.586439, 0.276578) (-2.39222, 2.21491) (0.153567, 2.54627) (1.92351, -1.52183) (-3.12174, 1.8092) (0.0188861, 2.3005) 
(-0.504539, 0.198664) (-2.39222, 2.21491) (0.153445, 2.54587) (1.92347, -1.5218) (-3.12174, 1.8092) (0.0189181, 2.30066) 
(-0.404111, 0.104149) (-2.39222, 2.21491) (0.150234, 2.54622) (1.9235, -1.52182) (-3.12174, 1.8092) (0.0189562, 2.30046) 
(-0.297673, 0.0169046) (-2.39222, 2.21491) (0.146956, 2.54698) (1.92347, -1.5218) (-3.12174, 1.8092) (0.0189042, 2.30049) 
(-0.198729, -0.058497) (-2.39222, 2.21491) (0.143374, 2.54766) (1.92351, -1.52181) (-3.12174, 1.8092) (0.0189485, 2.3006) 
(-0.0928133, -0.125893) (-2.39222, 2.21491) (0.139347, 2.54802) (1.92347, -1.52181) (-3.12174, 1.8092) (0.0189319, 2.30048) 
(0.039533, -0.206179) (-2.39222, 2.21491) (0.136585, 2.54792) (1.92348, -1.52179) (-3.12174, 1.8092) (0.0189238, 2.30049) 
(0.166571, -0.277948) (-2.39222, 2.21491) (0.136701, 2.54812) (1.92351, -1.52181) (-3.12174, 1.8092) (0.0189874, 2.30053) 
(0.285735, -0.337651) (-2.39222, 2.21491) (0.137846, 2.54899) (1.92351, -1.52181) (-3.12174, 1.8092) (0.0190223, 2.30059) 
(0.405505, -0.401835) (-2.39222, 2.21491) (0.139683, 2.54955) (1.92347, -1.52179) (-3.12174, 1.8092) (0.019016, 2.30074) 
(0.502106, -0.473261) (-2.39222, 2.21491) (0.140235, 2.5504) (1.92346, -1.52178) (-3.12174, 1.8092) (0.01905, 2.30073) 
(0.57826, -0.546425) (-2.39222, 2.21491) (0.141125, 2.55136) (1.92348, -1.52182) (-3.12174, 1.8092) (0.0190472, 2.30073) 
(0.674477, -0.64104) (-2.39222, 2.21491) (0.141056, 2.55216) (1.92352, -1.52182) (-3.12174, 1.8092) (0.0190745, 2.30086) 
(0.750217, -0.720251) (-2.39222, 2.21491) (0.13974, 2.55252) (1.92351, -1.5218) (-3.12174, 1.8092) (0.019084, 2.30077) 
(0.800336, -0.776486) (-2.39222, 2.21491) (0.138506, 2.55241) (1.92352, -1.52183) (-3.12174, 1.8092) (0.0190593, 2.30053) 
(0.948763, -0.923574) (-2.39222, 2.21491) (0.121524, 2.55089) (1.92349, -1.52182) (-3.12174, 1.8092) (0.0187465, 2.29622) 
(1.03593, -0.987492) (-2.39222, 2.21491) (0.0814396, 2.54951) (1.92347, -1.5218) (-3.12174, 1.8092) (0.0187406, 2.29737) 
(1.13455, -1.03813) (-2.39222, 2.21491) (0.00160781, 2.53889) (1.92345, -1.52181) (-3.12174, 1.8092) (0.0190869, 2.30166) 
(1.22856, -1.07033) (-2.39222, 2.21491) (-0.0946697, 2.50211) (1.92349, -1.52179) (-3.12174, 1.8092) (0.0194019, 2.30086) 
(1.30451, -1.08388) (-2.39222, 2.21491) (-0.182617, 2.44252) (1.92349, -1.5218) (-3.12174, 1.8092) (0.0195137, 2.30086) 
(1.3893, -1.08441) (-2.39222, 2.21491) (-0.278217, 2.35011) (1.92349, -1.52182) (-3.12174, 1.8092) (0.0196708, 2.30145) 
(1.45393, -1.0901) (-2.39222, 2.21491) (-0.349315, 2.26182) (1.92347, -1.52179) (-3.12174, 1.8092) (0.0192006, 2.30103) 
(1.52979, -1.11258) (-2.39222, 2.21491) (-0.41951, 2.15838) (1.92353, -1.52182) (-3.12174, 1.8092) (0.019496, 2.30128) 
(1.59916, -1.14352) (-2.39222, 2.21491) (-0.476898, 2.06733) (1.92348, -1.5218) (-3.12174, 1.8092) (0.0194102, 2.30126) 
(1.67026, -1.18513) (-2.39222, 2.21491) (-0.536077, 1.98639) (1.92345, -1.5218) (-3.12174, 1.8092) (0.0201558, 2.30132) 
(1.73559, -1.22495) (-2.39222, 2.21491) (-0.5759, 1.93502) (1.92346, -1.52181) (-3.12174, 1.8092) (0.0193554, 2.30132) 
(1.80326, -1.2761) (-2.39222, 2.21491) (-0.619057, 1.89818) (1.92346, -1.52178) (-3.12174, 1.8092) (0.019344, 2.30133) 
(1.86106, -1.32105) (-2.39222, 2.21491) (-0.667359, 1.87937) (1.92347, -1.52179) (-3.12174, 1.8092) (0.0196425, 2.3013) 
(1.91532, -1.35943) (-2.39222, 2.21491) (-0.738785, 1.87302) (1.92352, -1.52182) (-3.12174, 1.8092) (0.0196373, 2.30124) 
(1.94858, -1.37853) (-2.39222, 2.21491) (-0.810228, 1.87971) (1.92353, -1.52181) (-3.12174, 1.8092) (0.0195438, 2.30123) 
(1.97736, -1.39232) (-2.39222, 2.21491) (-0.908326, 1.89937) (1.9235, -1.52182) (-3.12174, 1.8092) (0.0193902, 2.30097) 
(2.00078, -1.3992) (-2.39222, 2.21491) (-1.03274, 1.91996) (1.92347, -1.5218) (-3.12174, 1.8092) (0.0194242, 2.30105) 
(2.01249, -1.40238) (-2.39222, 2.21491) (-1.14636, 1.93135) (1.92373, -1.52174) (-3.12174, 1.8092) (0.0194216, 2.30097) 
(2.01779, -1.41006) (-2.39222, 2.21491) (-1.26509, 1.92619) (1.92395, -1.52213) (-3.12174, 1.8092) (0.0194718, 2.30105) 
(2.01928, -1.41301) (-2.39222, 2.21491) (-1.33218, 1.92051) (1.92375, -1.52193) (-3.12174, 1.8092) (0.0194655, 2.30105) 
(2.02483, -1.41922) (-2.39222, 2.21491) (-1.53342, 1.91696) (1.92368, -1.52218) (-3.12174, 1.8092) (0.0195187, 2.30111) 
(2.0294, -1.41996) (-2.39222, 2.21491) (-1.64989, 1.91962) (1.92395, -1.52236) (-3.12174, 1.8092) (0.0194737, 2.30105) 
(2.03344, -1.42035) (-2.39222, 2.21491) (-1.81426, 1.91929) (1.92492, -1.52402) (-3.12174, 1.8092) (0.0194894, 2.30106) 
(2.0347, -1.42143) (-2.39222, 2.21491) (-1.94082, 1.91455) (1.92623, -1.52483) (-3.12174, 1.8092) (0.0194957, 2.30107) 
(2.03682, -1.42139) (-2.39222, 2.21491) (-2.05574, 1.93266) (1.93203, -1.52733) (-3.12174, 1.8092) (0.0195184, 2.3011) 
(2.04091, -1.42259) (-2.39222, 2.21491) (-2.14714, 1.96782) (1.92992, -1.52825) (-3.12174, 1.8092) (0.0194178, 2.301) 
(2.05168, -1.42868) (-2.39222, 2.21491) (-2.25806, 2.01216) (1.92348, -1.52363) (-3.12174, 1.8092) (0.0194662, 2.30105) 
(2.07914, -1.42243) (-2.39222, 2.21491) (-2.39213, 2.06168) (1.92286, -1.52218) (-3.12174, 1.8092) (0.0195078, 2.30111) 
(2.11494, -1.40415) (-2.39222, 2.21491) (-2.53189, 2.09944) (1.92345, -1.52093) (-3.12174, 1.8092) (0.0195139, 2.3011) 
(2.14629, -1.38677) (-2.39222, 2.21491) (-2.63571, 2.12514) (1.92318, -1.52219) (-3.12174, 1.8092) (0.0195231, 2.30109) 
(2.18851, -1.34963) (-2.39222, 2.21491) (-2.80806, 2.12951) (1.92318, -1.52197) (-3.12174, 1.8092) (0.0195158, 2.3011) 
(2.20709, -1.31838) (-2.39222, 2.21491) (-2.89121, 2.13004) (1.92308, -1.52198) (-3.12174, 1.8092) (0.0195027, 2.30109) 
(2.22152, -1.26958) (-2.39222, 2.21491) (-2.89083, 2.12999) (1.92298, -1.52205) (-3.12174, 1.8092) (0.0194938, 2.30109) 
(2.22218, -1.22104) (-2.39222, 2.21491) (-2.89083, 2.12999) (1.92287, -1.52251) (-3.12174, 1.8092) (0.01953, 2.3011) 
(2.21808, -1.18455) (-2.39222, 2.21491) (-2.89083, 2.12999) (1.92319, -1.52244) (-3.12174, 1.8092) (0.0195278, 2.3011) 
(2.21092, -1.14007) (-2.39222, 2.21491) (-2.89083, 2.12999) (1.92333, -1.52181) (-3.12174, 1.8092) (0.0195363, 2.3011) 
(2.19878, -1.09635) (-2.39222, 2.21491) (-2.89083, 2.12999) (1.91678, -1.51717) (-3.12174, 1.8092) (0.0195428, 2.30111) 
(2.18832, -1.05859) (-2.39222, 2.21491) (-2.89083, 2.12999) (1.91371, -1.51278) (-3.12174, 1.8092) (0.0194929, 2.30108) 
(2.17382, -1.01838) (-2.39222, 2.21491) (-2.89083, 2.12999) (1.91636, -1.5018) (-3.12174, 1.8092) (0.0194947, 2.3011) 
(2.16022, -0.979646) (-2.39222, 2.21491) (-2.89083, 2.12999) (1.90964, -1.47551) (-3.12174, 1.8092) (0.0195061, 2.3011) 
(2.14723, -0.950355) (-2.39222, 2.21491) (-2.89083, 2.12999) (1.90106, -1.44537) (-3.12174, 1.8092) (0.0194895, 2.30108) 
(2.1296, -0.918788) (-2.39222, 2.21491) (-2.89083, 2.12999) (1.90037, -1.40486) (-3.12174, 1.8092) (0.0194015, 2.30097) 
(2.10349, -0.886615) (-2.39222, 2.21491) (-2.89083, 2.12999) (1.90451, -1.34519) (-3.12174, 1.8092) (0.0195189, 2.30111) 
(2.07252, -0.85772) (-2.39222, 2.21491) (-2.89083, 2.12999) (1.90327, -1.288) (-3.12174, 1.8092) (0.0194035, 2.30098) 
(2.02158, -0.816358) (-2.39222, 2.21491) (-2.89083, 2.12999) (1.90028, -1.22411) (-3.12174, 1.8092) (0.019514, 2.3011) 
(1.96294, -0.778111) (-2.39222, 2.21491) (-2.89083, 2.12999) (1.89219, -1.15816) (-3.12174, 1.8092) (0.0194716, 2.30106) 
(1.88017, -0.735751) (-2.39222, 2.21491) (-2.89083, 2.12999) (1.87641, -1.07096) (-3.12174, 1.8092) (0.0194293, 2.301) 
(1.78131, -0.69742) (-2.39222, 2.21491) (-2.89083, 2.12999) (1.85912, -0.983675) (-3.12174, 1.8092) (0.0194531, 2.30101) 
(1.67499, -0.667801) (-2.39222, 2.21491) (-2.89083, 2.12999) (1.83037, -0.894692) (-3.12174, 1.8092) (0.0193951, 2.30106) 
(1.6028, -0.651731) (-2.39222, 2.21491) (-2.89083, 2.12999) (1.8025, -0.832736) (-3.12174, 1.8092) (0.0195017, 2.30107) 
(1.52637, -0.622407) (-2.39222, 2.21491) (-2.89083, 2.12999) (1.76611, -0.758154) (-3.12174, 1.8092) (0.0194235, 2.30097) 
(1.46695, -0.603373) (-2.39222, 2.21491) (-2.89083, 2.12999) (1.73764, -0.693657) (-3.12174, 1.8092) (0.0194656, 2.30104) 
(1.40526, -0.58575) (-2.39222, 2.21491) (-2.89083, 2.12999) (1.70392, -0.617435) (-3.12174, 1.8092) (0.0195026, 2.30109) 
(1.3588, -0.568486) (-2.39222, 2.21491) (-2.89083, 2.12999) (1.67495, -0.550128) (-3.12174, 1.8092) (0.0195162, 2.30109) 
(1.32279, -0.548438) (-2.39222, 2.21491) (-2.89083, 2.12999) (1.65111, -0.489943) (-3.12174, 1.8092) (0.0195139, 2.30108) 
(1.29319, -0.52253) (-2.39222, 2.21491) (-2.89083, 2.12999) (1.61596, -0.414992) (-3.12174, 1.8092) (0.0194524, 2.30101) 
(1.2839, -0.502658) (-2.39222, 2.21491) (-2.89083, 2.12999) (1.58317, -0.348934) (-3.12174, 1.8092) (0.0194878, 2.30105) 
(1.29005, -0.488429) (-2.39222, 2.21491) (-2.89083, 2.12999) (1.55673, -0.304831) (-3.12174, 1.8092) (0.0195067, 2.30107) 
(1.31638, -0.436875) (-2.39222, 2.21491) (-2.89083, 2.12999) (1.5098, -0.240075) (-3.12174, 1.8092) (0.0194892, 2.3011) 
(1.32899, -0.40815) (-2.39222, 2.21491) (-2.89083, 2.12999) (1.4935, -0.211792) (-3.12174, 1.8092) (0.0194623, 2.30106) 
(1.33655, -0.337621) (-2.39222, 2.21491) (-2.89083, 2.12999) (1.4369, -0.12349) (-3.12174, 1.8092) (0.0194059, 2.30096) 
(1.32269, -0.298126) (-2.39222, 2.21491) (-2.89083, 2.12999) (1.39357, -0.0651462) (-3.12174, 1.8092) (0.0194264, 2.30099) 
(1.29741, -0.259421) (-2.39222, 2.21491) (-2.89083, 2.12999) (1.34974, -0.0138944) (-3.12174, 1.8092) (0.019496, 2.30106) 
(1.26448, -0.221703) (-2.39222, 2.21491) (-2.89083, 2.12999) (1.30553, 0.031641) (-3.12174, 1.8092) (0.019499, 2.30106) 
(1.19619, -0.166422) (-2.39222, 2.21491) (-2.89083, 2.12999) (1.23738, 0.0957366) (-3.12174, 1.8092) (0.0194409, 2.30106) 
(1.13324, -0.132336) (-2.39222, 2.21491) (-2.89083, 2.12999) (1.19102, 0.138156) (-3.12174, 1.8092) (0.0195315, 2.30111) 
(1.06373, -0.096374) (-2.39222, 2.21491) (-2.89083, 2.12999) (1.14054, 0.182141) (-3.12174, 1.8092) (0.0195313, 2.30109) 
(0.988046, -0.0491249) (-2.39222, 2.21491) (-2.89083, 2.12999) (1.07296, 0.234341) (-3.12174, 1.8092) (0.0195167, 2.3011) 
(0.94141, -0.0103164) (-2.39222, 2.21491) (-2.89083, 2.12999) (1.01843, 0.273991) (-3.12174, 1.8092) (0.0194894, 2.30105) 
(0.924322, 0.00602528) (-2.39222, 2.21491) (-2.89083, 2.12999) (0.995693, 0.290062) (-3.12174, 1.8092) (0.0194078, 2.301) 
(0.856982, 0.0707742) (-2.39222, 2.21491) (-2.89083, 2.12999) (0.90283, 0.353728) (-3.12174, 1.8092) (0.0194946, 2.30109) 
(0.815846, 0.113902) (-2.39222, 2.21491) (-2.89083, 2.12999) (0.849192, 0.394255) (-3.12174, 1.8092) (0.0194324, 2.30098) 
(0.77725, 0.161857) (-2.39222, 2.21491) (-2.89083, 2.12999) (0.79685, 0.437144) (-3.12174, 1.8092) (0.0194508, 2.301) 
(0.736274, 0.2271) (-2.39222, 2.21491) (-2.89083, 2.12999) (0.73827, 0.489774) (-3.12174, 1.8092) (0.0194161, 2.30099) 
(0.701076, 0.294595) (-2.39222, 2.21491) (-2.89083, 2.12999) (0.69378, 0.534404) (-3.12174, 1.8092) (0.0194263, 2.30097) 
(0.668357, 0.365896) (-2.39222, 2.21491) (-2.89083, 2.12999) (0.645004, 0.587092) (-3.12174, 1.8092) (0.0194863, 2.30107) 
(0.626557, 0.432328) (-2.39222, 2.21491) (-2.89083, 2.12999) (0.57424, 0.651085) (-3.12174, 1.8092) (0.0195264, 2.3011) 
(0.589278, 0.471487) (-2.39222, 2.21491) (-2.89083, 2.12999) (0.514354, 0.696753) (-3.12174, 1.8092) (0.0195283, 2.30111) 
(0.550755, 0.50142) (-2.39222, 2.21491) (-2.89083, 2.12999) (0.459937, 0.733972) (-3.12174, 1.8092) (0.0195091, 2.30109) 
(0.510264, 0.532186) (-2.39222, 2.21491) (-2.89083, 2.12999) (0.413494, 0.764164) (-3.12174, 1.8092) (0.0195175, 2.30112) 
(0.443558, 0.572215) (-2.39222, 2.21491) (-2.89083, 2.12999) (0.34414, 0.799588) (-3.12174, 1.8092) (0.0194417, 2.301) 
(0.364819, 0.602912) (-2.39222, 2.21491) (-2.89083, 2.12999) (0.27821, 0.834459) (-3.12174, 1.8092) (0.0194149, 2.30098) 
(0.268706, 0.635081) (-2.39222, 2.21491) (-2.89083, 2.12999) (0.207948, 0.876272) (-3.12174, 1.8092) (0.0195297, 2.3011) 
(0.173637, 0.668843) (-2.39222, 2.21491) (-2.89083, 2.12999) (0.12985, 0.909201) (-3.12174, 1.8092) (0.0195025, 2.3011) 
(0.0947599, 0.711443) (-2.39222, 2.21491) (-2.89083, 2.12999) (0.0426396, 0.935823) (-3.12174, 1.8092) (0.0195205, 2.3011) 
(0.0499922, 0.740905) (-2.39222, 2.21491) (-2.89083, 2.12999) (-0.00699232, 0.954453) (-3.12174, 1.8092) (0.0195188, 2.3011) 
(-0.0290259, 0.791979) (-2.39222, 2.21491) (-2.89083, 2.12999) (-0.103472, 0.986736) (-3.12174, 1.8092) (0.0195326, 2.3011) 
(-0.0970762, 0.830835) (-2.39222, 2.21491) (-2.89083, 2.12999) (-0.194194, 1.01787) (-3.12174, 1.8092) (0.0195351, 2.30112) 
(-0.155513, 0.865889) (-2.39222, 2.21491) (-2.89083, 2.12999) (-0.274543, 1.04705) (-3.12174, 1.8092) (0.0195464, 2.30112) 
(-0.214768, 0.909344) (-2.39222, 2.21491) (-2.89083, 2.12999) (-0.360364, 1.07515) (-3.12174, 1.8092) (0.0194813, 2.30106) 
(-0.304827, 0.972815) (-2.39222, 2.21491) (-2.89083, 2.12999) (-0.47063, 1.1106) (-3.12174, 1.8092) (0.0194354, 2.30101) 
(-0.374397, 1.01824) (-2.39222, 2.21491) (-2.89083, 2.12999) (-0.543232, 1.13701) (-3.12174, 1.8092) (0.019501, 2.30103) 
(-0.466726, 1.0716) (-2.39222, 2.21491) (-2.89083, 2.12999) (-0.631134, 1.17082) (-3.12174, 1.8092) (0.0195514, 2.30108) 
(-0.548124, 1.10672) (-2.39222, 2.21491) (-2.89083, 2.12999) (-0.71181, 1.2026) (-3.12174, 1.8092) (0.019187, 2.30097) 
(-0.629755, 1.13365) (-2.39222, 2.21491) (-2.89083, 2.12999) (-0.799048, 1.23776) (-3.12174, 1.8092) (0.0193055, 2.30104) 
(-0.702775, 1.15199) (-2.39222, 2.21491) (-2.89083, 2.12999) (-0.877743, 1.26439) (-3.12174, 1.8092) (0.0192055, 2.30101) 
(-0.783426, 1.16309) (-2.39222, 2.21491) (-2.89083, 2.12999) (-0.956175, 1.28948) (-3.12174, 1.8092) (0.019292, 2.30106) 
(-0.881842, 1.16317) (-2.39222, 2.21491) (-2.89083, 2.12999) (-1.04642, 1.31751) (-3.12174, 1.8092) (0.0192077, 2.30097) 
(-0.973799, 1.1657) (-2.39222, 2.21491) (-2.89083, 2.12999) (-1.12876, 1.3457) (-3.12174, 1.8092) (0.0192087, 2.30098) 
(-1.01761, 1.17351) (-2.39222, 2.21491) (-2.89083, 2.12999) (-1.16924, 1.35918) (-3.12174, 1.8092) (0.0193526, 2.3011) 
(-1.12999, 1.21606) (-2.39222, 2.21491) (-2.89083, 2.12999) (-1.2852, 1.39694) (-3.12174, 1.8092) (0.0194943, 2.30108) 
(-1.19402, 1.24764) (-2.39222, 2.21491) (-2.89083, 2.12999) (-1.35407, 1.41917) (-3.12174, 1.8092) (0.0194251, 2.301) 
(-1.27121, 1.29047) (-2.39222, 2.21491) (-2.89083, 2.12999) (-1.44121, 1.44896) (-3.12174, 1.8092) (0.0194557, 2.3011) 
(-1.32714, 1.32877) (-2.39222, 2.21491) (-2.89083, 2.12999) (-1.51205, 1.47326) (-3.12174, 1.8092) (0.0195205, 2.30111) 
(-1.39043, 1.38365) (-2.39222, 2.21491) (-2.89083, 2.12999) (-1.59336, 1.50226) (-3.12174, 1.8092) (0.0194122, 2.3011) 
(-1.44649, 1.42983) (-2.39222, 2.21491) (-2.89083, 2.12999) (-1.65559, 1.52636) (-3.12174, 1.8092) (0.0194059, 2.30098) 
(-1.51405, 1.46326) (-2.39222, 2.21491) (-2.89083, 2.12999) (-1.71797, 1.54996) (-3.12174, 1.8092) (0.0194415, 2.301) 
(-1.58187, 1.4869) (-2.39222, 2.21491) (-2.89083, 2.12999) (-1.77732, 1.57159) (-3.12174, 1.8092) (0.0194976, 2.30108) 
(-1.65289, 1.51313) (-2.39222, 2.21491) (-2.89083, 2.12999) (-1.83446, 1.59966) (2.25688, 1.9929) (0.0194979, 2.30108) 
(-1.65285, 1.51308) (-2.39222, 2.21491) (-2.89083, 2.12999) (-1.83436, 1.59966) (2.25688, 1.9929) (0.0194979, 2.30108) 
(-1.80888, 1.57192) (-2.39222, 2.21491) (-2.89083, 2.12999) (-1.93804, 1.65036) (2.28164, 1.97538) (0.0194452, 2.30111) 
(-1.8722, 1.60054) (-2.39222, 2.21491) (-2.89083, 2.12999) (-1.97851, 1.67107) (2.29258, 1.96585) (0.0195306, 2.30111) 
(-1.94508, 1.64329) (-2.39222, 2.21491) (-2.89083, 2.12999) (-2.02305, 1.69495) (2.30064, 1.95074) (0.0194687, 2.3011) 
(-1.99594, 1.68819) (-2.39222, 2.21491) (-2.89083, 2.12999) (-2.06248, 1.71651) (2.30733, 1.93803) (0.0193802, 2.301) 
(-2.02734, 1.75422) (-2.39222, 2.21491) (-2.89083, 2.12999) (-2.10905, 1.74034) (2.30984, 1.92188) (0.0194461, 2.30105) 
(-2.02509, 1.83645) (-2.39222, 2.21491) (-2.89083, 2.12999) (-2.16715, 1.7758) (2.30954, 1.8999) (0.0195114, 2.30111) 
(-2.00822, 1.87747) (-2.39222, 2.21491) (-2.89083, 2.12999) (-2.19665, 1.80047) (2.3066, 1.88799) (0.0195253, 2.30111) 
(-1.98125, 1.92287) (-2.39222, 2.21491) (-2.89083, 2.12999) (-2.21578, 1.82119) (2.29854, 1.87115) (0.0194851, 2.30106) 
(-1.96084, 1.969) (-2.39222, 2.21491) (-2.89083, 2.12999) (-2.23017, 1.83296) (2.28117, 1.8517) (0.019452, 2.30111) 
(-1.95549, 1.99602) (-2.39222, 2.21491) (-2.89083, 2.12999) (-2.22992, 1.83988) (2.26324, 1.83806) (0.0194885, 2.30106) 
(-1.95691, 2.00671) (-2.39222, 2.21491) (-2.89083, 2.12999) (-2.22932, 1.84431) (2.23815, 1.82529) (0.0194813, 2.30106) 
(-1.96913, 2.00863) (-2.39222, 2.21491) (-2.89083, 2.12999) (-2.22698, 1.84416) (2.21579, 1.81431) (0.0194657, 2.30106) 
(-1.99353, 2.01546) (-2.39222, 2.21491) (-2.89083, 2.12999) (-2.22698, 1.84416) (2.18398, 1.79854) (0.0195223, 2.3011) 
(-2.00939, 2.02187) (-2.39222, 2.21491) (-2.89083, 2.12999) (-2.22698, 1.84416) (2.1592, 1.78243) (0.0194567, 2.30102) 
(-2.01114, 2.02543) (2.5185, 2.58841) (-2.89083, 2.12999) (-2.2049, 1.84345) (2.12485, 1.75675) (0.0195106, 2.3011) 
(-1.99854, 2.02918) (2.51664, 2.58806) (-2.89083, 2.12999) (-2.20437, 1.84723) (2.09696, 1.73767) (0.0194423, 2.30102) 
(-1.98536, 2.02999) (2.51386, 2.58596) (-2.89083, 2.12999) (-2.20298, 1.85023) (2.06922, 1.71697) (0.0194325, 2.30099) 
(-1.96793, 2.0299) (2.50908, 2.58215) (-2.89083, 2.12999) (-2.20113, 1.84971) (2.02817, 1.6899) (0.0195066, 2.30109) 
(-1.95654, 2.03645) (2.50417, 2.57995) (-2.89083, 2.12999) (-2.20114, 1.84971) (1.98946, 1.66205) (0.0194185, 2.30097) 
(-1.94857, 2.04592) (2.5008, 2.57802) (-2.89083, 2.12999) (-2.20114, 1.84971) (1.95534, 1.63699) (0.0194888, 2.30105) 
(-1.9421, 2.05424) (2.49743, 2.57797) (-2.89083, 2.12999) (-2.20114, 1.84971) (1.91153, 1.60497) (0.019428, 2.30102) 
(-1.93704, 2.05889) (2.49459, 2.57703) (-2.89083, 2.12999) (-2.20114, 1.84971) (1.8704, 1.57501) (0.0194059, 2.30099) 
(-1.93428, 2.06467) (2.49354, 2.57652) (-2.89083, 2.12999) (-2.20114, 1.84971) (1.82663, 1.54365) (0.0195034, 2.30108) 
(-1.93363, 2.07032) (2.49148, 2.57447) (-2.89083, 2.12999) (-2.20114, 1.84971) (1.78345, 1.51159) (0.0195208, 2.30109) 
(-1.93407, 2.07387) (2.48954, 2.57056) (-2.89083, 2.12999) (-2.20114, 1.84971) (1.7438, 1.48364) (0.0194225, 2.30102) 
