(1.65517, -0.472767) (2.69654, -0.288312) (-2.27112, 0.623983) (-1.60059, 0.464531) (0.0444372, 2.47182) (0.0656321, -2.20624) 
(1.65596, -0.473759) (2.69711, -0.289289) (-2.26899, 0.629574) (-1.60059, 0.464542) (0.0444201, 2.47181) (0.0656377, -2.20622) 
(1.65759, -0.474949) (2.69746, -0.290442) (-2.26973, 0.632711) (-1.60058, 0.464552) (0.0444413, 2.47182) (0.0656186, -2.20621) 
(1.65792, -0.475382) (2.69786, -0.292138) (-2.26832, 0.63744) (-1.60159, 0.464645) (0.0445746, 2.47272) (0.0658044, -2.20698) 
(1.65784, -0.475308) (2.69841, -0.293632) (-2.267, 0.638819) (-1.59077, 0.46462) (0.0397218, 2.44194) (0.0634331, -2.19511) 
(1.65715, -0.475592) (2.69799, -0.294509) (-2.26748, 0.634002) (-1.51466, 0.467645) (0.0423642, 2.38087) (0.060522, -2.14526) 
(1.65631, -0.475979) (2.68982, -0.293982) (-2.25872, 0.626479) (-1.45207, 0.4637) (0.0399277, 2.33457) (0.0487816, -2.11592) 
(1.65321, -0.477722) (2.67449, -0.289164) (-2.24626, 0.617771) (-1.40282, 0.470155) (0.0364821, 2.29165) (0.0383122, -2.08517) 
(1.64672, -0.48115) (2.65031, -0.278983) (-2.23251, 0.606688) (-1.35411, 0.472606) (0.0379199, 2.25154) (0.0310753, -2.04778) 
(1.63526, -0.491633) (2.61399, -0.259686) (-2.21145, 0.589907) (-1.29316, 0.473175) (0.0479901, 2.20657) (0.0286247, -2.001) 
(1.62526, -0.502207) (2.58759, -0.242025) (-2.19002, 0.574054) (-1.2484, 0.474233) (0.0561879, 2.17756) (0.0313686, -1.9709) 
(1.61027, -0.519537) (2.55116, -0.219656) (-2.1596, 0.544161) (-1.1894, 0.477674) (0.0706559, 2.14085) (0.0363746, -1.93131) 
(1.59383, -0.531918) (2.51669, -0.201916) (-2.13515, 0.512802) (-1.1413, 0.480043) (0.0902639, 2.10846) (0.0409231, -1.90307) 
(1.56884, -0.544511) (2.46645, -0.180824) (-2.09599, 0.46552) (-1.07917, 0.483819) (0.112134, 2.0664) (0.0421443, -1.85932) 
(1.54671, -0.548697) (2.41827, -0.163269) (-2.06132, 0.437319) (-1.0289, 0.484797) (0.127682, 2.03342) (0.0394933, -1.82337) 
(1.51716, -0.542712) (2.35442, -0.143803) (-2.02571, 0.419112) (-0.97433, 0.487445) (0.145271, 1.99469) (0.0360911, -1.7802) 
(1.489, -0.527998) (2.29707, -0.127545) (-2.00626, 0.406172) (-0.927273, 0.488553) (0.160204, 1.96152) (0.0316721, -1.74164) 
(1.45749, -0.497602) (2.22614, -0.105021) (-1.99017, 0.387463) (-0.874092, 0.4893) (0.176137, 1.92722) (0.0244478, -1.70171) 
(1.42913, -0.465458) (2.15772, -0.0708979) (-1.97758, 0.370504) (-0.825068, 0.488264) (0.191657, 1.89451) (0.0152482, -1.66643) 
(1.40211, -0.437991) (2.10008, -0.033488) (-1.96503, 0.359509) (-0.779807, 0.487904) (0.205012, 1.87426) (0.00553929, -1.63345) 
(1.3629, -0.407196) (2.02026, 0.0299005) (-1.9456, 0.35198) (-0.720312, 0.48719) (0.220826, 1.84137) (-0.00941361, -1.58724) 
(1.32635, -0.385937) (1.92964, 0.0999402) (-1.92682, 0.35425) (-0.672397, 0.485919) (0.233744, 1.81907) (-0.025934, -1.54179) 
(1.29656, -0.375112) (1.85182, 0.154458) (-1.91356, 0.360653) (-0.63733, 0.487054) (0.241529, 1.80119) (-0.0397925, -1.50642) 
(1.24775, -0.361574) (1.7187, 0.228277) (-1.89087, 0.375393) (-0.577982, 0.48886) (0.249884, 1.7704) (-0.0604096, -1.44895) 
(1.20227, -0.358196) (1.60436, 0.27072) (-1.8679, 0.391003) (-0.524487, 0.493779) (0.260331, 1.74527) (-0.0703048, -1.403) 
(1.19834, -0.358598) (1.59438, 0.273577) (-1.86584, 0.392498) (-0.519766, 0.494105) (0.260802, 1.74329) (-0.0710159, -1.39979) 
(1.10554, -0.382519) (1.35928, 0.324046) (-1.81169, 0.438715) (-0.421704, 0.496036) (0.286991, 1.70822) (-0.0892812, -1.30932) 
(1.0511, -0.40341) (1.23103, 0.339554) (-1.78337, 0.466485) (-0.375365, 0.496869) (0.306228, 1.69255) (-0.100874, -1.25914) 
(1.0004, -0.425304) (1.11133, 0.36376) (-1.74981, 0.48314) (-0.333901, 0.498378) (0.326331, 1.68335) (-0.114058, -1.2138) 
(0.955531, -0.444309) (0.996298, 0.389875) (-1.7182, 0.487158) (-0.295953, 0.491914) (0.338594, 1.67391) (-0.120005, -1.17482) 
(0.91128, -0.454198) (0.872525, 0.412068) (-1.69399, 0.487718) (-0.252907, 0.479798) (0.354425, 1.66526) (-0.125305, -1.12331) 
(0.874071, -0.454348) (0.766238, 0.425717) (-1.67161, 0.492804) (-0.225034, 0.462182) (0.362865, 1.65534) (-0.126888, -1.08128) 
(0.835993, -0.45084) (0.660136, 0.424637) (-1.65163, 0.500805) (-0.200553, 0.444491) (0.372164, 1.64493) (-0.125759, -1.04372) 
(0.782798, -0.442234) (0.537985, 0.396939) (-1.624, 0.506487) (-0.176447, 0.415934) (0.380188, 1.63061) (-0.12666, -0.994398) 
(0.733384, -0.427534) (0.449467, 0.361665) (-1.5946, 0.501223) (-0.161464, 0.390763) (0.385371, 1.61595) (-0.128786, -0.947629) 
(0.709989, -0.416686) (0.408088, 0.337709) (-1.57795, 0.494991) (-0.157658, 0.376502) (0.387204, 1.6088) (-0.130408, -0.925981) 
(0.638117, -0.379186) (0.304201, 0.24716) (-1.5222, 0.466709) (-0.146561, 0.338649) (0.385037, 1.58309) (-0.140793, -0.870532) 
(0.596958, -0.357771) (0.245951, 0.193473) (-1.48997, 0.446443) (-0.137938, 0.320124) (0.382312, 1.56459) (-0.148486, -0.85171) 
(0.544781, -0.330882) (0.163794, 0.131136) (-1.44128, 0.416852) (-0.136936, 0.300505) (0.373281, 1.54619) (-0.170839, -0.808997) 
(0.508471, -0.314735) (0.10442, 0.0941757) (-1.40818, 0.402372) (-0.139918, 0.283819) (0.372519, 1.5271) (-0.183692, -0.775913) 
(0.46793, -0.294817) (0.0206788, 0.0466019) (-1.35785, 0.386281) (-0.137476, 0.258783) (0.369551, 1.49991) (-0.196115, -0.739926) 
(0.442938, -0.28094) (-0.0495638, 0.00863644) (-1.32446, 0.382198) (-0.13476, 0.244275) (0.373014, 1.47643) (-0.203884, -0.703604) 
(0.417043, -0.271932) (-0.132261, -0.0291307) (-1.28997, 0.385539) (-0.125547, 0.231609) (0.374223, 1.45065) (-0.204125, -0.668299) 
(0.390111, -0.272004) (-0.216987, -0.0630615) (-1.2528, 0.393259) (-0.114149, 0.213129) (0.380038, 1.42086) (-0.203248, -0.640792) 
(0.35367, -0.282046) (-0.311146, -0.102723) (-1.21309, 0.413388) (-0.0993177, 0.202027) (0.390137, 1.3866) (-0.202624, -0.608913) 
(0.321571, -0.295688) (-0.383094, -0.134492) (-1.1768, 0.438212) (-0.0882304, 0.193333) (0.397638, 1.35876) (-0.19555, -0.593571) 
(0.283342, -0.315665) (-0.461683, -0.17134) (-1.13142, 0.476689) (-0.0744498, 0.186094) (0.407709, 1.32724) (-0.186198, -0.573688) 
(0.22877, -0.345557) (-0.568846, -0.224077) (-1.07776, 0.529419) (-0.0551372, 0.180619) (0.421025, 1.28363) (-0.166462, -0.550191) 
(0.181525, -0.372297) (-0.663523, -0.264407) (-1.02676, 0.56948) (-0.0408619, 0.180548) (0.433509, 1.24465) (-0.145283, -0.531111) 
(0.134123, -0.396636) (-0.754204, -0.287133) (-0.967226, 0.594206) (-0.0237542, 0.177765) (0.447922, 1.20613) (-0.124141, -0.519473) 
(0.0929383, -0.413646) (-0.847666, -0.299708) (-0.904959, 0.609305) (-0.00561471, 0.173157) (0.464416, 1.17149) (-0.101678, -0.512394) 
(0.0552396, -0.422344) (-0.944258, -0.304643) (-0.837003, 0.613563) (0.011264, 0.17181) (0.485857, 1.13618) (-0.0870878, -0.517446) 
(0.0214204, -0.420982) (-1.03743, -0.303632) (-0.769048, 0.605263) (0.0242737, 0.177234) (0.506412, 1.10062) (-0.0943421, -0.52569) 
(-0.0248861, -0.408233) (-1.15673, -0.296835) (-0.679532, 0.581453) (0.0397587, 0.180385) (0.531305, 1.06474) (-0.0819127, -0.536086) 
(-0.072614, -0.383799) (-1.26238, -0.302729) (-0.593041, 0.562905) (0.0496466, 0.179822) (0.548872, 1.03218) (-0.07536, -0.541197) 
(-0.121721, -0.344268) (-1.36957, -0.317418) (-0.503721, 0.559527) (0.0615093, 0.177087) (0.56874, 0.996301) (-0.0768362, -0.556087) 
(-0.180782, -0.288546) (-1.48291, -0.338025) (-0.40925, 0.559764) (0.0761211, 0.169915) (0.58678, 0.953896) (-0.0581014, -0.556419) 
(-0.218782, -0.243038) (-1.56774, -0.356637) (-0.33482, 0.558715) (0.0871043, 0.162568) (0.600607, 0.920239) (-0.0554056, -0.563177) 
(-0.265715, -0.201938) (-1.66394, -0.377422) (-0.242951, 0.561013) (0.0976487, 0.152596) (0.615876, 0.876204) (-0.0430976, -0.568278) 
(-0.308564, -0.180117) (-1.76852, -0.385125) (-0.151618, 0.563812) (0.111768, 0.137257) (0.625895, 0.83343) (-0.00781626, -0.573887) 
(-0.357024, -0.169332) (-1.8586, -0.38408) (-0.0487776, 0.562456) (0.12334, 0.123473) (0.643534, 0.787006) (0.0609426, -0.594608) 
(-0.417078, -0.169263) (-1.93583, -0.382103) (0.0356841, 0.545722) (0.137087, 0.108677) (0.655759, 0.748327) (0.088718, -0.622188) 
(-0.47381, -0.175891) (-2.00395, -0.375629) (0.0979217, 0.520091) (0.152121, 0.0902612) (0.676791, 0.715319) (0.0795923, -0.639385) 
(-0.545023, -0.195195) (-2.06824, -0.366549) (0.160777, 0.492012) (0.160116, 0.0745351) (0.700278, 0.682806) (0.091519, -0.652693) 
(-0.620939, -0.226529) (-2.12916, -0.362913) (0.212627, 0.463547) (0.163917, 0.0535025) (0.732542, 0.654119) (0.0996606, -0.676554) 
(-0.692866, -0.262762) (-2.18298, -0.379412) (0.247596, 0.427546) (0.16323, 0.0351566) (0.760464, 0.636383) (0.105276, -0.686118) 
(-0.751229, -0.290759) (-2.2382, -0.401772) (0.271489, 0.400885) (0.160733, 0.0180713) (0.788952, 0.623891) (0.114509, -0.68828) 
(-0.811658, -0.308551) (-2.29607, -0.431807) (0.2944, 0.380715) (0.155789, 0.00191468) (0.812629, 0.620793) (0.122862, -0.696791) 
(-0.877599, -0.317139) (-2.36801, -0.470244) (0.310823, 0.360742) (0.145661, -0.017275) (0.843338, 0.61295) (0.131273, -0.701509) 
(-0.936351, -0.319106) (-2.43157, -0.502052) (0.319327, 0.345985) (0.133701, -0.0329448) (0.862435, 0.617424) (0.144158, -0.705273) 
(-1.00031, -0.313612) (-2.48301, -0.527991) (0.324853, 0.329798) (0.120364, -0.045566) (0.880071, 0.609082) (0.16224, -0.708377) 
(-1.07829, -0.296275) (-2.51577, -0.556682) (0.333987, 0.316337) (0.10391, -0.0626437) (0.908535, 0.59901) (0.172913, -0.705988) 
(-1.14305, -0.276942) (-2.53298, -0.578672) (0.347038, 0.317068) (0.0904941, -0.07388) (0.926199, 0.588203) (0.182145, -0.704126) 
(-1.22911, -0.257423) (-2.54912, -0.612203) (0.363539, 0.330044) (0.0693939, -0.0923104) (0.951034, 0.570365) (0.191111, -0.700808) 
(-1.30699, -0.244906) (-2.55428, -0.647794) (0.376859, 0.348255) (0.0498704, -0.110226) (0.972723, 0.549007) (0.197564, -0.696912) 
(-1.33844, -0.241507) (-2.553, -0.664836) (0.382875, 0.358108) (0.0436266, -0.116545) (0.981495, 0.539303) (0.200786, -0.69418) 
(-1.45735, -0.237231) (-2.53921, -0.729276) (0.409813, 0.396575) (0.0204885, -0.149062) (1.00804, 0.502097) (0.214167, -0.681204) 
(-1.53468, -0.236876) (-2.53064, -0.768369) (0.424047, 0.415372) (0.0179827, -0.163629) (1.02784, 0.467036) (0.223189, -0.669969) 
(-1.60099, -0.242384) (-2.52263, -0.792592) (0.429238, 0.424683) (0.01433, -0.183027) (1.04065, 0.436381) (0.236121, -0.657205) 
(-1.66974, -0.254623) (-2.51757, -0.809823) (0.435302, 0.424814) (0.0143561, -0.198873) (1.05676, 0.400569) (0.250901, -0.646112) 
(-1.74782, -0.276139) (-2.50965, -0.82558) (0.446523, 0.414852) (0.0193511, -0.208294) (1.07444, 0.360204) (0.265027, -0.639119) 
(-1.83143, -0.299693) (-2.50355, -0.838583) (0.459727, 0.391425) (0.0249538, -0.221607) (1.08956, 0.316711) (0.285598, -0.636604) 
(-1.89764, -0.307202) (-2.50231, -0.839079) (0.46735, 0.361611) (0.0340063, -0.236847) (1.10063, 0.280573) (0.308875, -0.633606) 
(-1.95668, -0.301402) (-2.50163, -0.838331) (0.469797, 0.330815) (0.046085, -0.25189) (1.10733, 0.246232) (0.332304, -0.635641) 
(-2.01973, -0.289366) (-2.50061, -0.836728) (0.471405, 0.292414) (0.0605413, -0.264534) (1.11302, 0.204812) (0.353229, -0.641394) 
(-2.08635, -0.274909) (-2.49951, -0.830547) (0.475059, 0.247955) (0.0772209, -0.273796) (1.11946, 0.160868) (0.372544, -0.650817) 
(-2.16592, -0.262024) (-2.49846, -0.823744) (0.485657, 0.202214) (0.095151, -0.280931) (1.12082, 0.108686) (0.392749, -0.664936) 
(-2.24194, -0.24377) (-2.49616, -0.81778) (0.503051, 0.165559) (0.114593, -0.285073) (1.12465, 0.0554304) (0.409076, -0.681659) 
(-2.32172, -0.229319) (-2.49346, -0.811072) (0.527518, 0.141695) (0.129846, -0.283899) (1.12818, 0.00141645) (0.42107, -0.700267) 
(-2.40438, -0.225431) (-2.49108, -0.806157) (0.558543, 0.12992) (0.143715, -0.281224) (1.12968, -0.0521599) (0.429699, -0.71992) 
(-2.45614, -0.227563) (-2.48971, -0.8036) (0.583459, 0.129757) (0.148792, -0.277516) (1.13552, -0.0924868) (0.433916, -0.736225) 
(-2.50279, -0.238494) (-2.4883, -0.801102) (0.621624, 0.134062) (0.157013, -0.273819) (1.13811, -0.147639) (0.438508, -0.754647) 
(-2.52474, -0.248506) (-2.48742, -0.799013) (0.678786, 0.144169) (0.167124, -0.269055) (1.14405, -0.211803) (0.443033, -0.769251) 
(-2.52852, -0.249701) (-2.48632, -0.797098) (0.725476, 0.156784) (0.17458, -0.263984) (1.14774, -0.25811) (0.449333, -0.779314) 
(-2.52109, -0.249823) (-2.48471, -0.794969) (0.777057, 0.173446) (0.187456, -0.252947) (1.15079, -0.305977) (0.459586, -0.786529) 
(-2.50505, -0.248557) (-2.4834, -0.79196) (0.836551, 0.19135) (0.19947, -0.23903) (1.15154, -0.360249) (0.466298, -0.7896) 
(-2.49049, -0.24837) (-2.48286, -0.79025) (0.886768, 0.206818) (0.212331, -0.228487) (1.1512, -0.409209) (0.471701, -0.787232) 
(-2.47938, -0.245643) (-2.4831, -0.788523) (0.93676, 0.218583) (0.226387, -0.217094) (1.14939, -0.463086) (0.477805, -0.786184) 
(-2.47286, -0.243896) (-2.48343, -0.787166) (0.992027, 0.220826) (0.249152, -0.205073) (1.14602, -0.522083) (0.48143, -0.781633) 
(-2.47245, -0.245428) (-2.48062, -0.787624) (1.03017, 0.214047) (0.269581, -0.195813) (1.1441, -0.563918) (0.479962, -0.777643) 
(-2.47597, -0.247426) (-2.47368, -0.787235) (1.06234, 0.198227) (0.290687, -0.186031) (1.14023, -0.61111) (0.47599, -0.772606) 
(-2.49238, -0.241949) (-2.46995, -0.786495) (1.08426, 0.162059) (0.324103, -0.168224) (1.13549, -0.664495) (0.479145, -0.768224) 
(-2.51388, -0.239112) (-2.46862, -0.786805) (1.08535, 0.115961) (0.352719, -0.154024) (1.1303, -0.711335) (0.484746, -0.762328) 
(-2.53209, -0.243301) (-2.46654, -0.786922) (1.07755, 0.081506) (0.364491, -0.137789) (1.12302, -0.742741) (0.49224, -0.756586) 
(-2.5615, -0.249077) (-2.46367, -0.785155) (1.06641, 0.0300301) (0.381984, -0.115194) (1.11193, -0.787969) (0.49997, -0.74569) 
(-2.57022, -0.251009) (-2.46324, -0.785045) (1.06405, 0.0173586) (0.387767, -0.106166) (1.10672, -0.804264) (0.502484, -0.741604) 
(-2.60643, -0.249554) (-2.46444, -0.788604) (1.09868, -0.0286347) (0.426331, -0.0528161) (1.07926, -0.88602) (0.509406, -0.721172) 
(-2.62224, -0.237902) (-2.46383, -0.788306) (1.13635, -0.0371448) (0.445968, -0.0290701) (1.06263, -0.92994) (0.511752, -0.706718) 
(-2.64037, -0.221249) (-2.46209, -0.786019) (1.19345, -0.0405345) (0.465516, -0.00611639) (1.04526, -0.974963) (0.511962, -0.688937) 
(-2.64682, -0.209771) (-2.46315, -0.784363) (1.24459, -0.0289392) (0.483938, 0.0100759) (1.03149, -1.00473) (0.509264, -0.677782) 
(-2.64323, -0.189827) (-2.4662, -0.784561) (1.34677, 0.0198495) (0.509703, 0.0272706) (1.01193, -1.04794) (0.502193, -0.658828) 
(-2.63339, -0.17254) (-2.46793, -0.785038) (1.4517, 0.0881282) (0.535681, 0.042606) (0.982999, -1.0851) (0.492884, -0.643234) 
(-2.62288, -0.156043) (-2.46919, -0.784742) (1.54631, 0.150971) (0.566477, 0.0585995) (0.954535, -1.11871) (0.482886, -0.632833) 
(-2.6143, -0.139719) (-2.47035, -0.784445) (1.62325, 0.203598) (0.599705, 0.0755256) (0.919825, -1.15097) (0.471634, -0.621393) 
(-2.60562, -0.120578) (-2.47189, -0.783399) (1.69177, 0.249578) (0.632653, 0.0920013) (0.885542, -1.18488) (0.457539, -0.607356) 
(-2.60494, -0.119127) (-2.47202, -0.783264) (1.69698, 0.252424) (0.635351, 0.0931733) (0.882336, -1.18792) (0.456147, -0.605573) 
(-2.60004, -0.103628) (-2.47535, -0.779619) (1.81022, 0.288987) (0.690879, 0.108233) (0.813585, -1.25812) (0.421482, -0.567812) 
(-2.60563, -0.105255) (-2.47704, -0.778229) (1.86074, 0.28234) (0.722998, 0.1121) (0.780976, -1.29392) (0.40948, -0.550868) 
(-2.61371, -0.110462) (-2.47874, -0.777387) (1.91528, 0.262906) (0.75896, 0.113638) (0.745345, -1.33534) (0.403892, -0.525677) 
(-2.61909, -0.11527) (-2.47957, -0.776827) (1.96402, 0.240617) (0.788, 0.115652) (0.712493, -1.37611) (0.39965, -0.504394) 
(-2.62055, -0.11874) (-2.48041, -0.776441) (2.0344, 0.2159) (0.827695, 0.123681) (0.676941, -1.42043) (0.400354, -0.48564) 
(-2.61794, -0.123523) (-2.48206, -0.776397) (2.11134, 0.198079) (0.858989, 0.135711) (0.634848, -1.47414) (0.399949, -0.465033) 
(-2.61481, -0.128311) (-2.4832, -0.776875) (2.15388, 0.186056) (0.880913, 0.151991) (0.604178, -1.51239) (0.399927, -0.44641) 
(-2.61005, -0.131985) (-2.48449, -0.777625) (2.20503, 0.167029) (0.913586, 0.176354) (0.564336, -1.56106) (0.398114, -0.417422) 
(-2.60909, -0.133288) (-2.48508, -0.778589) (2.25397, 0.150502) (0.951555, 0.199111) (0.526755, -1.60682) (0.394468, -0.393173) 
(-2.60904, -0.133231) (-2.48529, -0.779679) (2.2882, 0.135606) (0.969781, 0.210328) (0.501744, -1.63715) (0.391268, -0.375308) 
(-2.60845, -0.132322) (-2.48686, -0.781401) (2.34879, 0.0974322) (1.01201, 0.222906) (0.452286, -1.69725) (0.384814, -0.33585) 
(-2.60844, -0.131219) (-2.4887, -0.781678) (2.382, 0.067558) (1.04691, 0.228708) (0.417759, -1.73862) (0.380212, -0.307807) 
(-2.60906, -0.129111) (-2.49112, -0.781281) (2.41835, 0.0347985) (1.09045, 0.235338) (0.376433, -1.78716) (0.373855, -0.272635) 
(-2.61016, -0.127169) (-2.49408, -0.781159) (2.43105, 0.0137112) (1.12644, 0.239643) (0.341061, -1.82904) (0.367833, -0.23313) 
(-2.61188, -0.126594) (-2.49855, -0.781606) (2.43226, 0.00370242) (1.16312, 0.248002) (0.306594, -1.86896) (0.361948, -0.194482) 
(-2.61445, -0.126716) (-2.50339, -0.781544) (2.43621, 0.0154283) (1.21104, 0.261064) (0.265893, -1.91745) (0.356208, -0.144254) 
(-2.6159, -0.12708) (-2.50572, -0.781768) (2.44182, 0.0269206) (1.25533, 0.275945) (0.235462, -1.95329) (0.350623, -0.102923) 
(-2.61808, -0.127455) (-2.50646, -0.781981) (2.45544, 0.0390968) (1.30114, 0.291292) (0.203581, -1.99359) (0.345121, -0.0539246) 
(-2.61997, -0.127555) (-2.50644, -0.782038) (2.46507, 0.053885) (1.35414, 0.309223) (0.181394, -2.02003) (0.335818, 0.00619199) 
(-2.62077, -0.127707) (-2.50565, -0.781218) (2.46959, 0.068766) (1.40899, 0.328562) (0.183074, -2.01876) (0.326913, 0.0649927) 
(-2.61968, -0.127928) (-2.50454, -0.779463) (2.47064, 0.0796451) (1.45633, 0.346661) (0.183707, -2.01761) (0.320029, 0.115554) 
(-2.61711, -0.127948) (-2.50345, -0.777723) (2.47346, 0.0979166) (1.50334, 0.364398) (0.181528, -2.02031) (0.312209, 0.165237) 
(-2.61446, -0.128233) (-2.50205, -0.775138) (2.4854, 0.132947) (1.55899, 0.386586) (0.182638, -2.01919) (0.304247, 0.224953) 
(-2.61398, -0.128767) (-2.49979, -0.772693) (2.48612, 0.167054) (1.61813, 0.410004) (0.182098, -2.0195) (0.29735, 0.283169) 
(-2.61397, -0.129685) (-2.49799, -0.770336) (2.48022, 0.190712) (1.66078, 0.429656) (0.182286, -2.01941) (0.29108, 0.327675) 
(-2.6133, -0.131087) (-2.49681, -0.769217) (2.47016, 0.214614) (1.7076, 0.451318) (0.182368, -2.0194) (0.283235, 0.387933) 
(-2.61227, -0.132469) (-2.49501, -0.768938) (2.4687, 0.221348) (1.75385, 0.477731) (0.182239, -2.01935) (0.276743, 0.441498) 
(-2.61095, -0.133944) (-2.4896, -0.769356) (2.47982, 0.215239) (1.79148, 0.502308) (0.182323, -2.01936) (0.270172, 0.494576) 
(-2.6099, -0.134798) (-2.48473, -0.770406) (2.49724, 0.200724) (1.82467, 0.531214) (0.182308, -2.01937) (0.262461, 0.544847) 
(-2.60865, -0.135641) (-2.48502, -0.773653) (2.52145, 0.177371) (1.85787, 0.560105) (0.18232, -2.01932) (0.253776, 0.605102) 
(-2.60779, -0.135604) (-2.48641, -0.778516) (2.54818, 0.1509) (1.8991, 0.588275) (0.182347, -2.01934) (0.247463, 0.659517) 
(-2.60741, -0.135891) (-2.487, -0.784575) (2.57328, 0.122618) (1.93258, 0.601489) (0.182329, -2.01935) (0.240599, 0.709462) 
(-2.60779, -0.135536) (-2.48707, -0.79251) (2.5992, 0.0892348) (1.97874, 0.615514) (0.18232, -2.01933) (0.232414, 0.770639) 
(-2.60887, -0.13487) (-2.48842, -0.797322) (2.61273, 0.0643815) (2.01344, 0.618924) (0.182331, -2.01933) (0.227873, 0.821845) 
(-2.61029, -0.134012) (-2.49016, -0.799584) (2.62895, 0.0373459) (2.05304, 0.620297) (0.182355, -2.01934) (0.21881, 0.882664) 
(-2.61177, -0.132358) (-2.49114, -0.798588) (2.65548, 0.0145481) (2.09236, 0.616896) (0.182318, -2.01932) (0.210187, 0.94176) 
(-2.61317, -0.131112) (-2.4911, -0.797305) (2.67731, 0.00172403) (2.12852, 0.613787) (0.18233, -2.01933) (0.204384, 0.989526) 
(-2.6152, -0.129289) (-2.49149, -0.795338) (2.70415, -0.00756879) (2.17584, 0.609988) (0.182329, -2.01933) (0.195863, 1.05616) 
(-2.61642, -0.128563) (-2.49186, -0.793713) (2.72005, -0.00603094) (2.21269, 0.607477) (0.182313, -2.01933) (0.188996, 1.10445) 
(-2.61664, -0.128306) (-2.49183, -0.792861) (2.72576, -0.00336172) (2.22564, 0.606814) (0.182359, -2.01932) (0.187116, 1.12395) 
(-2.61679, -0.127214) (-2.48967, -0.78757) (2.75169, 0.0265173) (2.29907, 0.607297) (0.182355, -2.01933) (0.174006, 1.22318) 
(-2.61675, -0.127134) (-2.48903, -0.784188) (2.76556, 0.0549755) (2.34881, 0.610572) (0.182334, -2.01931) (0.165949, 1.28241) 
(-2.6172, -0.127313) (-2.48817, -0.783387) (2.77227, 0.0800059) (2.3802, 0.612753) (0.182364, -2.01931) (0.159936, 1.32986) 
(-2.61819, -0.127925) (-2.4863, -0.783019) (2.77727, 0.114298) (2.43124, 0.617181) (0.182266, -2.01931) (0.1506, 1.39476) 
(-2.61856, -0.128211) (-2.48594, -0.781791) (2.78173, 0.135313) (2.44391, 0.617154) (0.182313, -2.0193) (0.144093, 1.44091) 
(-2.61766, -0.128051) (-2.48604, -0.779899) (2.78816, 0.152801) (2.44211, 0.617618) (0.182347, -2.0193) (0.135711, 1.50245) 
(-2.616, -0.12904) (-2.48565, -0.778622) (2.79575, 0.159213) (2.43723, 0.617767) (0.182353, -2.0193) (0.129028, 1.56603) 
(-2.61466, -0.130315) (-2.48512, -0.778004) (2.80436, 0.157144) (2.44134, 0.617573) (0.182347, -2.01929) (0.122604, 1.61458) 
(-2.61288, -0.131983) (-2.48372, -0.777256) (2.81536, 0.146425) (2.44679, 0.618777) (0.182308, -2.01931) (0.116198, 1.67182) 
(-2.6112, -0.133105) (-2.48242, -0.776352) (2.82156, 0.136336) (2.44544, 0.618107) (0.182345, -2.01928) (0.112817, 1.7102) 
(-2.608, -0.135466) (-2.47716, -0.773323) (2.82939, 0.119497) (2.44503, 0.618034) (0.182332, -2.01931) (0.104819, 1.79483) 
(-2.6067, -0.136146) (-2.47027, -0.768409) (2.83352, 0.109312) (2.44537, 0.618191) (0.18238, -2.01931) (0.0993491, 1.84741) 
(-2.60614, -0.136637) (-2.4638, -0.763149) (2.83714, 0.0970712) (2.4454, 0.618057) (0.182335, -2.01931) (0.0938016, 1.90822) 
(-2.60566, -0.137357) (-2.46081, -0.759976) (2.8386, 0.0869341) (2.44529, 0.618085) (0.182313, -2.0193) (0.0881047, 1.9612) 
(-2.6053, -0.138163) (-2.45482, -0.76024) (2.8389, 0.0738802) (2.44535, 0.618082) (0.182323, -2.01931) (0.0807411, 2.03117) 
(-2.6056, -0.138411) (-2.4533, -0.764416) (2.83742, 0.064843) (2.44532, 0.618061) (0.182332, -2.01931) (0.0737832, 2.09046) 
(-2.60588, -0.137991) (-2.45279, -0.769348) (2.83513, 0.0577835) (2.44536, 0.61813) (0.182335, -2.01931) (0.0700281, 2.14685) 
(-2.60624, -0.137363) (-2.45321, -0.773033) (2.83387, 0.0526522) (2.44538, 0.61817) (0.182367, -2.0193) (0.066136, 2.18691) 
(-2.60652, -0.136525) (-2.4559, -0.777114) (2.83307, 0.0454481) (2.44537, 0.618143) (0.18235, -2.01929) (0.0611949, 2.24222) 
