(2.27682, 2.07883) (-3.1577, 2.1536) (2.1516, -1.52138) (-2.40778, 2.09947) (-3.31603, 2.4055) (-2.32732, -1.47545) 
(2.27551, 2.07778) (-3.1577, 2.1536) (2.12823, -1.49907) (-2.40778, 2.09948) (-3.31603, 2.4055) (-2.32731, -1.47544) 
(2.2757, 2.07734) (-3.1577, 2.1536) (2.11326, -1.48801) (-2.40778, 2.09947) (-3.31603, 2.4055) (-2.32733, -1.47545) 
(2.27587, 2.07751) (-3.1577, 2.1536) (2.10633, -1.48595) (-2.40267, 2.09647) (-3.31603, 2.4055) (-2.32722, -1.4752) 
(2.27172, 2.07838) (-3.1577, 2.1536) (2.10803, -1.49276) (-2.36641, 2.09185) (-3.31603, 2.4055) (-2.2819, -1.47325) 
(2.26731, 2.07663) (-3.1577, 2.1536) (2.10922, -1.5035) (-2.35106, 2.07929) (-3.31603, 2.4055) (-2.24781, -1.46219) 
(2.26543, 2.07349) (-3.1577, 2.1536) (2.10523, -1.51729) (-2.33301, 2.06925) (-3.31603, 2.4055) (-2.22401, -1.45027) 
(2.26384, 2.06842) (-3.1577, 2.1536) (2.09689, -1.53637) (-2.30679, 2.05459) (-3.31603, 2.4055) (-2.20568, -1.43286) 
(2.2574, 2.05934) (-3.1577, 2.1536) (2.07864, -1.55666) (-2.27327, 2.041) (-3.31603, 2.4055) (-2.19331, -1.41978) 
(2.25246, 2.05216) (-3.1577, 2.1536) (2.04704, -1.58088) (-2.24557, 2.02958) (-3.31603, 2.4055) (-2.18345, -1.4033) 
(2.24479, 2.04418) (-3.1577, 2.1536) (2.00055, -1.6199) (-2.20527, 2.01627) (-3.31603, 2.4055) (-2.17744, -1.38462) 
(2.23354, 2.03386) (-3.1577, 2.1536) (1.95312, -1.66338) (-2.16394, 2.00416) (-3.31603, 2.4055) (-2.16991, -1.35924) 
(2.21807, 2.02163) (-3.1577, 2.1536) (1.90188, -1.69962) (-2.12574, 1.99096) (-3.31603, 2.4055) (-2.16036, -1.32975) 
(2.19956, 2.00875) (-3.1577, 2.1536) (1.84581, -1.72561) (-2.08925, 1.97899) (-3.31603, 2.4055) (-2.15057, -1.30406) 
(2.17386, 1.99417) (-3.1577, 2.1536) (1.77926, -1.74264) (-2.04335, 1.96193) (-3.31603, 2.4055) (-2.13129, -1.27371) 
(2.14097, 1.98467) (-3.1577, 2.1536) (1.7247, -1.74792) (-1.99822, 1.94605) (-3.31603, 2.4055) (-2.11421, -1.24783) 
(2.09924, 1.97884) (-3.1577, 2.1536) (1.66258, -1.74751) (-1.94772, 1.92593) (-3.31603, 2.4055) (-2.09518, -1.22451) 
(2.04735, 1.97903) (-3.1577, 2.1536) (1.59782, -1.74271) (-1.89641, 1.90592) (-3.31603, 2.4055) (-2.07307, -1.19691) 
(1.99322, 1.98841) (-3.1577, 2.1536) (1.53478, -1.73362) (-1.8515, 1.88898) (-3.31603, 2.4055) (-2.05388, -1.17008) 
(1.93296, 2.00341) (-3.1577, 2.1536) (1.47175, -1.71479) (-1.80754, 1.87249) (-3.31603, 2.4055) (-2.03348, -1.14016) 
(1.8501, 2.02595) (-3.1577, 2.1536) (1.40368, -1.68345) (-1.7574, 1.85251) (-3.31603, 2.4055) (-2.01402, -1.10112) 
(1.77463, 2.04966) (-3.1577, 2.1536) (1.33955, -1.66154) (-1.70573, 1.83274) (-3.31603, 2.4055) (-1.99315, -1.05851) 
(1.7147, 2.06511) (-3.1577, 2.1536) (1.27469, -1.65631) (-1.65531, 1.81468) (-3.31603, 2.4055) (-1.97167, -1.01953) 
(1.66363, 2.07201) (-3.1577, 2.1536) (1.22085, -1.65818) (-1.61406, 1.80104) (-3.31603, 2.4055) (-1.95146, -0.983981) 
(1.588, 2.07343) (-3.1577, 2.1536) (1.15041, -1.66407) (-1.55186, 1.77921) (-3.31603, 2.4055) (-1.921, -0.931921) 
(1.51718, 2.06488) (-3.1577, 2.1536) (1.09513, -1.67078) (-1.49856, 1.76013) (-3.31603, 2.4055) (-1.89595, -0.894014) 
(1.45407, 2.05121) (-3.1577, 2.1536) (1.04978, -1.68602) (-1.45484, 1.74403) (-3.31603, 2.4055) (-1.87383, -0.860829) 
(1.37428, 2.02807) (-3.1577, 2.1536) (0.995393, -1.71535) (-1.40389, 1.72513) (-3.31603, 2.4055) (-1.84769, -0.818933) 
(1.28057, 2.0016) (-3.1577, 2.1536) (0.946075, -1.75151) (-1.34629, 1.70411) (-3.31603, 2.4055) (-1.81749, -0.769362) 
(1.19412, 1.98154) (-3.1577, 2.1536) (0.888997, -1.78307) (-1.2894, 1.68308) (-3.31603, 2.4055) (-1.78601, -0.716882) 
(1.12368, 1.97369) (-3.1577, 2.1536) (0.838691, -1.80296) (-1.24144, 1.66504) (-3.31603, 2.4055) (-1.76121, -0.672434) 
(1.04123, 1.97484) (-3.1577, 2.1536) (0.782261, -1.81133) (-1.1851, 1.64544) (-3.31603, 2.4055) (-1.7329, -0.61952) 
(0.961932, 1.98313) (-3.1577, 2.1536) (0.739803, -1.80782) (-1.13246, 1.62652) (-3.31603, 2.4055) (-1.7055, -0.571242) 
(0.881709, 1.99813) (-3.1577, 2.1536) (0.703596, -1.80126) (-1.09129, 1.61046) (-3.31603, 2.4055) (-1.68025, -0.527919) 
(0.785631, 2.02149) (-3.1577, 2.1536) (0.661364, -1.78376) (-1.03945, 1.58792) (-3.31603, 2.4055) (-1.65174, -0.47813) 
(0.697148, 2.04151) (-3.1577, 2.1536) (0.625726, -1.7593) (-0.997066, 1.56875) (-3.31603, 2.4055) (-1.62472, -0.43358) 
(0.612607, 2.05761) (-3.1577, 2.1536) (0.592335, -1.72509) (-0.951923, 1.55073) (-3.31603, 2.4055) (-1.59906, -0.391011) 
(0.530854, 2.06352) (-3.1577, 2.1536) (0.557004, -1.68947) (-0.908406, 1.53445) (-3.31603, 2.4055) (-1.56923, -0.342899) 
(0.442289, 2.06472) (-3.1577, 2.1536) (0.515711, -1.66547) (-0.859875, 1.51748) (-3.31603, 2.4055) (-1.53721, -0.29077) 
(0.360388, 2.06305) (-3.1577, 2.1536) (0.47374, -1.64614) (-0.803186, 1.50017) (-3.31603, 2.4055) (-1.50576, -0.238175) 
(0.288724, 2.05751) (-3.1577, 2.1536) (0.443949, -1.63547) (-0.756189, 1.48669) (-3.31603, 2.4055) (-1.47858, -0.192943) 
(0.206476, 2.0457) (-3.1577, 2.1536) (0.420496, -1.6246) (-0.703411, 1.47049) (-3.31603, 2.4055) (-1.45045, -0.143726) 
(0.115406, 2.02741) (-3.1577, 2.1536) (0.40398, -1.62009) (-0.650806, 1.45298) (-3.31603, 2.4055) (-1.42191, -0.0948601) 
(0.0324317, 2.00985) (-3.1577, 2.1536) (0.391679, -1.62269) (-0.596833, 1.43622) (-3.31603, 2.4055) (-1.39198, -0.0444269) 
(-0.0330746, 2.00054) (-3.1577, 2.1536) (0.38755, -1.63071) (-0.545327, 1.41952) (-3.31603, 2.4055) (-1.3657, -4.32314e-05) 
(-0.126421, 1.99637) (-3.1577, 2.1536) (0.388741, -1.64181) (-0.480188, 1.39847) (-3.31603, 2.4055) (-1.33247, 0.0537996) 
(-0.196847, 1.99297) (-3.1577, 2.1536) (0.388607, -1.65308) (-0.432547, 1.38177) (-3.31603, 2.4055) (-1.3053, 0.0971445) 
(-0.26845, 1.99534) (-3.1577, 2.1536) (0.384826, -1.66905) (-0.377502, 1.36231) (-3.31603, 2.4055) (-1.2714, 0.152766) 
(-0.33048, 2.00567) (-3.1577, 2.1536) (0.378761, -1.68177) (-0.327225, 1.34619) (-3.31603, 2.4055) (-1.24497, 0.200354) 
(-0.410485, 2.0282) (-3.1577, 2.1536) (0.365777, -1.69611) (-0.269183, 1.32814) (-3.31603, 2.4055) (-1.21303, 0.254587) 
(-0.470149, 2.04651) (-3.1577, 2.1536) (0.354582, -1.70554) (-0.228572, 1.31418) (-3.31603, 2.4055) (-1.19223, 0.291979) 
(-0.55481, 2.07246) (-3.1577, 2.1536) (0.340082, -1.71603) (-0.166506, 1.29488) (-3.31603, 2.4055) (-1.16084, 0.34406) 
(-0.639643, 2.09219) (-3.1577, 2.1536) (0.329006, -1.72362) (-0.0997906, 1.27233) (-3.31603, 2.4055) (-1.12616, 0.401335) 
(-0.701718, 2.09369) (-3.1577, 2.1536) (0.326874, -1.72494) (-0.0487665, 1.25545) (-3.31603, 2.4055) (-1.09926, 0.447393) 
(-0.761303, 2.08884) (-3.1577, 2.1536) (0.33077, -1.72304) (0.00665357, 1.23665) (-3.31603, 2.4055) (-1.07057, 0.496189) 
(-0.829836, 2.07812) (-3.1577, 2.1536) (0.333988, -1.72701) (0.0661812, 1.2172) (-3.31603, 2.4055) (-1.03901, 0.550831) 
(-0.887927, 2.06657) (-3.1577, 2.1536) (0.33386, -1.73007) (0.11866, 1.20037) (-3.31603, 2.4055) (-1.00967, 0.597884) 
(-0.946213, 2.05123) (-3.1577, 2.1536) (0.333923, -1.73142) (0.170198, 1.18315) (-3.31603, 2.4055) (-0.981462, 0.644868) 
(-1.01563, 2.03186) (-3.1577, 2.1536) (0.334913, -1.73188) (0.23019, 1.16402) (-3.31603, 2.4055) (-0.949019, 0.697236) 
(-1.07918, 2.0176) (-3.1577, 2.1536) (0.336393, -1.7312) (0.289287, 1.14523) (-3.31603, 2.4055) (-0.917014, 0.751203) 
(-1.12775, 2.0098) (-3.1577, 2.1536) (0.338592, -1.72907) (0.338881, 1.12996) (-3.31603, 2.4055) (-0.88983, 0.797178) 
(-1.17588, 2.00419) (-3.1577, 2.1536) (0.340274, -1.72615) (0.3895, 1.11369) (-3.31603, 2.4055) (-0.86369, 0.841531) 
(-1.22926, 1.99923) (-3.1577, 2.1536) (0.345469, -1.72397) (0.445706, 1.09702) (-3.31603, 2.4055) (-0.835224, 0.890504) 
(-1.29398, 1.99677) (-3.1577, 2.1536) (0.355978, -1.72452) (0.507628, 1.07839) (-3.31603, 2.4055) (-0.802707, 0.94471) 
(-1.36688, 2.00048) (-3.1577, 2.1536) (0.363678, -1.72346) (0.568482, 1.0603) (-3.31603, 2.4055) (-0.769695, 1.00095) 
(-1.44327, 2.01034) (-3.1577, 2.1536) (0.366568, -1.72228) (0.624111, 1.0425) (-3.31603, 2.4055) (-0.741096, 1.05014) 
(-1.51567, 2.02556) (-3.1577, 2.1536) (0.366536, -1.72167) (0.677075, 1.0276) (-3.31603, 2.4055) (-0.714588, 1.09567) 
(-1.60031, 2.04013) (-3.1577, 2.1536) (0.366039, -1.72067) (0.735571, 1.00979) (-3.31603, 2.4055) (-0.684003, 1.145) 
(-1.67935, 2.05064) (-3.1577, 2.1536) (0.365259, -1.72031) (0.793319, 0.993096) (-3.31603, 2.4055) (-0.652701, 1.19624) 
(-1.75202, 2.05129) (-3.1577, 2.1536) (0.363883, -1.7208) (0.850496, 0.975139) (-3.31603, 2.4055) (-0.619659, 1.24831) 
(-1.82304, 2.04409) (-3.1577, 2.1536) (0.360393, -1.72055) (0.906615, 0.959687) (-3.31603, 2.4055) (-0.587044, 1.3032) 
(-1.89695, 2.03443) (-3.1577, 2.1536) (0.356092, -1.72125) (0.967726, 0.941103) (-3.31603, 2.4055) (-0.551471, 1.3586) 
(-1.96401, 2.02321) (-3.1577, 2.1536) (0.353323, -1.72133) (1.02777, 0.924989) (-3.31603, 2.4055) (-0.518838, 1.41032) 
(-2.02177, 2.01099) (-3.1577, 2.1536) (0.351425, -1.72058) (1.08622, 0.908059) (-3.31603, 2.4055) (-0.487285, 1.4625) 
(-2.07517, 1.99398) (-3.1577, 2.1536) (0.350424, -1.71933) (1.14121, 0.892281) (-3.31603, 2.4055) (-0.461011, 1.50877) 
(-2.13099, 1.97306) (-3.1577, 2.1536) (0.349785, -1.71762) (1.20435, 0.873891) (-3.31603, 2.4055) (-0.428368, 1.56198) 
(-2.15912, 1.96622) (-3.1577, 2.1536) (0.349629, -1.71636) (1.25073, 0.860015) (-3.31603, 2.4055) (-0.402638, 1.60482) 
(-2.1902, 1.96606) (-3.1577, 2.1536) (0.350379, -1.71403) (1.31597, 0.846141) (-3.31603, 2.4055) (-0.367475, 1.66381) 
(-2.20798, 1.97238) (-3.1577, 2.1536) (0.351395, -1.71225) (1.3648, 0.834092) (-3.31603, 2.4055) (-0.340586, 1.70964) 
