(1.7443, -1.61021) (-2.35932, -1.52806) (-0.0403009, 2.69543) (-2.19385, 1.94715) (1.81583, 1.88279) (-0.204588, -1.99351) 
(1.74855, -1.60738) (-2.35358, -1.53739) (-0.0411968, 2.69449) (-2.19387, 1.94717) (1.81582, 1.88281) (-0.204574, -1.99356) 
(1.7543, -1.60606) (-2.34735, -1.54618) (-0.0416903, 2.69373) (-2.18663, 1.94537) (1.81584, 1.88277) (-0.201653, -1.99045) 
(1.75905, -1.60465) (-2.34007, -1.55459) (-0.0421879, 2.69278) (-2.15568, 1.91704) (1.81584, 1.88279) (-0.198015, -1.94884) 
(1.7591, -1.60058) (-2.33032, -1.56478) (-0.0404831, 2.6894) (-2.11995, 1.90101) (1.81582, 1.88278) (-0.187608, -1.89894) 
(1.75111, -1.59458) (-2.31776, -1.5674) (-0.0367247, 2.67831) (-2.09524, 1.89714) (1.81583, 1.88279) (-0.171763, -1.87011) 
(1.73646, -1.58757) (-2.30027, -1.5627) (-0.0310534, 2.65487) (-2.06625, 1.89265) (1.81584, 1.8828) (-0.153712, -1.8443) 
(1.71822, -1.5814) (-2.28428, -1.55789) (-0.0201383, 2.62353) (-2.03523, 1.88465) (1.81582, 1.88281) (-0.133556, -1.81531) 
(1.69641, -1.57463) (-2.26351, -1.55208) (-0.00850102, 2.58045) (-2.00587, 1.87882) (1.81582, 1.8828) (-0.114249, -1.78191) 
(1.66986, -1.56651) (-2.23293, -1.53581) (-0.00517832, 2.51759) (-1.96696, 1.86721) (1.81585, 1.8828) (-0.100118, -1.75345) 
(1.64657, -1.55349) (-2.1966, -1.50651) (-0.00380585, 2.45337) (-1.93019, 1.85554) (1.81584, 1.88265) (-0.0915679, -1.72061) 
(1.62966, -1.53577) (-2.16617, -1.47289) (-0.00856077, 2.40418) (-1.90427, 1.84359) (1.81584, 1.88258) (-0.0868257, -1.69522) 
(1.60831, -1.4995) (-2.13003, -1.41683) (-0.0209578, 2.33574) (-1.86969, 1.82596) (1.81583, 1.88261) (-0.0816417, -1.66232) 
(1.58892, -1.44746) (-2.10014, -1.35175) (-0.0379366, 2.26402) (-1.8405, 1.80617) (1.81586, 1.88265) (-0.0733268, -1.6237) 
(1.57692, -1.39204) (-2.0779, -1.2959) (-0.052074, 2.20289) (-1.81444, 1.78561) (1.81585, 1.88272) (-0.064521, -1.58573) 
(1.5662, -1.32897) (-2.05091, -1.23946) (-0.0601284, 2.13801) (-1.78894, 1.76578) (1.81578, 1.88279) (-0.0526907, -1.54427) 
(1.55126, -1.25522) (-2.00527, -1.17868) (-0.0559504, 2.05964) (-1.75969, 1.73989) (1.81583, 1.88279) (-0.0377961, -1.49507) 
(1.53477, -1.20742) (-1.95998, -1.14311) (-0.0441505, 2.0017) (-1.7363, 1.71825) (1.81583, 1.88281) (-0.0272451, -1.45376) 
(1.51028, -1.16151) (-1.90663, -1.10687) (-0.0275423, 1.94436) (-1.7117, 1.69412) (1.81584, 1.88279) (-0.0176626, -1.41626) 
(1.46772, -1.10169) (-1.8289, -1.0585) (0.000399224, 1.8663) (-1.68384, 1.6693) (1.81584, 1.88279) (-0.0112718, -1.37166) 
(1.42528, -1.051) (-1.75877, -1.02161) (0.0222488, 1.80305) (-1.65721, 1.65583) (1.81583, 1.8828) (-0.00914828, -1.33844) 
(1.37612, -0.997511) (-1.67608, -0.982639) (0.0429627, 1.73805) (-1.62487, 1.63918) (1.81583, 1.88278) (-0.00636426, -1.3001) 
(1.32349, -0.942355) (-1.60169, -0.945708) (0.0563594, 1.67646) (-1.59147, 1.62919) (1.81584, 1.8828) (-0.00308751, -1.25518) 
(1.27716, -0.885117) (-1.53237, -0.896297) (0.0628461, 1.61792) (-1.55687, 1.6173) (1.81583, 1.88279) (0.00365373, -1.2052) 
(1.24044, -0.819034) (-1.47436, -0.838627) (0.0672849, 1.55737) (-1.5203, 1.60404) (1.81584, 1.88277) (0.0153847, -1.16611) 
(1.21214, -0.745528) (-1.41257, -0.773265) (0.0666132, 1.48976) (-1.48024, 1.58735) (1.81583, 1.8828) (0.0291841, -1.12857) 
(1.18935, -0.67393) (-1.36263, -0.716516) (0.0592894, 1.42992) (-1.44903, 1.57032) (1.81582, 1.88279) (0.0414531, -1.09777) 
(1.16801, -0.58655) (-1.31374, -0.653906) (0.041524, 1.36249) (-1.42226, 1.5515) (1.81584, 1.88282) (0.0539827, -1.06637) 
(1.15436, -0.497991) (-1.27808, -0.597904) (0.0240378, 1.29915) (-1.39612, 1.53197) (1.81585, 1.88279) (0.0630718, -1.03564) 
(1.13934, -0.381244) (-1.23273, -0.532927) (0.00543626, 1.22697) (-1.36417, 1.5061) (1.81583, 1.8828) (0.0782893, -0.99368) 
(1.12279, -0.288634) (-1.18612, -0.490934) (-0.0060278, 1.16314) (-1.33951, 1.48476) (1.81583, 1.88279) (0.0935137, -0.958316) 
(1.09442, -0.194944) (-1.12983, -0.449237) (-0.0129182, 1.08893) (-1.31328, 1.46148) (1.81584, 1.88279) (0.112417, -0.912822) 
(1.06505, -0.126635) (-1.07935, -0.41419) (-0.00972514, 1.03708) (-1.29164, 1.44344) (1.81583, 1.88279) (0.125135, -0.876563) 
(1.01841, -0.0329594) (-1.00152, -0.364081) (0.00248629, 0.966655) (-1.26122, 1.41789) (1.81584, 1.88279) (0.14524, -0.823064) 
(0.973451, 0.041366) (-0.93385, -0.320485) (0.0221372, 0.900188) (-1.2347, 1.39658) (1.81583, 1.88279) (0.162412, -0.779418) 
(0.920142, 0.116141) (-0.865532, -0.278263) (0.0492075, 0.823949) (-1.20606, 1.37076) (1.81584, 1.88278) (0.17619, -0.742683) 
(0.880975, 0.181763) (-0.806483, -0.232172) (0.0788337, 0.750173) (-1.1797, 1.34861) (1.81583, 1.88279) (0.190579, -0.708975) 
(0.849703, 0.262212) (-0.74907, -0.156732) (0.106425, 0.667394) (-1.14343, 1.31529) (1.81584, 1.88279) (0.210168, -0.666638) 
(0.828741, 0.34017) (-0.706466, -0.0792585) (0.124493, 0.597407) (-1.11027, 1.28778) (1.81584, 1.8828) (0.230986, -0.629465) 
(0.806763, 0.430776) (-0.666974, 0.00376047) (0.135753, 0.531756) (-1.08086, 1.25908) (1.81584, 1.88279) (0.250596, -0.604698) 
(0.785287, 0.541422) (-0.624062, 0.101172) (0.141232, 0.468969) (-1.04765, 1.22779) (1.81583, 1.88279) (0.281026, -0.577656) 
(0.7611, 0.654005) (-0.581452, 0.19193) (0.131719, 0.407712) (-1.0153, 1.19783) (1.81583, 1.88281) (0.312338, -0.560928) 
(0.740956, 0.747932) (-0.539107, 0.263343) (0.113016, 0.352617) (-0.987784, 1.1717) (1.81582, 1.8828) (0.338934, -0.548402) 
(0.711479, 0.833928) (-0.486484, 0.319937) (0.0875856, 0.301) (-0.962529, 1.14563) (1.81583, 1.88279) (0.37065, -0.531543) 
(0.66129, 0.9272) (-0.415742, 0.368364) (0.054577, 0.236342) (-0.932078, 1.116) (1.81583, 1.88282) (0.398565, -0.516468) 
(0.607216, 1.00363) (-0.350451, 0.397614) (0.0307672, 0.181375) (-0.908365, 1.08965) (1.81583, 1.88282) (0.415647, -0.497465) 
(0.540663, 1.07934) (-0.277205, 0.415481) (0.0119366, 0.115804) (-0.885109, 1.05855) (1.81579, 1.88279) (0.433336, -0.47834) 
(0.456452, 1.15247) (-0.199076, 0.427315) (0.00333747, 0.0414757) (-0.860536, 1.02245) (1.81583, 1.88279) (0.444204, -0.45455) 
(0.376678, 1.22085) (-0.124075, 0.44532) (0.00680796, -0.0341499) (-0.833133, 0.979866) (1.81584, 1.88279) (0.448239, -0.435893) 
(0.316253, 1.28714) (-0.066034, 0.47701) (0.013716, -0.100739) (-0.808433, 0.94544) (1.81582, 1.88279) (0.453844, -0.409675) 
(0.250353, 1.36197) (-0.0155563, 0.517317) (0.0265193, -0.172907) (-0.781938, 0.913818) (1.81584, 1.88278) (0.461894, -0.381455) 
(0.170136, 1.4564) (0.0375004, 0.559816) (0.0428147, -0.255662) (-0.754605, 0.881008) (1.81583, 1.8828) (0.469499, -0.355239) 
(0.0959059, 1.54799) (0.0911986, 0.604926) (0.0512078, -0.334636) (-0.727718, 0.855157) (1.81584, 1.88279) (0.481234, -0.337981) 
(-0.0112872, 1.66116) (0.168991, 0.674543) (0.0503751, -0.436903) (-0.696557, 0.822893) (1.81584, 1.88281) (0.504825, -0.311543) 
(-0.0900578, 1.71237) (0.223592, 0.726916) (0.048801, -0.506276) (-0.674722, 0.800522) (1.81584, 1.8828) (0.526266, -0.298786) 
(-0.169161, 1.74215) (0.275762, 0.775043) (0.0515824, -0.570737) (-0.657909, 0.776681) (1.81584, 1.88282) (0.545166, -0.290776) 
(-0.281547, 1.77296) (0.354635, 0.821319) (0.0587443, -0.658158) (-0.63776, 0.744095) (1.81583, 1.88278) (0.564131, -0.284032) 
(-0.399967, 1.79192) (0.432362, 0.855527) (0.0642646, -0.752225) (-0.619141, 0.709822) (1.81584, 1.8828) (0.581306, -0.276501) 
(-0.504934, 1.79729) (0.499984, 0.88458) (0.070325, -0.835083) (-0.604123, 0.67648) (1.81583, 1.88279) (0.592413, -0.267136) 
(-0.625604, 1.80668) (0.589262, 0.919788) (0.0838648, -0.929263) (-0.581985, 0.635959) (1.81583, 1.88279) (0.601885, -0.252632) 
(-0.721743, 1.8277) (0.677163, 0.952873) (0.104751, -1.00884) (-0.557644, 0.590276) (1.81583, 1.8828) (0.608536, -0.239898) 
(-0.823092, 1.85651) (0.760724, 0.99709) (0.130471, -1.08951) (-0.534194, 0.543707) (1.81583, 1.88279) (0.611355, -0.225674) 
(-0.915151, 1.88349) (0.820887, 1.04681) (0.153126, -1.1625) (-0.512689, 0.507571) (1.81583, 1.8828) (0.612611, -0.212022) 
(-1.03371, 1.9218) (0.870771, 1.11429) (0.184954, -1.25823) (-0.486308, 0.463796) (1.81583, 1.8828) (0.612128, -0.196999) 
(-1.1212, 1.94969) (0.899559, 1.16467) (0.205112, -1.3293) (-0.466311, 0.433137) (1.81582, 1.88278) (0.609487, -0.187279) 
(-1.2435, 1.97382) (0.941509, 1.2452) (0.223204, -1.4372) (-0.43307, 0.386355) (1.81582, 1.8828) (0.602767, -0.170478) 
(-1.35074, 1.97588) (0.979556, 1.3223) (0.219654, -1.52577) (-0.397342, 0.338774) (1.81584, 1.88278) (0.594844, -0.155128) 
(-1.44109, 1.97273) (1.01386, 1.38337) (0.20325, -1.58846) (-0.369008, 0.295848) (1.81584, 1.88281) (0.587453, -0.138975) 
(-1.55283, 1.96453) (1.06539, 1.45669) (0.172432, -1.64935) (-0.333117, 0.246405) (1.81584, 1.8828) (0.57858, -0.118954) 
(-1.65494, 1.94944) (1.12184, 1.51387) (0.132673, -1.69168) (-0.305945, 0.200499) (1.81584, 1.8828) (0.570027, -0.097348) 
(-1.7419, 1.93265) (1.17205, 1.55854) (0.0914146, -1.71644) (-0.278308, 0.156085) (1.81584, 1.8828) (0.563905, -0.0676197) 
(-1.8279, 1.92359) (1.23493, 1.60675) (0.0391559, -1.74609) (-0.245507, 0.104242) (1.81583, 1.88279) (0.558938, -0.0276061) 
(-1.89266, 1.92543) (1.29144, 1.64931) (-0.00417633, -1.7713) (-0.220031, 0.0632103) (1.81583, 1.88279) (0.557063, -0.00326151) 
(-1.96545, 1.92768) (1.35391, 1.70522) (-0.0531803, -1.80027) (-0.188392, 0.0160829) (1.81583, 1.88282) (0.55264, 0.0326156) 
(-2.03073, 1.92911) (1.39314, 1.7667) (-0.0936163, -1.81907) (-0.158637, -0.0239036) (1.81583, 1.8828) (0.547038, 0.0739077) 
(-2.08201, 1.93523) (1.40768, 1.82659) (-0.124727, -1.83037) (-0.135264, -0.0545729) (1.81583, 1.88272) (0.539555, 0.106618) 
(-2.15095, 1.95088) (1.41026, 1.90486) (-0.163345, -1.8512) (-0.0993576, -0.0929884) (1.81584, 1.88267) (0.524696, 0.155812) 
(-2.20249, 1.9628) (1.41393, 1.96229) (-0.19439, -1.87366) (-0.0711415, -0.120277) (1.8158, 1.88258) (0.513157, 0.192852) 
(-2.24462, 1.97255) (1.416, 2.01716) (-0.228094, -1.89828) (-0.0387722, -0.142898) (1.81575, 1.88269) (0.501471, 0.234309) 
(-2.27993, 1.98392) (1.41465, 2.07531) (-0.270626, -1.93006) (0.00289593, -0.173548) (1.81576, 1.88265) (0.488425, 0.286537) 
(-2.29866, 1.99634) (1.41517, 2.11935) (-0.308175, -1.95674) (0.0386179, -0.198397) (1.81566, 1.88286) (0.479657, 0.329192) 
(-2.31191, 2.01445) (1.42648, 2.16117) (-0.34064, -1.97607) (0.0806345, -0.22881) (1.81567, 1.88286) (0.469859, 0.383797) 
(-2.31632, 2.04089) (1.45218, 2.20573) (-0.358017, -1.98996) (0.123845, -0.260543) (1.81573, 1.88294) (0.459714, 0.444607) 
(-2.31569, 2.07009) (1.47983, 2.24381) (-0.355929, -2.00016) (0.161002, -0.288581) (1.81573, 1.88292) (0.451406, 0.494918) 
(-2.31181, 2.1008) (1.51395, 2.2737) (-0.343225, -2.00506) (0.199063, -0.317668) (1.81572, 1.88292) (0.441921, 0.538865) 
(-2.3068, 2.13814) (1.56378, 2.30231) (-0.313681, -2.00706) (0.249028, -0.357338) (1.81574, 1.88289) (0.429883, 0.593385) 
(-2.3044, 2.16251) (1.61386, 2.32897) (-0.279074, -2.00938) (0.296394, -0.397792) (1.81579, 1.88283) (0.416784, 0.647074) 
(-2.3062, 2.17719) (1.66186, 2.34947) (-0.249922, -2.01247) (0.336667, -0.431216) (1.81584, 1.88281) (0.405347, 0.694568) 
(-2.31273, 2.18654) (1.71809, 2.36236) (-0.224107, -2.0153) (0.382865, -0.469852) (1.81583, 1.8828) (0.391109, 0.75277) 
(-2.32066, 2.18826) (1.76019, 2.36477) (-0.21165, -2.01896) (0.42555, -0.505158) (1.81584, 1.88279) (0.380539, 0.803171) 
(-2.33701, 2.18618) (1.80073, 2.36861) (-0.202004, -2.0248) (0.471905, -0.540593) (1.81583, 1.88279) (0.368843, 0.857345) 
(-2.36208, 2.18023) (1.83048, 2.37513) (-0.199602, -2.03162) (0.523631, -0.579303) (1.81583, 1.88279) (0.356807, 0.912407) 
(-2.38657, 2.17177) (1.84772, 2.37891) (-0.205663, -2.03697) (0.567587, -0.612822) (1.81584, 1.88281) (0.346523, 0.958132) 
(-2.41059, 2.16066) (1.856, 2.37989) (-0.213412, -2.03766) (0.614748, -0.649592) (1.81582, 1.88281) (0.33587, 1.01194) 
(-2.42916, 2.15048) (1.85811, 2.38614) (-0.22074, -2.04256) (0.65787, -0.682284) (1.81582, 1.88279) (0.326704, 1.06157) 
(-2.4454, 2.14154) (1.86596, 2.39294) (-0.226329, -2.05098) (0.708703, -0.721442) (1.81583, 1.8828) (0.314359, 1.12035) 
(-2.45538, 2.13747) (1.86026, 2.39065) (-0.227342, -2.05957) (0.761106, -0.760921) (1.81584, 1.88281) (0.301083, 1.1792) 
(-2.4594, 2.13719) (1.8499, 2.38579) (-0.228115, -2.06512) (0.804145, -0.793592) (1.81563, 1.88309) (0.289832, 1.22975) 
(-2.45989, 2.14132) (1.83711, 2.37544) (-0.229809, -2.06972) (0.854387, -0.830962) (1.81562, 1.88309) (0.277411, 1.28956) 
(-2.4567, 2.14852) (1.82824, 2.36915) (-0.232059, -2.07161) (0.893332, -0.861049) (1.81562, 1.8831) (0.267627, 1.3359) 
(-2.44928, 2.15775) (1.82887, 2.36054) (-0.235037, -2.07339) (0.937487, -0.893965) (1.81563, 1.8831) (0.257757, 1.38626) 
(-2.4391, 2.17221) (1.84554, 2.34657) (-0.240069, -2.07851) (0.998929, -0.940118) (1.81562, 1.8831) (0.243441, 1.45438) 
(-2.43436, 2.18516) (1.8646, 2.33828) (-0.243249, -2.08143) (1.04403, -0.973643) (1.81563, 1.88309) (0.232974, 1.50701) 
(-2.43032, 2.19938) (1.89611, 2.32077) (-0.24632, -2.08507) (1.09633, -1.0123) (1.81555, 1.88304) (0.220498, 1.5655) 
(-2.42658, 2.20983) (1.92911, 2.30338) (-0.248792, -2.0875) (1.13562, -1.04266) (1.81562, 1.88302) (0.210284, 1.61165) 
(-2.42197, 2.22182) (1.97951, 2.27339) (-0.25183, -2.08975) (1.18664, -1.08021) (1.81556, 1.88303) (0.197124, 1.67268) 
(-2.41948, 2.23221) (2.01919, 2.24082) (-0.25383, -2.09126) (1.22978, -1.11216) (1.81561, 1.88302) (0.18657, 1.72351) 
(-2.4155, 2.2436) (2.0524, 2.20647) (-0.256517, -2.09276) (1.27998, -1.1493) (1.81558, 1.88305) (0.172346, 1.78347) 
(-2.40927, 2.25306) (2.06822, 2.19083) (-0.258476, -2.09361) (1.32996, -1.18612) (1.8156, 1.88301) (0.158412, 1.84742) 
(-2.40454, 2.261) (2.07424, 2.19069) (-0.259842, -2.09359) (1.37321, -1.21608) (1.81563, 1.88306) (0.146676, 1.90224) 
(-2.40141, 2.26906) (2.07217, 2.19811) (-0.260766, -2.0923) (1.42102, -1.24998) (1.81561, 1.88303) (0.1333, 1.96029) 
(-2.39961, 2.27633) (2.06559, 2.21199) (-0.262337, -2.09025) (1.46906, -1.28277) (1.8156, 1.88303) (0.120103, 2.0174) 
(-2.39804, 2.28211) (2.05652, 2.22565) (-0.263329, -2.08876) (1.51696, -1.31551) (1.8156, 1.88304) (0.108554, 2.07294) 
(-2.39717, 2.28615) (2.04241, 2.23632) (-0.265131, -2.08756) (1.56448, -1.34639) (1.8156, 1.88304) (0.0973048, 2.12792) 
(-2.39675, 2.28884) (2.02389, 2.23987) (-0.267446, -2.08671) (1.61248, -1.37855) (1.8156, 1.88304) (0.0854557, 2.18464) 
(-2.39623, 2.29004) (2.02216, 2.24241) (-0.270786, -2.08526) (1.66058, -1.40942) (1.81564, 1.883) (0.0740445, 2.23408) 
(-2.39568, 2.29134) (2.03036, 2.24948) (-0.274921, -2.08304) (1.71258, -1.44226) (1.81565, 1.88302) (0.0620357, 2.28999) 
(-2.39562, 2.29158) (2.03632, 2.25101) (-0.277957, -2.08099) (1.75479, -1.46825) (1.8156, 1.88305) (0.0572119, 2.30923) 
(-2.39654, 2.29012) (2.03945, 2.24384) (-0.279994, -2.07885) (1.80399, -1.49821) (1.8156, 1.88305) (0.0586827, 2.30249) 
(-2.39755, 2.28871) (2.04665, 2.2392) (-0.281335, -2.07886) (1.84044, -1.51916) (1.81562, 1.88304) (0.0600898, 2.29503) 
(-2.39875, 2.28809) (2.05306, 2.23373) (-0.283056, -2.07999) (1.88403, -1.54481) (1.81561, 1.88303) (0.0595665, 2.29882) 
(-2.39939, 2.28827) (2.05082, 2.22003) (-0.28395, -2.0798) (1.90652, -1.55898) (1.81559, 1.88303) (0.0578971, 2.30609) 
(-2.39955, 2.28662) (2.03896, 2.20136) (-0.283754, -2.07842) (1.90465, -1.55626) (1.81562, 1.88304) (0.0578963, 2.30547) 
(-2.4003, 2.28478) (2.02412, 2.17917) (-0.284003, -2.07784) (1.90466, -1.55714) (1.81558, 1.88305) (0.058337, 2.30482) 
(-2.40183, 2.28382) (2.01027, 2.15621) (-0.283901, -2.07909) (1.90509, -1.55711) (1.81562, 1.88302) (0.0580669, 2.3052) 
(-2.40387, 2.28445) (1.9997, 2.13958) (-0.283898, -2.08066) (1.90481, -1.55672) (1.81559, 1.88302) (0.0578885, 2.30571) 
(-2.40719, 2.286) (1.99037, 2.1265) (-0.284699, -2.08121) (1.90482, -1.55696) (1.8156, 1.88303) (0.0579794, 2.30526) 
(-2.4108, 2.28778) (1.9857, 2.12073) (-0.285609, -2.08101) (1.90467, -1.55692) (1.81559, 1.88305) (0.0580225, 2.30551) 
(-2.41382, 2.28902) (1.98297, 2.11929) (-0.286209, -2.08171) (1.90474, -1.55693) (1.81561, 1.88304) (0.0580572, 2.30536) 
(-2.41632, 2.28967) (1.98174, 2.11925) (-0.286363, -2.08279) (1.90471, -1.55688) (1.8156, 1.88304) (0.0579992, 2.30545) 
(-2.42006, 2.28689) (1.98181, 2.12021) (-0.285738, -2.08294) (1.90471, -1.55688) (1.8156, 1.88302) (0.0579635, 2.30544) 
(-2.42689, 2.28) (1.98273, 2.12215) (-0.284282, -2.08194) (1.90471, -1.55688) (1.8156, 1.88304) (0.0580235, 2.30541) 
(-2.43939, 2.27055) (1.98519, 2.12507) (-0.282314, -2.08077) (1.9047, -1.55687) (1.8156, 1.88302) (0.0580014, 2.30543) 
(-2.45373, 2.25907) (1.98876, 2.12817) (-0.280482, -2.07983) (1.9047, -1.55686) (1.81559, 1.88306) (0.0580409, 2.30541) 
(-2.47043, 2.2464) (2.00339, 2.13652) (-0.27849, -2.07943) (1.9047, -1.55688) (1.8156, 1.88304) (0.057987, 2.30542) 
(-2.48583, 2.23579) (2.02145, 2.14623) (-0.277192, -2.07991) (1.9047, -1.55688) (1.81559, 1.88304) (0.0579974, 2.3054) 
(-2.50368, 2.21624) (2.04091, 2.15974) (-0.275784, -2.08106) (1.9047, -1.55688) (1.81557, 1.88304) (0.0580167, 2.30541) 
(-2.5147, 2.1992) (2.05098, 2.16868) (-0.275021, -2.08126) (1.9047, -1.55688) (1.8156, 1.88304) (0.0580391, 2.3054) 
(-2.52263, 2.18321) (2.05856, 2.17632) (-0.273998, -2.08135) (1.9047, -1.55688) (1.81557, 1.88301) (0.0580124, 2.30542) 
(-2.52649, 2.1692) (2.06273, 2.18226) (-0.273264, -2.08284) (1.9047, -1.55688) (1.81558, 1.88304) (0.0580124, 2.3054) 
(-2.52869, 2.1591) (2.0652, 2.18597) (-0.272512, -2.08429) (1.90469, -1.55687) (1.8156, 1.88303) (0.0580204, 2.30541) 
(-2.52966, 2.15018) (2.06731, 2.18896) (-0.271043, -2.08549) (1.90468, -1.55687) (1.81561, 1.88303) (0.0579946, 2.30541) 
(-2.53191, 2.1449) (2.06967, 2.19024) (-0.269844, -2.0865) (1.90469, -1.55688) (1.8156, 1.88302) (0.0580233, 2.30542) 
(-2.53683, 2.14267) (2.07216, 2.19031) (-0.268842, -2.08779) (1.90469, -1.55686) (1.8156, 1.88304) (0.0580017, 2.30541) 
(-2.54268, 2.14085) (2.07371, 2.19105) (-0.268258, -2.08966) (1.90466, -1.55688) (1.8156, 1.88305) (0.0579991, 2.30542) 
(-2.54718, 2.13948) (2.07482, 2.19215) (-0.267747, -2.09206) (1.90469, -1.55687) (1.81558, 1.88303) (0.0580119, 2.30543) 
(-2.55073, 2.13753) (2.07539, 2.19304) (-0.267229, -2.0941) (1.90468, -1.55687) (1.8156, 1.88306) (0.058129, 2.30541) 
(-2.54999, 2.12824) (2.07625, 2.1946) (-0.267191, -2.09596) (1.90467, -1.55688) (1.81559, 1.88303) (0.0581215, 2.30539) 
(-2.53832, 2.1058) (2.07629, 2.19618) (-0.269369, -2.09386) (1.90468, -1.55687) (1.8156, 1.88304) (0.0580995, 2.3054) 
(-2.52489, 2.08546) (2.07393, 2.19962) (-0.272075, -2.08566) (1.90465, -1.55687) (1.81558, 1.88301) (0.0581424, 2.30544) 
(-2.50914, 2.069) (2.07178, 2.20164) (-0.275445, -2.07331) (1.90466, -1.55687) (1.81561, 1.88304) (0.0581553, 2.30537) 
(-2.48089, 2.04497) (2.06912, 2.20277) (-0.280341, -2.05259) (1.90467, -1.55686) (1.81558, 1.88304) (0.0581379, 2.30539) 
(-2.44957, 2.02467) (2.06727, 2.20441) (-0.285797, -2.03008) (1.90465, -1.55687) (1.81565, 1.88312) (0.0581452, 2.30538) 
(-2.41122, 1.99881) (2.06366, 2.20541) (-0.28828, -2.00037) (1.90467, -1.55687) (1.81563, 1.8831) (0.0581529, 2.30537) 
(-2.36548, 1.9689) (2.05784, 2.20392) (-0.282465, -1.96258) (1.90468, -1.55686) (1.8156, 1.88303) (0.0581863, 2.3054) 
(-2.30924, 1.93069) (2.05813, 2.20568) (-0.270536, -1.91466) (1.90465, -1.55686) (1.81555, 1.88303) (0.0581834, 2.30539) 
