(1.44061, -0.372161) (2.84571, -0.514594) (-2.35421, 0.42959) (-1.49573, 0.484937) (0.00675475, 2.41103) (0.0732677, -2.06719) 
(1.43996, -0.369918) (2.84867, -0.509455) (-2.35357, 0.429402) (-1.49572, 0.484904) (0.00675669, 2.41103) (0.0731586, -2.06707) 
(1.43919, -0.36853) (2.84985, -0.506598) (-2.3531, 0.429268) (-1.4957, 0.484945) (0.00675441, 2.41102) (0.0732049, -2.06708) 
(1.43822, -0.364033) (2.8507, -0.504327) (-2.35269, 0.429307) (-1.49342, 0.483985) (0.00383465, 2.40611) (0.0701548, -2.07357) 
(1.44201, -0.358292) (2.85305, -0.50228) (-2.35127, 0.429486) (-1.48232, 0.4821) (0.00316921, 2.39197) (0.0659851, -2.07591) 
(1.44654, -0.356644) (2.85289, -0.502408) (-2.34983, 0.42957) (-1.47781, 0.482956) (0.00748295, 2.38309) (0.0604019, -2.06657) 
(1.45271, -0.360266) (2.84743, -0.502075) (-2.34723, 0.431326) (-1.4663, 0.48382) (0.0100965, 2.37411) (0.0514832, -2.05178) 
(1.45689, -0.365961) (2.83227, -0.500084) (-2.34386, 0.433991) (-1.44932, 0.484135) (0.01726, 2.3647) (0.0455136, -2.03878) 
(1.45662, -0.365022) (2.8114, -0.495624) (-2.33895, 0.438345) (-1.43187, 0.484973) (0.0208222, 2.35101) (0.0400187, -2.02101) 
(1.45046, -0.360361) (2.78528, -0.487776) (-2.33525, 0.445288) (-1.41661, 0.485734) (0.0247516, 2.33936) (0.0367788, -2.00136) 
(1.43957, -0.352917) (2.76112, -0.469441) (-2.32931, 0.451916) (-1.39687, 0.486796) (0.025095, 2.31959) (0.0350594, -1.98252) 
(1.42453, -0.342158) (2.74107, -0.442891) (-2.32018, 0.458329) (-1.37111, 0.486825) (0.0180883, 2.29471) (0.0348727, -1.95489) 
(1.40865, -0.332341) (2.7244, -0.422015) (-2.30899, 0.463463) (-1.34551, 0.487344) (0.0156312, 2.2754) (0.032005, -1.9306) 
(1.38044, -0.321329) (2.7001, -0.399797) (-2.28843, 0.466391) (-1.31359, 0.488211) (0.0136552, 2.24157) (0.0276142, -1.90092) 
(1.34798, -0.314658) (2.67335, -0.384427) (-2.26554, 0.466432) (-1.28875, 0.487958) (0.0169536, 2.21356) (0.0235373, -1.87728) 
(1.2957, -0.309191) (2.63057, -0.372614) (-2.22923, 0.46321) (-1.25165, 0.489002) (0.0231522, 2.17598) (0.0178556, -1.84533) 
(1.23923, -0.306695) (2.5864, -0.368784) (-2.1888, 0.454683) (-1.2175, 0.490225) (0.0343227, 2.14263) (0.0101305, -1.8103) 
(1.17483, -0.307959) (2.53101, -0.366695) (-2.13842, 0.442272) (-1.17272, 0.490431) (0.0465313, 2.10504) (-0.00385178, -1.7673) 
(1.1147, -0.310789) (2.47497, -0.367571) (-2.092, 0.43123) (-1.13368, 0.490219) (0.0608712, 2.06561) (-0.0120037, -1.74611) 
(1.04764, -0.316831) (2.40135, -0.378944) (-2.0377, 0.422332) (-1.0917, 0.487419) (0.0759272, 2.02181) (-0.0276955, -1.72) 
(0.987857, -0.316438) (2.33559, -0.388806) (-1.98824, 0.420021) (-1.04839, 0.484631) (0.092154, 1.97774) (-0.0448919, -1.692) 
(0.932667, -0.312607) (2.28088, -0.388329) (-1.94449, 0.420556) (-1.00714, 0.481978) (0.105592, 1.9417) (-0.0533891, -1.66974) 
(0.84828, -0.302271) (2.20106, -0.380502) (-1.87982, 0.427971) (-0.952334, 0.477202) (0.12753, 1.89108) (-0.0613807, -1.64278) 
(0.772975, -0.286095) (2.13777, -0.370256) (-1.82605, 0.438629) (-0.912775, 0.471373) (0.145684, 1.85048) (-0.0599586, -1.62203) 
(0.687305, -0.260404) (2.06547, -0.357586) (-1.76398, 0.458458) (-0.872136, 0.464821) (0.161404, 1.81289) (-0.0569721, -1.59633) 
(0.59695, -0.230798) (1.98743, -0.341583) (-1.69937, 0.480013) (-0.82877, 0.45915) (0.183009, 1.77071) (-0.0491657, -1.5706) 
(0.510636, -0.207635) (1.91056, -0.329238) (-1.63633, 0.498047) (-0.793738, 0.455213) (0.206655, 1.72793) (-0.0427731, -1.55414) 
(0.425329, -0.198571) (1.83757, -0.322747) (-1.58302, 0.509764) (-0.755168, 0.453316) (0.231054, 1.6879) (-0.0403549, -1.53829) 
(0.34619, -0.196263) (1.75335, -0.325675) (-1.52983, 0.5164) (-0.725088, 0.452248) (0.255021, 1.65207) (-0.0411068, -1.52805) 
(0.240358, -0.19652) (1.64389, -0.33547) (-1.46011, 0.522075) (-0.682979, 0.451805) (0.286828, 1.60095) (-0.0450253, -1.51139) 
(0.155771, -0.200457) (1.56575, -0.342846) (-1.40537, 0.522576) (-0.655295, 0.452232) (0.308547, 1.56357) (-0.0471409, -1.49384) 
(0.0556956, -0.206927) (1.4767, -0.349753) (-1.34481, 0.517997) (-0.627449, 0.450805) (0.332825, 1.52119) (-0.046197, -1.47165) 
(-0.0344754, -0.211654) (1.38668, -0.357681) (-1.28163, 0.51345) (-0.594481, 0.4506) (0.353246, 1.48796) (-0.0432984, -1.44568) 
(-0.117943, -0.213745) (1.31068, -0.362695) (-1.22873, 0.510947) (-0.565492, 0.446508) (0.370246, 1.45415) (-0.0336944, -1.42882) 
(-0.222245, -0.21419) (1.21196, -0.354495) (-1.16299, 0.511269) (-0.527918, 0.440257) (0.391132, 1.40431) (-0.0202992, -1.4082) 
(-0.309748, -0.212406) (1.13425, -0.342225) (-1.11341, 0.514404) (-0.499796, 0.431292) (0.407343, 1.36448) (-0.00604106, -1.39305) 
(-0.417048, -0.205003) (1.03947, -0.330683) (-1.054, 0.526211) (-0.464117, 0.416252) (0.427185, 1.3112) (0.00683013, -1.3779) 
(-0.50423, -0.197899) (0.964808, -0.322709) (-1.00721, 0.541998) (-0.433335, 0.404129) (0.442041, 1.26867) (0.0169043, -1.36425) 
(-0.574986, -0.19019) (0.896151, -0.316545) (-0.962791, 0.561385) (-0.406079, 0.390042) (0.454187, 1.23313) (0.0237752, -1.35114) 
(-0.707599, -0.181496) (0.767076, -0.30653) (-0.878977, 0.608079) (-0.359732, 0.37269) (0.476835, 1.16419) (0.0265749, -1.33118) 
(-0.796571, -0.178965) (0.676391, -0.306827) (-0.822241, 0.634268) (-0.335465, 0.363764) (0.494314, 1.1098) (0.0254923, -1.31667) 
(-0.889411, -0.178694) (0.585378, -0.312823) (-0.762633, 0.654489) (-0.303131, 0.354169) (0.508233, 1.05621) (0.0225494, -1.30185) 
(-0.982089, -0.180951) (0.490097, -0.318476) (-0.70076, 0.667041) (-0.273313, 0.347336) (0.52376, 1.01018) (0.0171524, -1.28943) 
(-1.06554, -0.182529) (0.402214, -0.323342) (-0.640794, 0.67741) (-0.248067, 0.338168) (0.537246, 0.964843) (0.0113771, -1.27943) 
(-1.1501, -0.176934) (0.29978, -0.333933) (-0.568506, 0.683923) (-0.217698, 0.326407) (0.551242, 0.916482) (0.00323695, -1.26345) 
(-1.21857, -0.163278) (0.219977, -0.338305) (-0.502676, 0.689274) (-0.191938, 0.313844) (0.56018, 0.875717) (-0.0040469, -1.24788) 
(-1.29028, -0.143288) (0.13274, -0.331771) (-0.442953, 0.697648) (-0.177196, 0.298754) (0.571154, 0.826336) (-0.0171993, -1.21918) 
(-1.36485, -0.116983) (0.0490842, -0.32359) (-0.38686, 0.70986) (-0.159579, 0.280238) (0.580946, 0.774309) (-0.0286426, -1.19343) 
(-1.43804, -0.085857) (-0.0344664, -0.31694) (-0.331349, 0.724223) (-0.141512, 0.254071) (0.589915, 0.726279) (-0.0411488, -1.1645) 
(-1.51789, -0.0503859) (-0.128359, -0.306332) (-0.267761, 0.744199) (-0.123955, 0.227215) (0.597985, 0.672145) (-0.0544193, -1.13517) 
(-1.57695, -0.0266941) (-0.209284, -0.297759) (-0.213352, 0.764806) (-0.105025, 0.202564) (0.603118, 0.628247) (-0.06759, -1.10952) 
(-1.64491, -0.00703568) (-0.295372, -0.292245) (-0.152742, 0.787928) (-0.0884339, 0.179363) (0.608544, 0.576494) (-0.0846069, -1.0778) 
(-1.70966, 0.00657699) (-0.379253, -0.294916) (-0.0899054, 0.802736) (-0.0652619, 0.166643) (0.613152, 0.523613) (-0.103872, -1.03812) 
(-1.77088, 0.0214045) (-0.460896, -0.303569) (-0.0189744, 0.808535) (-0.0456451, 0.154377) (0.616335, 0.468859) (-0.122635, -0.997229) 
(-1.83744, 0.0344022) (-0.553253, -0.313568) (0.0635038, 0.808331) (-0.0228054, 0.154861) (0.620216, 0.406072) (-0.141451, -0.953371) 
(-1.8942, 0.0408232) (-0.632979, -0.320321) (0.134349, 0.801961) (-0.00642078, 0.153027) (0.62266, 0.35706) (-0.155676, -0.916497) 
(-1.96331, 0.0451887) (-0.728105, -0.329802) (0.217162, 0.785486) (0.0152294, 0.159029) (0.626666, 0.294977) (-0.173055, -0.8695) 
(-2.01148, 0.0488036) (-0.797005, -0.333146) (0.279515, 0.768484) (0.0302715, 0.164909) (0.630113, 0.248186) (-0.187678, -0.831014) 
(-2.06689, 0.0577748) (-0.892051, -0.330023) (0.366029, 0.753056) (0.0493895, 0.176651) (0.634602, 0.182074) (-0.203198, -0.780246) 
(-2.1037, 0.0688832) (-0.974626, -0.321816) (0.442598, 0.746661) (0.0636761, 0.19032) (0.639465, 0.128428) (-0.214768, -0.734948) 
(-2.12664, 0.079364) (-1.03854, -0.316892) (0.501318, 0.744509) (0.0740195, 0.202186) (0.641937, 0.0900343) (-0.22229, -0.69932) 
(-2.15207, 0.0919126) (-1.13073, -0.312444) (0.58938, 0.74918) (0.0906679, 0.221488) (0.647184, 0.0409282) (-0.232058, -0.646658) 
(-2.1682, 0.102148) (-1.22354, -0.306986) (0.679739, 0.759594) (0.107678, 0.240119) (0.646046, -0.00889075) (-0.241609, -0.591736) 
(-2.17539, 0.109538) (-1.30705, -0.30696) (0.755919, 0.763432) (0.122285, 0.252) (0.645295, -0.0484592) (-0.247888, -0.539802) 
(-2.18107, 0.11584) (-1.3978, -0.314301) (0.832352, 0.758611) (0.140638, 0.262808) (0.637235, -0.0943751) (-0.255317, -0.482961) 
(-2.18241, 0.119911) (-1.48193, -0.324867) (0.903585, 0.749718) (0.158313, 0.265034) (0.627488, -0.139118) (-0.26106, -0.428929) 
(-2.18037, 0.124113) (-1.55548, -0.337031) (0.970571, 0.735774) (0.179069, 0.268335) (0.612691, -0.180808) (-0.265864, -0.379941) 
(-2.17709, 0.130116) (-1.62533, -0.35291) (1.03853, 0.715914) (0.197949, 0.26954) (0.595306, -0.226346) (-0.269788, -0.332202) 
(-2.17405, 0.134639) (-1.70706, -0.37763) (1.12227, 0.688331) (0.218838, 0.26885) (0.577005, -0.278931) (-0.272582, -0.279634) 
(-2.17306, 0.13925) (-1.78244, -0.401895) (1.19992, 0.66494) (0.245856, 0.271616) (0.559736, -0.330442) (-0.273019, -0.232778) 
(-2.17117, 0.138772) (-1.84869, -0.410587) (1.2681, 0.654114) (0.276718, 0.27972) (0.546097, -0.381777) (-0.274413, -0.185763) 
(-2.17044, 0.137174) (-1.91015, -0.410816) (1.33168, 0.648259) (0.298234, 0.287867) (0.532643, -0.428428) (-0.273043, -0.143074) 
(-2.17024, 0.134936) (-1.97267, -0.410813) (1.40524, 0.642791) (0.334, 0.301135) (0.519963, -0.48472) (-0.268159, -0.0981205) 
(-2.16979, 0.135042) (-2.03406, -0.408538) (1.48443, 0.637445) (0.367068, 0.31336) (0.506945, -0.541725) (-0.263322, -0.0535769) 
(-2.16913, 0.136849) (-2.09715, -0.396981) (1.56985, 0.630802) (0.406633, 0.325298) (0.494027, -0.602977) (-0.255788, 0.000761576) 
(-2.16602, 0.136567) (-2.14606, -0.385441) (1.63529, 0.621439) (0.44409, 0.334533) (0.482373, -0.655427) (-0.249243, 0.0527672) 
(-2.16422, 0.136057) (-2.19834, -0.375328) (1.71057, 0.603892) (0.492721, 0.343837) (0.46778, -0.717455) (-0.240995, 0.114209) 
(-2.16392, 0.134949) (-2.23697, -0.369864) (1.76956, 0.588282) (0.52956, 0.349502) (0.456543, -0.764182) (-0.236099, 0.160115) 
(-2.16474, 0.132899) (-2.27068, -0.369713) (1.82517, 0.571864) (0.561482, 0.354034) (0.446616, -0.806939) (-0.23053, 0.202293) 
(-2.16693, 0.133001) (-2.32291, -0.371962) (1.9126, 0.539392) (0.61687, 0.358607) (0.428242, -0.877565) (-0.22423, 0.271374) 
(-2.16971, 0.130506) (-2.37213, -0.375976) (1.98087, 0.511102) (0.673275, 0.362979) (0.413067, -0.939755) (-0.218259, 0.333787) 
(-2.17059, 0.129084) (-2.42164, -0.382076) (2.03086, 0.493219) (0.723165, 0.368156) (0.399209, -0.997746) (-0.210897, 0.395252) 
(-2.17215, 0.128119) (-2.46683, -0.385261) (2.08058, 0.478972) (0.770868, 0.374196) (0.385053, -1.05679) (-0.205882, 0.451055) 
(-2.17335, 0.127412) (-2.51003, -0.393257) (2.1345, 0.46249) (0.822761, 0.381556) (0.371426, -1.11517) (-0.200592, 0.505191) 
(-2.17366, 0.129244) (-2.5535, -0.403693) (2.19114, 0.444213) (0.877232, 0.389877) (0.356906, -1.17772) (-0.193965, 0.566314) 
(-2.1712, 0.132706) (-2.58393, -0.416035) (2.2441, 0.425453) (0.933177, 0.396342) (0.344253, -1.23498) (-0.188206, 0.623675) 
(-2.16764, 0.134175) (-2.59705, -0.428589) (2.2832, 0.415157) (0.988491, 0.403262) (0.330542, -1.28762) (-0.182166, 0.674599) 
(-2.16407, 0.134227) (-2.60016, -0.44253) (2.31183, 0.409479) (1.0347, 0.410044) (0.31859, -1.33687) (-0.177107, 0.722014) 
(-2.15964, 0.137601) (-2.60033, -0.460086) (2.33644, 0.417229) (1.08861, 0.417035) (0.305084, -1.39463) (-0.170505, 0.776831) 
(-2.15629, 0.139513) (-2.60236, -0.476345) (2.35536, 0.433849) (1.14987, 0.424454) (0.290064, -1.45656) (-0.164488, 0.838313) 
(-2.15495, 0.139555) (-2.60056, -0.483357) (2.3648, 0.45104) (1.20411, 0.43034) (0.274602, -1.51565) (-0.158699, 0.896668) 
(-2.15351, 0.138738) (-2.59112, -0.485499) (2.36821, 0.464435) (1.24993, 0.440677) (0.261341, -1.57311) (-0.151181, 0.95697) 
(-2.15194, 0.139012) (-2.58373, -0.490517) (2.3712, 0.472957) (1.29218, 0.451634) (0.248359, -1.6303) (-0.144791, 1.017) 
(-2.15165, 0.140642) (-2.57664, -0.495435) (2.37579, 0.476132) (1.3385, 0.470935) (0.233571, -1.69369) (-0.136563, 1.07724) 
(-2.15265, 0.141636) (-2.56894, -0.498054) (2.38086, 0.480324) (1.37273, 0.487055) (0.220633, -1.74608) (-0.131158, 1.12986) 
(-2.15203, 0.14243) (-2.55775, -0.502648) (2.38025, 0.483103) (1.41563, 0.505738) (0.205531, -1.80773) (-0.124156, 1.19386) 
(-2.15128, 0.142401) (-2.54759, -0.507128) (2.3693, 0.482278) (1.44809, 0.522858) (0.194318, -1.85602) (-0.115595, 1.25075) 
(-2.14976, 0.142512) (-2.53779, -0.511069) (2.34998, 0.480796) (1.48159, 0.542556) (0.18082, -1.90815) (-0.10691, 1.30825) 
(-2.14778, 0.141359) (-2.52689, -0.511195) (2.33871, 0.479215) (1.5263, 0.571456) (0.166979, -1.96642) (-0.0985529, 1.37383) 
(-2.14577, 0.141733) (-2.51902, -0.510382) (2.33198, 0.476977) (1.56792, 0.600268) (0.155703, -2.01225) (-0.0908412, 1.43085) 
(-2.14657, 0.141306) (-2.50839, -0.510592) (2.32485, 0.476595) (1.61059, 0.633607) (0.15627, -2.02838) (-0.0831814, 1.48915) 
(-2.15038, 0.142727) (-2.49471, -0.510627) (2.31725, 0.476627) (1.64435, 0.661948) (0.153928, -2.02194) (-0.0774344, 1.53833) 
(-2.15567, 0.146006) (-2.47191, -0.512437) (2.3069, 0.478866) (1.68853, 0.694921) (0.155374, -2.02391) (-0.0696401, 1.60105) 
(-2.15718, 0.148325) (-2.44777, -0.516305) (2.29554, 0.483647) (1.73031, 0.728701) (0.154937, -2.02365) (-0.0618718, 1.6589) 
(-2.15558, 0.151292) (-2.42185, -0.517524) (2.28454, 0.489867) (1.77061, 0.762158) (0.155156, -2.02336) (-0.0549475, 1.71183) 
(-2.15479, 0.153559) (-2.39166, -0.512019) (2.2727, 0.497135) (1.81205, 0.798241) (0.155187, -2.02358) (-0.0462463, 1.77562) 
(-2.15652, 0.15216) (-2.36899, -0.499168) (2.26569, 0.504267) (1.8509, 0.836257) (0.154771, -2.02359) (-0.0382551, 1.83907) 
(-2.15989, 0.148877) (-2.36211, -0.489687) (2.26523, 0.509025) (1.87319, 0.861566) (0.155228, -2.02364) (-0.0284385, 1.89274) 
(-2.16347, 0.144704) (-2.36478, -0.484727) (2.26971, 0.514642) (1.8937, 0.899929) (0.154913, -2.02364) (-0.018985, 1.95262) 
(-2.16832, 0.140464) (-2.37548, -0.48599) (2.27498, 0.520438) (1.91521, 0.948322) (0.154973, -2.02349) (-0.0105803, 2.01755) 
(-2.17166, 0.139034) (-2.38575, -0.487495) (2.28114, 0.519738) (1.92903, 0.984422) (0.155131, -2.02363) (-0.00396872, 2.07055) 
(-2.17142, 0.137756) (-2.39492, -0.483665) (2.28946, 0.515055) (1.93984, 1.01528) (0.154937, -2.02359) (0.00450258, 2.12483) 
(-2.17142, 0.138652) (-2.40611, -0.476065) (2.2972, 0.510817) (1.95823, 1.04643) (0.155106, -2.02359) (0.0133123, 2.17275) 
(-2.17093, 0.139128) (-2.42176, -0.463389) (2.30348, 0.506336) (1.98461, 1.07086) (0.155065, -2.0236) (0.0219471, 2.22648) 
(-2.16853, 0.13808) (-2.44103, -0.447007) (2.30626, 0.503197) (2.01105, 1.09216) (0.154989, -2.02355) (0.0303009, 2.27731) 
(-2.1683, 0.144213) (-2.45521, -0.432809) (2.30566, 0.501648) (2.03465, 1.10369) (0.155071, -2.02363) (0.0389705, 2.31525) 
(-2.17168, 0.149387) (-2.47259, -0.411286) (2.30205, 0.500029) (2.06151, 1.10954) (0.155077, -2.02359) (0.0404242, 2.32243) 
(-2.17157, 0.151383) (-2.48365, -0.394171) (2.29797, 0.499896) (2.08126, 1.11128) (0.155022, -2.02357) (0.0396853, 2.31624) 
(-2.16956, 0.155242) (-2.49105, -0.381057) (2.29449, 0.499764) (2.08999, 1.10898) (0.15506, -2.02356) (0.0388042, 2.31382) 
(-2.18222, 0.173984) (-2.5087, -0.348315) (2.28563, 0.492502) (2.12135, 1.10038) (0.155066, -2.02361) (0.0400271, 2.31935) 
(-2.20625, 0.181203) (-2.52117, -0.327719) (2.28476, 0.484724) (2.14626, 1.09352) (0.15504, -2.02358) (0.0402504, 2.32013) 
(-2.23271, 0.168376) (-2.53499, -0.305871) (2.30363, 0.460067) (2.17506, 1.08287) (0.155042, -2.02355) (0.0400668, 2.31929) 
(-2.23819, 0.146763) (-2.5452, -0.286972) (2.34516, 0.430255) (2.19823, 1.07496) (0.15503, -2.02358) (0.0400033, 2.31903) 
(-2.24164, 0.141069) (-2.54723, -0.275338) (2.40188, 0.411408) (2.22876, 1.06323) (0.155043, -2.02358) (0.0400218, 2.31906) 
(-2.24064, 0.144145) (-2.54117, -0.279346) (2.47042, 0.398575) (2.26186, 1.05009) (0.155035, -2.02358) (0.0399834, 2.319) 
(-2.24115, 0.150482) (-2.53332, -0.290726) (2.52134, 0.388817) (2.2946, 1.03886) (0.155051, -2.02358) (0.0399679, 2.31901) 
(-2.24612, 0.163689) (-2.52557, -0.3042) (2.54447, 0.373469) (2.32803, 1.02646) (0.155055, -2.02358) (0.0399539, 2.31898) 
(-2.25043, 0.171663) (-2.51958, -0.316564) (2.5513, 0.356873) (2.34838, 1.0101) (0.155057, -2.02356) (0.0399758, 2.31899) 
(-2.25363, 0.185334) (-2.50988, -0.327035) (2.56682, 0.336727) (2.36629, 0.997378) (0.155077, -2.02357) (0.0399642, 2.31896) 
(-2.26266, 0.218295) (-2.4884, -0.346372) (2.57715, 0.315957) (2.38696, 0.966475) (0.155049, -2.02355) (0.0400019, 2.31895) 
(-2.2682, 0.251053) (-2.46619, -0.361304) (2.58992, 0.304594) (2.39669, 0.945822) (0.155043, -2.02357) (0.0399529, 2.31894) 
(-2.26807, 0.2819) (-2.44265, -0.37748) (2.61502, 0.297776) (2.40524, 0.925477) (0.155039, -2.02354) (0.0399747, 2.31895) 
(-2.26747, 0.307959) (-2.42001, -0.390534) (2.63509, 0.290289) (2.4122, 0.908889) (0.155058, -2.02355) (0.0399852, 2.31894) 
(-2.26746, 0.307913) (-2.38773, -0.409289) (2.65539, 0.29021) (2.42117, 0.886141) (0.155016, -2.02357) (0.0399621, 2.31894) 
(-2.266, 0.361166) (-2.35668, -0.423368) (2.67977, 0.288922) (2.42135, 0.868981) (0.155061, -2.02356) (0.0399579, 2.31893) 
(-2.26836, 0.366598) (-2.32827, -0.43398) (2.69658, 0.286238) (2.41967, 0.850335) (0.155026, -2.02357) (0.0399711, 2.31895) 
(-2.27967, 0.366725) (-2.30072, -0.443488) (2.7113, 0.282951) (2.41837, 0.825437) (0.155034, -2.02356) (0.0399759, 2.31892) 
(-2.28864, 0.372334) (-2.27364, -0.452) (2.7198, 0.281025) (2.41712, 0.796552) (0.155043, -2.02356) (0.0399711, 2.31893) 
(-2.27749, 0.384908) (-2.24962, -0.467025) (2.72888, 0.281251) (2.41816, 0.770308) (0.155053, -2.02357) (0.0399751, 2.31893) 
(-2.27102, 0.39144) (-2.24129, -0.477382) (2.73342, 0.28153) (2.41659, 0.74981) (0.155057, -2.02354) (0.0399569, 2.31892) 
(-2.26148, 0.397216) (-2.24224, -0.475743) (2.73751, 0.28163) (2.41985, 0.737454) (0.155043, -2.02355) (0.0399578, 2.31893) 
(-2.2426, 0.397231) (-2.24877, -0.461553) (2.73866, 0.281879) (2.42206, 0.738712) (0.155065, -2.02355) (0.0399474, 2.31893) 
(-2.22466, 0.381384) (-2.25137, -0.4301) (2.73767, 0.28161) (2.42049, 0.739961) (0.155073, -2.02357) (0.0399824, 2.31892) 
(-2.21586, 0.352441) (-2.25189, -0.40043) (2.73621, 0.282784) (2.42235, 0.73595) (0.155032, -2.02359) (0.0399496, 2.3189) 
(-2.21448, 0.327639) (-2.25472, -0.372422) (2.73609, 0.282986) (2.42246, 0.736483) (0.155057, -2.02356) (0.0399655, 2.31891) 
(-2.21118, 0.302653) (-2.26496, -0.343648) (2.73735, 0.283612) (2.42211, 0.736883) (0.155029, -2.02354) (0.0399828, 2.31892) 
(-2.20635, 0.279717) (-2.27016, -0.317354) (2.74003, 0.284992) (2.42229, 0.736626) (0.155101, -2.02358) (0.0399664, 2.31892) 
(-2.2008, 0.261907) (-2.27838, -0.293352) (2.74344, 0.286915) (2.42232, 0.736639) (0.155053, -2.02354) (0.03997, 2.31891) 
(-2.19432, 0.246748) (-2.29541, -0.273407) (2.74739, 0.289507) (2.4222, 0.736708) (0.155066, -2.02356) (0.0399532, 2.3189) 
(-2.19091, 0.235807) (-2.31372, -0.262396) (2.75013, 0.290496) (2.4223, 0.736731) (0.155056, -2.02356) (0.039964, 2.31891) 
(-2.18911, 0.230355) (-2.3265, -0.255908) (2.75499, 0.289673) (2.42227, 0.736702) (0.155066, -2.02358) (0.0399708, 2.31891) 
(-2.18744, 0.227841) (-2.33679, -0.252146) (2.76126, 0.287692) (2.42225, 0.736739) (0.155058, -2.02356) (0.0399726, 2.3189) 
(-2.18739, 0.225932) (-2.34434, -0.250197) (2.77159, 0.282694) (2.4223, 0.73672) (0.155006, -2.02346) (0.0399642, 2.31889) 
(-2.18896, 0.222564) (-2.35156, -0.246776) (2.77693, 0.295912) (2.42226, 0.736711) (0.155047, -2.02352) (0.0399816, 2.31892) 
(-2.19061, 0.220233) (-2.35518, -0.244545) (2.78181, 0.307936) (2.42224, 0.736717) (0.154955, -2.02337) (0.0399621, 2.31889) 
(-2.19013, 0.217233) (-2.3583, -0.241243) (2.80581, 0.314999) (2.42227, 0.736718) (0.155032, -2.02354) (0.0399555, 2.31891) 
(-2.18942, 0.215345) (-2.3611, -0.236872) (2.83516, 0.31947) (2.42226, 0.73673) (0.155033, -2.02356) (0.0399663, 2.3189) 
(-2.18815, 0.213808) (-2.36775, -0.231071) (2.85709, 0.324294) (2.42225, 0.736744) (0.155048, -2.02355) (0.0399807, 2.3189) 
(-2.18757, 0.215253) (-2.37478, -0.225335) (2.86397, 0.325352) (2.42235, 0.736773) (0.155077, -2.02355) (0.0399514, 2.3189) 
(-2.18494, 0.220977) (-2.39748, -0.217832) (2.8703, 0.318616) (2.42225, 0.736712) (0.155042, -2.02357) (0.0399476, 2.31889) 
(-2.18543, 0.227824) (-2.40702, -0.220813) (2.86822, 0.309996) (2.42226, 0.736753) (0.154985, -2.02347) (0.0399701, 2.31888) 
(-2.18022, 0.233453) (-2.41609, -0.224633) (2.86137, 0.302232) (2.42227, 0.736713) (0.155057, -2.02355) (0.0399644, 2.31888) 
(-2.1738, 0.238371) (-2.42157, -0.229009) (2.85546, 0.300358) (2.42227, 0.736732) (0.15511, -2.02357) (0.0399389, 2.31888) 
(-2.17679, 0.243133) (-2.42338, -0.232729) (2.85361, 0.302036) (2.42227, 0.736721) (0.154925, -2.02333) (0.0399744, 2.3189) 
(-2.18408, 0.239144) (-2.42247, -0.237497) (2.85449, 0.305846) (2.42227, 0.736726) (0.155066, -2.02355) (0.0399521, 2.31889) 
(-2.18908, 0.23535) (-2.41877, -0.239739) (2.85435, 0.306203) (2.42227, 0.736765) (0.155054, -2.02354) (0.0399505, 2.31887) 
(-2.19197, 0.230241) (-2.41068, -0.239554) (2.8529, 0.305794) (2.42228, 0.736747) (0.155034, -2.02354) (0.0399558, 2.31887) 
(-2.19457, 0.222967) (-2.39982, -0.241677) (2.85003, 0.306024) (2.42227, 0.73673) (0.155061, -2.02353) (0.0399613, 2.3189) 
(-2.19495, 0.214474) (-2.39086, -0.242965) (2.84719, 0.306371) (2.42226, 0.736742) (0.155068, -2.02354) (0.0399407, 2.31888) 
(-2.196, 0.211616) (-2.38207, -0.240949) (2.84188, 0.305444) (2.42225, 0.736716) (0.155051, -2.02351) (0.0399755, 2.31887) 
(-2.19834, 0.205916) (-2.37641, -0.240583) (2.8336, 0.304835) (2.42227, 0.736733) (0.155059, -2.02355) (0.0399468, 2.31888) 
(-2.19952, 0.19403) (-2.37052, -0.240604) (2.81824, 0.303775) (2.42228, 0.736765) (0.155076, -2.02354) (0.0399494, 2.31888) 
(-2.1988, 0.182219) (-2.36724, -0.240258) (2.81116, 0.303898) (2.42226, 0.736756) (0.155038, -2.02351) (0.0399509, 2.31887) 
(-2.19784, 0.170732) (-2.36523, -0.2402) (2.8008, 0.306101) (2.42227, 0.736761) (0.155056, -2.02353) (0.0399728, 2.31889) 
(-2.19821, 0.163362) (-2.36356, -0.23976) (2.76344, 0.306922) (2.42227, 0.73674) (0.155069, -2.02353) (0.0399482, 2.31889) 
(-2.19811, 0.160001) (-2.3616, -0.240411) (2.73897, 0.307751) (2.4225, 0.736842) (0.15505, -2.02354) (0.0399569, 2.31887) 
(-2.19727, 0.16226) (-2.35984, -0.241155) (2.72136, 0.306078) (2.42229, 0.736759) (0.155063, -2.02355) (0.0399497, 2.31887) 
(-2.19397, 0.170278) (-2.35839, -0.241009) (2.70039, 0.303496) (2.42235, 0.736791) (0.155068, -2.02352) (0.0399757, 2.31886) 
(-2.18751, 0.179667) (-2.35645, -0.240106) (2.67757, 0.304975) (2.42233, 0.736775) (0.155073, -2.02354) (0.0399539, 2.31888) 
(-2.1824, 0.190346) (-2.35455, -0.238818) (2.65225, 0.308832) (2.42233, 0.736778) (0.154975, -2.02342) (0.0399544, 2.31888) 
(-2.18121, 0.208606) (-2.35222, -0.235223) (2.62525, 0.309828) (2.42231, 0.736777) (0.155032, -2.02353) (0.0399778, 2.31887) 
(-2.18296, 0.222447) (-2.34892, -0.233011) (2.60854, 0.310951) (2.42232, 0.736782) (0.154954, -2.02339) (0.0399433, 2.31887) 
(-2.18315, 0.246713) (-2.34744, -0.239797) (2.59068, 0.313813) (2.42231, 0.736809) (0.155024, -2.02352) (0.0399553, 2.31887) 
(-2.17949, 0.264769) (-2.3566, -0.249821) (2.57952, 0.313028) (2.42231, 0.736787) (0.154939, -2.02336) (0.0399602, 2.31887) 
(-2.17869, 0.276259) (-2.3644, -0.255016) (2.57236, 0.311519) (2.42231, 0.73677) (0.155077, -2.02351) (0.0399349, 2.31885) 
(-2.18208, 0.286204) (-2.36623, -0.254702) (2.56796, 0.307872) (2.42235, 0.736805) (0.155057, -2.02353) (0.0399261, 2.31885) 
(-2.1932, 0.291945) (-2.36947, -0.252686) (2.56804, 0.304514) (2.42232, 0.736771) (0.155082, -2.02352) (0.0399298, 2.31887) 
(-2.20858, 0.298539) (-2.37549, -0.251054) (2.56724, 0.301324) (2.42233, 0.736788) (0.155069, -2.02352) (0.0399477, 2.31886) 
(-2.23234, 0.312943) (-2.38431, -0.248087) (2.57196, 0.294637) (2.42232, 0.736793) (0.155029, -2.0235) (0.0399429, 2.31888) 
(-2.26009, 0.327653) (-2.38979, -0.243715) (2.57893, 0.287095) (2.42233, 0.736779) (0.155088, -2.02353) (0.0399383, 2.31887) 
(-2.28504, 0.34441) (-2.38828, -0.24) (2.58406, 0.271559) (2.42232, 0.736789) (0.155057, -2.02352) (0.0399557, 2.31886) 
(-2.30272, 0.360307) (-2.38459, -0.233584) (2.59399, 0.249346) (2.42233, 0.736796) (0.155058, -2.02351) (0.0399551, 2.31886) 
(-2.31514, 0.374711) (-2.38976, -0.22252) (2.60644, 0.218566) (2.42226, 0.736753) (0.155098, -2.02355) (0.0399651, 2.31887) 
(-2.32966, 0.382028) (-2.39643, -0.221034) (2.62257, 0.185945) (2.42226, 0.736759) (0.15494, -2.02335) (0.0399204, 2.31888) 
(-2.34305, 0.384719) (-2.39268, -0.221182) (2.64795, 0.160154) (2.42225, 0.73675) (0.155081, -2.02353) (0.039953, 2.31886) 
(-2.35311, 0.385587) (-2.38917, -0.216864) (2.6772, 0.158648) (2.42226, 0.736757) (0.155099, -2.02354) (0.0399514, 2.31887) 
(-2.3641, 0.385621) (-2.38172, -0.211995) (2.72016, 0.184008) (2.42226, 0.736772) (0.15506, -2.02351) (0.0399454, 2.31886) 
(-2.36866, 0.384196) (-2.379, -0.20477) (2.75297, 0.215858) (2.42226, 0.736772) (0.155043, -2.02352) (0.0399328, 2.31887) 
(-2.37111, 0.383163) (-2.36732, -0.20598) (2.77548, 0.23651) (2.42227, 0.736763) (0.155072, -2.02353) (0.0399447, 2.31884) 
(-2.37173, 0.382496) (-2.33969, -0.208998) (2.81565, 0.277643) (2.42226, 0.736755) (0.155061, -2.02353) (0.0399596, 2.31886) 
(-2.35031, 0.328629) (-2.32128, -0.208256) (2.82921, 0.298697) (2.4223, 0.736773) (0.155046, -2.02352) (0.039946, 2.31886) 
(-2.31695, 0.308811) (-2.28443, -0.222451) (2.83817, 0.313429) (2.42252, 0.736807) (0.155069, -2.02351) (0.0399354, 2.31887) 
(-2.28205, 0.306627) (-2.2493, -0.234236) (2.84083, 0.317732) (2.42225, 0.736766) (0.155044, -2.02352) (0.0399602, 2.31885) 
(-2.26529, 0.31691) (-2.21617, -0.242266) (2.84209, 0.315271) (2.42226, 0.736772) (0.155069, -2.02356) (0.0399134, 2.31887) 
(-2.26265, 0.331387) (-2.18092, -0.248913) (2.84054, 0.305494) (2.42225, 0.736772) (0.15507, -2.02351) (0.0399261, 2.31886) 
(-2.26138, 0.347557) (-2.15519, -0.252087) (2.84087, 0.301452) (2.42226, 0.736763) (0.155063, -2.02348) (0.0399489, 2.31887) 
(-2.25662, 0.372191) (-2.12367, -0.250725) (2.8423, 0.303461) (2.42226, 0.73675) (0.154943, -2.02335) (0.0399291, 2.31885) 
(-2.25057, 0.385927) (-2.09382, -0.241212) (2.84406, 0.305483) (2.42227, 0.736781) (0.155078, -2.02352) (0.0399366, 2.31886) 
(-2.25388, 0.389366) (-2.06802, -0.22998) (2.84479, 0.308258) (2.42225, 0.736781) (0.155072, -2.02352) (0.0399235, 2.31887) 
(-2.27032, 0.391183) (-2.02177, -0.210157) (2.84757, 0.31349) (2.42228, 0.736791) (0.155073, -2.02351) (0.0399419, 2.31886) 
(-2.28322, 0.388868) (-1.98737, -0.198177) (2.84862, 0.317491) (2.42224, 0.736735) (0.155045, -2.02347) (0.0399628, 2.31885) 
(-2.29207, 0.386735) (-1.95829, -0.196914) (2.84885, 0.319399) (2.42225, 0.736771) (0.155099, -2.02353) (0.0399411, 2.31886) 
(-2.2994, 0.383358) (-1.91053, -0.208622) (2.84861, 0.319008) (2.42227, 0.736771) (0.155088, -2.02353) (0.0399258, 2.31887) 
(-2.30586, 0.378835) (-1.88124, -0.229876) (2.84753, 0.318032) (2.42225, 0.736764) (0.155109, -2.02356) (0.039937, 2.31885) 
(-2.31472, 0.372571) (-1.86714, -0.252459) (2.84839, 0.316449) (2.42227, 0.736742) (0.155087, -2.02353) (0.0399425, 2.31886) 
(-2.32185, 0.363985) (-1.85689, -0.270561) (2.84951, 0.314114) (2.42227, 0.736765) (0.155088, -2.02355) (0.0399497, 2.31885) 
(-2.33026, 0.354636) (-1.84351, -0.285257) (2.85018, 0.312217) (2.42226, 0.736777) (0.155076, -2.02353) (0.0399373, 2.31885) 
(-2.34287, 0.342716) (-1.83461, -0.295682) (2.8492, 0.309497) (2.42225, 0.736784) (0.15505, -2.02351) (0.0399461, 2.31884) 
(-2.3541, 0.336617) (-1.82887, -0.302098) (2.84814, 0.308877) (2.42225, 0.736788) (0.154998, -2.02337) (0.0399468, 2.31885) 
(-2.37493, 0.331615) (-1.82124, -0.307584) (2.84646, 0.30781) (2.42225, 0.736749) (0.155072, -2.02353) (0.0399432, 2.31885) 
(-2.40293, 0.328674) (-1.81504, -0.31149) (2.84561, 0.306954) (2.42227, 0.736762) (0.155075, -2.02351) (0.0399549, 2.31886) 
(-2.40773, 0.328688) (-1.80988, -0.314214) (2.84637, 0.306442) (2.42223, 0.736769) (0.155046, -2.0235) (0.0399388, 2.31886) 
(-2.40772, 0.328688) (-1.80581, -0.315419) (2.8479, 0.305414) (2.42225, 0.736786) (0.155079, -2.02352) (0.0399315, 2.31885) 
(-2.40772, 0.328688) (-1.8029, -0.314785) (2.84839, 0.304365) (2.42227, 0.73676) (0.154993, -2.0234) (0.039939, 2.31883) 
(-2.40772, 0.328688) (-1.80044, -0.31231) (2.84291, 0.303392) (2.42227, 0.736771) (0.155064, -2.0235) (0.0399467, 2.31886) 
(-2.40772, 0.328688) (-1.79938, -0.310099) (2.83898, 0.303138) (2.42225, 0.736774) (0.154921, -2.02334) (0.0399501, 2.31884) 
(-2.40772, 0.328688) (-1.79773, -0.309203) (2.83609, 0.302788) (2.42226, 0.73679) (0.155089, -2.02353) (0.0399373, 2.31883) 
(-2.40772, 0.328688) (-1.79449, -0.310105) (2.83367, 0.302754) (2.42225, 0.736761) (0.155056, -2.02349) (0.0399395, 2.31883) 
(-2.40772, 0.328688) (-1.78782, -0.313936) (2.83185, 0.302794) (2.42227, 0.736776) (0.155062, -2.02352) (0.0399446, 2.31886) 
(-2.40772, 0.328688) (-1.77558, -0.319526) (2.83134, 0.301832) (2.42225, 0.736783) (0.155068, -2.02351) (0.0399473, 2.31884) 
(-2.40772, 0.328688) (-1.75954, -0.324247) (2.83003, 0.301385) (2.42226, 0.736755) (0.155078, -2.02352) (0.0398397, 2.31889) 
(-2.40772, 0.328688) (-1.73745, -0.327817) (2.8284, 0.30148) (2.42226, 0.736779) (0.155102, -2.02353) (0.0398725, 2.31889) 
(-2.40772, 0.328688) (-1.6896, -0.320422) (2.82847, 0.302043) (2.42227, 0.736782) (0.15498, -2.02335) (0.0399227, 2.31891) 
(-2.40772, 0.328688) (-1.65397, -0.307159) (2.82897, 0.302592) (2.42226, 0.736774) (0.155072, -2.0235) (0.0399081, 2.31893) 
(-2.40772, 0.328688) (-1.64122, -0.286119) (2.83029, 0.303953) (2.42225, 0.736771) (0.155052, -2.0235) (0.0399052, 2.31891) 
(-2.40772, 0.328688) (-1.65412, -0.269037) (2.83238, 0.306436) (2.42225, 0.736779) (0.155048, -2.0235) (0.0398978, 2.31891) 
(-2.40772, 0.328688) (-1.68646, -0.254732) (2.8342, 0.308443) (2.42224, 0.736795) (0.155063, -2.02349) (0.0399039, 2.31892) 
(-2.40772, 0.328688) (-1.70855, -0.258322) (2.83849, 0.308391) (2.42225, 0.736786) (0.155103, -2.02353) (0.0398916, 2.31891) 
(-2.40772, 0.328688) (-1.71426, -0.272799) (2.84003, 0.307503) (2.42226, 0.73676) (0.155071, -2.02351) (0.0398824, 2.31892) 
(-2.40772, 0.328688) (-1.70842, -0.291149) (2.83992, 0.308546) (2.42226, 0.736756) (0.155084, -2.02352) (0.0398975, 2.31892) 
(-2.40772, 0.328688) (-1.70045, -0.315595) (2.84011, 0.309045) (2.42226, 0.736776) (0.155078, -2.0235) (0.0399487, 2.31892) 
(-2.40772, 0.328688) (-1.68481, -0.341114) (2.84043, 0.308375) (2.42225, 0.736776) (0.155047, -2.02348) (0.0399838, 2.31891) 
(-2.42408, 0.313644) (-1.65116, -0.370038) (2.83962, 0.307542) (2.42226, 0.736772) (0.155101, -2.02351) (0.0399874, 2.3189) 
(-2.41883, 0.324267) (-1.62863, -0.379785) (2.83886, 0.307206) (2.42227, 0.736785) (0.155087, -2.0235) (0.0399291, 2.31892) 
(-2.41234, 0.330344) (-1.6021, -0.385172) (2.83831, 0.30707) (2.42225, 0.736775) (0.155058, -2.02348) (0.0399562, 2.3189) 
(-2.40877, 0.336521) (-1.57731, -0.394633) (2.83809, 0.307696) (2.42224, 0.736791) (0.155091, -2.02351) (0.0399472, 2.31891) 
(-2.40316, 0.340886) (-1.56679, -0.40375) (2.83781, 0.308537) (2.42225, 0.736766) (0.15505, -2.02347) (0.0400461, 2.31886) 
(-2.4004, 0.347081) (-1.56353, -0.413118) (2.83762, 0.308777) (2.42226, 0.736761) (0.155056, -2.02349) (0.0400693, 2.31887) 
(-2.39929, 0.348907) (-1.56354, -0.418045) (2.83773, 0.308712) (2.42226, 0.736773) (0.154941, -2.02336) (0.0400606, 2.31887) 
(-2.39693, 0.354734) (-1.56927, -0.437889) (2.83821, 0.30829) (2.42228, 0.736768) (0.15507, -2.0235) (0.0400331, 2.31886) 
(-2.39617, 0.360406) (-1.57864, -0.452543) (2.83861, 0.308439) (2.42226, 0.736775) (0.155088, -2.02351) (0.0400587, 2.31887) 
(-2.39705, 0.362966) (-1.59025, -0.462901) (2.83908, 0.309107) (2.42223, 0.736775) (0.155084, -2.02348) (0.0400593, 2.31885) 
(-2.40182, 0.36063) (-1.61279, -0.476681) (2.84004, 0.310458) (2.42225, 0.736756) (0.15503, -2.02347) (0.0400402, 2.31888) 
(-2.40837, 0.353387) (-1.6326, -0.49162) (2.8405, 0.31134) (2.42224, 0.73674) (0.155093, -2.02351) (0.0400549, 2.31886) 
(-2.41582, 0.347494) (-1.64937, -0.506283) (2.84114, 0.311553) (2.42225, 0.736772) (0.155107, -2.02353) (0.0400584, 2.31886) 
(-2.42324, 0.338141) (-1.66432, -0.517778) (2.84204, 0.311473) (2.42225, 0.736767) (0.155068, -2.02353) (0.0400543, 2.31886) 
(-2.42917, 0.32944) (-1.67507, -0.524085) (2.84301, 0.311108) (2.42227, 0.736782) (0.155101, -2.02353) (0.0399505, 2.31891) 
(-2.43175, 0.322033) (-1.68327, -0.525653) (2.84433, 0.310779) (2.42225, 0.736769) (0.155065, -2.0235) (0.039956, 2.3189) 
(-2.43304, 0.318374) (-1.68821, -0.525917) (2.84504, 0.310627) (2.42225, 0.736777) (0.155082, -2.0235) (0.0399553, 2.3189) 
(-2.43379, 0.314943) (-1.69485, -0.526681) (2.84539, 0.310975) (2.42226, 0.736782) (0.155072, -2.02351) (0.039936, 2.31891) 
(-2.43356, 0.312875) (-1.69569, -0.530117) (2.84534, 0.31322) (2.42225, 0.736784) (0.155074, -2.0235) (0.0399934, 2.3189) 
(-2.43456, 0.309152) (-1.69432, -0.533074) (2.84483, 0.315183) (2.42224, 0.736792) (0.155059, -2.02348) (0.0399512, 2.3189) 
(-2.4377, 0.305249) (-1.69529, -0.533688) (2.84497, 0.316614) (2.42223, 0.736788) (0.15509, -2.0235) (0.0399281, 2.3189) 
(-2.44061, 0.300447) (-1.69651, -0.534799) (2.84498, 0.317738) (2.42226, 0.736776) (0.155118, -2.02345) (0.039907, 2.31895) 
(-2.44302, 0.295122) (-1.69812, -0.533064) (2.84598, 0.318537) (2.42223, 0.736678) (0.155245, -2.02337) (0.0398852, 2.31895) 
(-2.45181, 0.283091) (-1.70131, -0.529809) (2.84608, 0.319315) (2.42225, 0.736795) (0.154856, -2.02346) (0.0399578, 2.31894) 
(-2.45204, 0.275293) (-1.70372, -0.528306) (2.84541, 0.319576) (2.42229, 0.736747) (0.154935, -2.02361) (0.0399689, 2.31888) 
(-2.44877, 0.270395) (-1.70631, -0.527295) (2.8463, 0.319845) (2.42222, 0.736792) (0.155315, -2.02339) (0.0398867, 2.3189) 
(-2.44802, 0.266914) (-1.70673, -0.527871) (2.84909, 0.31945) (2.4223, 0.736735) (0.155011, -2.02365) (0.0400482, 2.31887) 
(-2.44663, 0.264699) (-1.70713, -0.529225) (2.85038, 0.319336) (2.42221, 0.736839) (0.155105, -2.02341) (0.0398881, 2.31893) 
(-2.44661, 0.264394) (-1.70647, -0.53209) (2.85342, 0.315432) (2.42223, 0.736776) (0.155085, -2.02349) (0.0399428, 2.31889) 
(-2.44894, 0.265902) (-1.70603, -0.5338) (2.8582, 0.309304) (2.42225, 0.736763) (0.155031, -2.0235) (0.0399743, 2.31889) 
(-2.44978, 0.26508) (-1.70604, -0.534692) (2.86069, 0.304974) (2.42211, 0.736619) (0.154664, -2.02339) (0.0399282, 2.31912) 
(-2.44969, 0.257601) (-1.7076, -0.535026) (2.86094, 0.304792) (2.42234, 0.736843) (0.155535, -2.02328) (0.0399516, 2.31885) 
(-2.44478, 0.25785) (-1.70714, -0.535804) (2.86061, 0.308383) (2.42226, 0.736723) (0.154154, -2.02342) (0.040089, 2.31875) 
(-2.43909, 0.261427) (-1.70786, -0.535308) (2.85982, 0.312003) (2.42213, 0.736727) (0.155539, -2.02319) (0.0398645, 2.31896) 
(-2.4362, 0.268875) (-1.70824, -0.534729) (2.86056, 0.315281) (2.42221, 0.73671) (0.154734, -2.02392) (0.0400617, 2.31882) 
(-2.43278, 0.276629) (-1.70872, -0.534018) (2.86068, 0.318538) (2.42214, 0.736633) (0.154916, -2.02339) (0.0399975, 2.31896) 
(-2.42532, 0.288667) (-1.70852, -0.533565) (2.85946, 0.321007) (2.42233, 0.736764) (0.155114, -2.0235) (0.0400146, 2.31877) 
(-2.41302, 0.304492) (-1.70793, -0.533666) (2.85531, 0.322078) (2.42228, 0.736792) (0.155108, -2.02357) (0.0399349, 2.31879) 
(-2.40375, 0.319862) (-1.7073, -0.534236) (2.85193, 0.323154) (2.42228, 0.736802) (0.155297, -2.02362) (0.0398759, 2.31892) 
(-2.4004, 0.335158) (-1.70707, -0.534877) (2.84927, 0.323862) (2.42235, 0.73682) (0.155079, -2.0237) (0.0400224, 2.31888) 
(-2.40038, 0.354038) (-1.70636, -0.536001) (2.84892, 0.324148) (2.4223, 0.736728) (0.154839, -2.02381) (0.0400337, 2.31886) 
(-2.40051, 0.373419) (-1.70662, -0.536371) (2.85022, 0.324662) (2.42229, 0.736759) (0.155276, -2.02346) (0.0399353, 2.31887) 
(-2.39929, 0.391515) (-1.70668, -0.537125) (2.85337, 0.325406) (2.42233, 0.736776) (0.154778, -2.02317) (0.0399008, 2.31876) 
(-2.40048, 0.401877) (-1.70656, -0.53648) (2.85612, 0.325845) (2.42226, 0.7368) (0.15477, -2.0238) (0.040007, 2.31889) 
(-2.40678, 0.408358) (-1.70607, -0.536128) (2.85834, 0.326249) (2.42222, 0.736728) (0.154691, -2.02388) (0.0402276, 2.31883) 
(-2.41967, 0.417976) (-1.70527, -0.535722) (2.86043, 0.327683) (2.4222, 0.736731) (0.155279, -2.0233) (0.0399446, 2.31894) 
(-2.42306, 0.420973) (-1.70474, -0.535656) (2.86114, 0.328006) (2.42222, 0.736761) (0.154874, -2.0238) (0.0401184, 2.31876) 
(-2.44127, 0.430625) (-1.70228, -0.534568) (2.86308, 0.329017) (2.42232, 0.736819) (0.154936, -2.02374) (0.0398987, 2.31877) 
(-2.44714, 0.438633) (-1.7015, -0.534437) (2.8639, 0.330093) (2.42224, 0.736845) (0.15489, -2.0237) (0.0398468, 2.31886) 
(-2.45141, 0.443528) (-1.70119, -0.534467) (2.86396, 0.33118) (2.42221, 0.736814) (0.155, -2.02354) (0.0399139, 2.3189) 
(-2.45629, 0.4467) (-1.701, -0.534775) (2.8648, 0.331915) (2.42226, 0.736766) (0.155241, -2.02343) (0.0398219, 2.31885) 
(-2.46059, 0.449786) (-1.70082, -0.535165) (2.86891, 0.332835) (2.42228, 0.736834) (0.155193, -2.02351) (0.0397979, 2.31894) 
(-2.4639, 0.452033) (-1.70085, -0.535437) (2.8783, 0.334202) (2.42232, 0.736807) (0.155171, -2.02366) (0.0399079, 2.3188) 
(-2.46652, 0.451032) (-1.7007, -0.535267) (2.88381, 0.33529) (2.42226, 0.736803) (0.155239, -2.02345) (0.0398779, 2.3188) 
(-2.46799, 0.450525) (-1.70047, -0.535603) (2.88221, 0.334917) (2.42221, 0.736761) (0.155223, -2.02349) (0.0399419, 2.31884) 
(-2.46828, 0.450886) (-1.69991, -0.536283) (2.87735, 0.335114) (2.42225, 0.736767) (0.155204, -2.02344) (0.0399697, 2.31881) 
(-2.4701, 0.451506) (-1.69963, -0.536509) (2.87437, 0.335427) (2.42228, 0.736818) (0.155354, -2.0234) (0.0397922, 2.31881) 
(-2.47189, 0.451736) (-1.69941, -0.537496) (2.87347, 0.33681) (2.4222, 0.736745) (0.155064, -2.02356) (0.0399149, 2.31882) 
(-2.47215, 0.450485) (-1.69857, -0.53889) (2.87417, 0.338651) (2.42219, 0.736818) (0.15527, -2.02336) (0.039818, 2.31886) 
(-2.47062, 0.450517) (-1.69781, -0.539526) (2.87598, 0.340622) (2.42228, 0.736751) (0.155135, -2.02362) (0.0398978, 2.31885) 
(-2.46906, 0.450839) (-1.69751, -0.539361) (2.87711, 0.341877) (2.42228, 0.736759) (0.155222, -2.0236) (0.0398938, 2.31883) 
(-2.46534, 0.451617) (-1.69764, -0.538626) (2.8786, 0.343006) (2.42227, 0.736846) (0.155127, -2.02359) (0.0398778, 2.31884) 
(-2.46133, 0.452312) (-1.69786, -0.538037) (2.87902, 0.342468) (2.42223, 0.736782) (0.155198, -2.02349) (0.0398414, 2.31886) 
(-2.45931, 0.455162) (-1.6981, -0.537828) (2.87883, 0.341007) (2.42224, 0.736798) (0.155227, -2.02346) (0.0398802, 2.31885) 
(-2.45948, 0.457491) (-1.69833, -0.538155) (2.87697, 0.33897) (2.42227, 0.736743) (0.155238, -2.02345) (0.0399741, 2.31882) 
(-2.46001, 0.458284) (-1.69833, -0.538198) (2.87459, 0.335641) (2.42223, 0.736797) (0.155172, -2.02344) (0.0398928, 2.31884) 
(-2.46106, 0.458675) (-1.6986, -0.537547) (2.87331, 0.333433) (2.42223, 0.736771) (0.155174, -2.02341) (0.0399094, 2.31883) 
(-2.46255, 0.458267) (-1.69916, -0.536424) (2.87299, 0.332051) (2.42225, 0.736758) (0.155145, -2.02348) (0.039893, 2.31884) 
(-2.4638, 0.455958) (-1.7002, -0.534844) (2.87273, 0.330756) (2.42225, 0.736808) (0.155186, -2.02353) (0.0398775, 2.31883) 
(-2.46461, 0.454776) (-1.70078, -0.53359) (2.87272, 0.329724) (2.42228, 0.736795) (0.155145, -2.02348) (0.0399084, 2.31883) 
(-2.46361, 0.454904) (-1.70113, -0.532951) (2.87376, 0.329161) (2.42223, 0.736781) (0.155195, -2.0235) (0.0399104, 2.31885) 
(-2.46088, 0.456386) (-1.70143, -0.532456) (2.87388, 0.329048) (2.42223, 0.736795) (0.155342, -2.02344) (0.0398755, 2.3188) 
(-2.45534, 0.461382) (-1.70178, -0.531401) (2.87256, 0.32936) (2.42226, 0.736789) (0.155203, -2.02354) (0.0398966, 2.31882) 
(-2.4442, 0.473878) (-1.70237, -0.531046) (2.8714, 0.3295) (2.42226, 0.736774) (0.155028, -2.02353) (0.0398924, 2.3189) 
(-2.42781, 0.487208) (-1.70273, -0.530692) (2.868, 0.330185) (2.42225, 0.73682) (0.155127, -2.02349) (0.0398832, 2.31893) 
(-2.41874, 0.49399) (-1.70365, -0.531247) (2.86424, 0.330491) (2.4223, 0.736755) (0.154624, -2.0238) (0.0400255, 2.31886) 
(-2.41703, 0.495248) (-1.7086, -0.530586) (2.86248, 0.330267) (2.42224, 0.736816) (0.155113, -2.02332) (0.0399695, 2.31886) 
(-2.41806, 0.492205) (-1.71219, -0.531708) (2.86233, 0.328718) (2.42226, 0.736755) (0.155391, -2.02345) (0.0398588, 2.31885) 
(-2.42013, 0.488907) (-1.71385, -0.535532) (2.86296, 0.328825) (2.42231, 0.736815) (0.155111, -2.02362) (0.0398858, 2.31884) 
(-2.42256, 0.48616) (-1.71533, -0.541992) (2.86277, 0.328319) (2.42232, 0.736836) (0.155039, -2.02365) (0.039817, 2.31876) 
