(2.4562, 2.1297) (-2.3538, 0.078801) (2.31372, -1.81594) (-2.2957, 1.99886) (2.59164, 0.149095) (-1.96476, -1.66319) 
(2.4565, 2.12917) (-2.35466, 0.0802628) (2.31847, -1.81856) (-2.29845, 1.99881) (2.59367, 0.149273) (-1.96992, -1.66276) 
(2.45692, 2.12858) (-2.35579, 0.0815718) (2.32174, -1.82007) (-2.26702, 1.9989) (2.56284, 0.151062) (-1.94736, -1.66389) 
(2.45707, 2.12746) (-2.35617, 0.0820026) (2.32266, -1.82199) (-2.21356, 1.98975) (2.5292, 0.147778) (-1.88237, -1.66644) 
(2.45664, 2.12538) (-2.35432, 0.0826188) (2.31588, -1.82) (-2.17561, 1.99357) (2.50021, 0.153547) (-1.83126, -1.66933) 
(2.45491, 2.12127) (-2.34796, 0.0846326) (2.31113, -1.81401) (-2.12788, 1.99424) (2.47341, 0.160794) (-1.79005, -1.66855) 
(2.45, 2.1086) (-2.32787, 0.0897237) (2.29745, -1.81042) (-2.07763, 1.99775) (2.44837, 0.17097) (-1.74779, -1.66751) 
(2.43989, 2.08766) (-2.29511, 0.0986458) (2.25944, -1.81091) (-2.02812, 1.99941) (2.43148, 0.184123) (-1.69658, -1.66612) 
(2.42501, 2.06577) (-2.24874, 0.104335) (2.2024, -1.81383) (-1.97943, 2.0009) (2.41803, 0.19411) (-1.64793, -1.66479) 
(2.39983, 2.04416) (-2.18524, 0.10878) (2.1205, -1.82366) (-1.92354, 2.00147) (2.40553, 0.210965) (-1.58909, -1.66374) 
(2.37638, 2.03286) (-2.12473, 0.106748) (2.0545, -1.8352) (-1.87747, 2.00253) (2.39854, 0.220398) (-1.54187, -1.66305) 
(2.34145, 2.0264) (-2.04041, 0.094161) (1.97324, -1.85756) (-1.82005, 2.00284) (2.39309, 0.236348) (-1.48135, -1.66376) 
(2.29588, 2.02996) (-1.94868, 0.0757775) (1.9081, -1.87141) (-1.76176, 2.00409) (2.38943, 0.251072) (-1.4226, -1.66434) 
(2.25281, 2.04222) (-1.87855, 0.06219) (1.85803, -1.87718) (-1.7174, 2.00403) (2.3883, 0.26325) (-1.37841, -1.66315) 
(2.18674, 2.07142) (-1.78905, 0.0491148) (1.7923, -1.87934) (-1.65514, 2.00418) (2.38921, 0.280639) (-1.31591, -1.66268) 
(2.12557, 2.10163) (-1.70984, 0.0455198) (1.73369, -1.8751) (-1.60167, 2.00408) (2.39179, 0.294584) (-1.26211, -1.66175) 
(2.07571, 2.1255) (-1.6433, 0.0481683) (1.68087, -1.85993) (-1.55683, 2.00457) (2.39627, 0.3064) (-1.21658, -1.66141) 
(2.01439, 2.15037) (-1.55278, 0.0569239) (1.61011, -1.81837) (-1.49743, 2.0062) (2.40646, 0.319806) (-1.15666, -1.66014) 
(1.95794, 2.16618) (-1.46873, 0.0735167) (1.54285, -1.77184) (-1.44212, 2.00772) (2.41798, 0.330879) (-1.1015, -1.65784) 
(1.90241, 2.17393) (-1.3814, 0.0953275) (1.48373, -1.7421) (-1.38839, 2.00923) (2.43358, 0.337989) (-1.04719, -1.65708) 
(1.84521, 2.17506) (-1.30112, 0.116671) (1.42275, -1.72652) (-1.33253, 2.01063) (2.44857, 0.345665) (-0.991423, -1.65735) 
(1.78017, 2.1684) (-1.21482, 0.133964) (1.35043, -1.72512) (-1.27334, 2.01193) (2.4698, 0.348414) (-0.934889, -1.65635) 
(1.72101, 2.15374) (-1.14275, 0.141495) (1.29916, -1.73293) (-1.22301, 2.01284) (2.48456, 0.357321) (-0.888765, -1.65955) 
(1.6534, 2.13288) (-1.06595, 0.150429) (1.23955, -1.74808) (-1.16903, 2.014) (2.50339, 0.365057) (-0.840766, -1.66328) 
(1.59216, 2.11664) (-0.997507, 0.156657) (1.1872, -1.77164) (-1.1196, 2.01467) (2.51707, 0.377435) (-0.800944, -1.66983) 
(1.50723, 2.1025) (-0.900007, 0.158242) (1.11882, -1.81708) (-1.05596, 2.01637) (2.52944, 0.392343) (-0.758605, -1.67554) 
(1.43955, 2.10115) (-0.818197, 0.155446) (1.0564, -1.85717) (-1.00409, 2.01692) (2.53973, 0.404952) (-0.726872, -1.67193) 
(1.35758, 2.11069) (-0.722399, 0.14775) (0.98583, -1.89223) (-0.942119, 2.01829) (2.54236, 0.41875) (-0.681325, -1.66467) 
(1.27714, 2.13223) (-0.622432, 0.142614) (0.919638, -1.92213) (-0.881773, 2.01873) (2.55277, 0.430641) (-0.639266, -1.65485) 
(1.20435, 2.16258) (-0.52756, 0.146364) (0.853529, -1.93685) (-0.837948, 2.01905) (2.56147, 0.440806) (-0.60231, -1.64607) 
(1.13788, 2.19981) (-0.441893, 0.153633) (0.796468, -1.94478) (-0.793867, 2.00929) (2.57343, 0.448121) (-0.561549, -1.64158) 
(1.0795, 2.23339) (-0.364633, 0.158177) (0.742714, -1.94908) (-0.754391, 1.99999) (2.5843, 0.45472) (-0.524393, -1.63921) 
(1.00132, 2.26985) (-0.245821, 0.170914) (0.664845, -1.93833) (-0.701201, 1.98603) (2.60309, 0.460806) (-0.474946, -1.63835) 
(0.957588, 2.28213) (-0.171733, 0.180586) (0.619516, -1.92603) (-0.663399, 1.97965) (2.61404, 0.462874) (-0.44266, -1.63559) 
(0.882371, 2.28803) (-0.0595999, 0.191902) (0.536344, -1.9135) (-0.610855, 1.97313) (2.6215, 0.462533) (-0.390195, -1.62947) 
(0.829904, 2.28533) (0.0149291, 0.191194) (0.481409, -1.91549) (-0.576395, 1.97202) (2.6215, 0.462533) (-0.359448, -1.62021) 
(0.758927, 2.27482) (0.106471, 0.183638) (0.4044, -1.92578) (-0.524139, 1.97248) (2.6215, 0.462533) (-0.327421, -1.60917) 
(0.685743, 2.25591) (0.198309, 0.173838) (0.334183, -1.9446) (-0.47373, 1.97001) (2.6215, 0.462533) (-0.29659, -1.59294) 
(0.618776, 2.23362) (0.283027, 0.160456) (0.268251, -1.96743) (-0.432143, 1.96638) (2.6215, 0.462533) (-0.270714, -1.57381) 
(0.557945, 2.21533) (0.363254, 0.141669) (0.21167, -1.99868) (-0.393814, 1.96078) (2.6215, 0.462533) (-0.249719, -1.55654) 
(0.503915, 2.20297) (0.441147, 0.123584) (0.154285, -2.03314) (-0.359092, 1.95305) (2.6215, 0.462533) (-0.227533, -1.53729) 
(0.441214, 2.199) (0.533438, 0.107495) (0.0842164, -2.0708) (-0.315047, 1.9375) (2.6215, 0.462533) (-0.189944, -1.51377) 
(0.398169, 2.20296) (0.60498, 0.101698) (0.0480869, -2.08711) (-0.294868, 1.92729) (2.6215, 0.462533) (-0.161738, -1.49839) 
(0.34295, 2.21831) (0.690248, 0.101156) (-0.00233225, -2.09959) (-0.262581, 1.90036) (2.6215, 0.462533) (-0.122893, -1.49124) 
(0.286822, 2.24443) (0.777476, 0.10182) (-0.06156, -2.10241) (-0.238263, 1.87407) (2.6215, 0.462533) (-0.085765, -1.48953) 
(0.243995, 2.27263) (0.843837, 0.107498) (-0.110935, -2.09844) (-0.221884, 1.85262) (2.6215, 0.462533) (-0.0580541, -1.49369) 
(0.188187, 2.31354) (0.931085, 0.12084) (-0.180506, -2.08019) (-0.201046, 1.82602) (2.6215, 0.462533) (-0.0275829, -1.50078) 
(0.127924, 2.35249) (1.0178, 0.137799) (-0.258874, -2.0511) (-0.175774, 1.7995) (2.6215, 0.462533) (0.00928997, -1.50858) 
(0.0741877, 2.37763) (1.08528, 0.147577) (-0.334436, -2.02586) (-0.155892, 1.78635) (2.6215, 0.462533) (0.0417198, -1.51519) 
(0.00936394, 2.39672) (1.16782, 0.152949) (-0.431672, -1.99657) (-0.125115, 1.77318) (2.6215, 0.462533) (0.0846231, -1.51964) 
(-0.0468878, 2.40509) (1.23338, 0.152908) (-0.503583, -1.97158) (-0.107653, 1.77191) (2.6215, 0.462533) (0.12131, -1.52169) 
(-0.113361, 2.4045) (1.31528, 0.151055) (-0.575735, -1.94972) (-0.0835573, 1.77349) (2.6215, 0.462533) (0.16843, -1.52101) 
(-0.165886, 2.39635) (1.38012, 0.1471) (-0.631579, -1.93469) (-0.068567, 1.77686) (2.6215, 0.462533) (0.205901, -1.52053) 
(-0.235085, 2.37503) (1.46536, 0.136032) (-0.709554, -1.91939) (-0.0486987, 1.78397) (2.6215, 0.462533) (0.25785, -1.52296) 
(-0.296989, 2.35056) (1.53912, 0.122667) (-0.781843, -1.91057) (-0.0268996, 1.7912) (2.6215, 0.462533) (0.303391, -1.52323) 
(-0.368817, 2.31696) (1.62291, 0.106112) (-0.873329, -1.89425) (-0.00248117, 1.79816) (2.6215, 0.462533) (0.360123, -1.52832) 
(-0.435888, 2.28923) (1.70099, 0.0929949) (-0.975495, -1.88049) (0.0282034, 1.80531) (2.6215, 0.462533) (0.418796, -1.53428) 
(-0.493895, 2.27194) (1.76585, 0.0874872) (-1.0709, -1.8708) (0.0550182, 1.80987) (2.96989, 0.418822) (0.471677, -1.53968) 
(-0.553387, 2.25922) (1.82376, 0.0857708) (-1.15866, -1.8565) (0.0851686, 1.81444) (2.97452, 0.43888) (0.523274, -1.54498) 
(-0.619437, 2.25315) (1.89402, 0.0879721) (-1.2591, -1.82874) (0.121695, 1.81836) (2.97742, 0.463381) (0.582365, -1.54916) 
(-0.671331, 2.25493) (1.94843, 0.0936638) (-1.32766, -1.80323) (0.153607, 1.82264) (2.97604, 0.482893) (0.628279, -1.55283) 
(-0.754835, 2.26754) (2.02777, 0.11001) (-1.41463, -1.76195) (0.205406, 1.82985) (2.97055, 0.509927) (0.698317, -1.55762) 
(-0.814601, 2.28139) (2.08306, 0.127081) (-1.45917, -1.72586) (0.239738, 1.83518) (2.96255, 0.526979) (0.746295, -1.56026) 
(-0.895361, 2.30059) (2.14909, 0.146594) (-1.51411, -1.66469) (0.287781, 1.84187) (2.9516, 0.545839) (0.810748, -1.56562) 
(-0.976224, 2.31701) (2.20905, 0.16119) (-1.55256, -1.62197) (0.337335, 1.84989) (2.93617, 0.563415) (0.877942, -1.5699) 
(-1.03368, 2.32445) (2.25276, 0.170581) (-1.58623, -1.60428) (0.379389, 1.85452) (2.92322, 0.57512) (0.929344, -1.57404) 
(-1.1058, 2.32957) (2.30624, 0.180206) (-1.63479, -1.58572) (0.433373, 1.86247) (2.90414, 0.583186) (0.991188, -1.57874) 
(-1.17592, 2.3273) (2.3605, 0.190922) (-1.67787, -1.56807) (0.490115, 1.86927) (2.88223, 0.593274) (1.05247, -1.58363) 
(-1.23492, 2.31852) (2.40514, 0.197295) (-1.72499, -1.55861) (0.539173, 1.87661) (2.86191, 0.596435) (1.10618, -1.58839) 
(-1.29981, 2.30188) (2.45665, 0.200154) (-1.78453, -1.54998) (0.592456, 1.88374) (2.83953, 0.606135) (1.16797, -1.59466) 
(-1.36512, 2.27916) (2.50396, 0.198965) (-1.84404, -1.53643) (0.644847, 1.89104) (2.82304, 0.612189) (1.22916, -1.5997) 
(-1.42714, 2.25347) (2.53897, 0.199097) (-1.90191, -1.527) (0.694181, 1.89749) (2.80859, 0.621061) (1.28322, -1.60371) 
(-1.49358, 2.22317) (2.56265, 0.194738) (-1.95566, -1.52125) (0.747414, 1.90317) (2.79717, 0.627996) (1.33951, -1.60869) 
(-1.56106, 2.19733) (2.57154, 0.183497) (-1.99318, -1.51861) (0.798737, 1.91038) (2.78721, 0.635935) (1.39901, -1.61435) 
(-1.63968, 2.1756) (2.57301, 0.166166) (-2.01807, -1.53874) (0.859272, 1.91762) (2.77819, 0.649747) (1.46745, -1.62026) 
(-1.6949, 2.16319) (2.57243, 0.151804) (-2.02776, -1.56578) (0.904553, 1.92405) (2.77296, 0.66357) (1.51614, -1.62485) 
(-1.75962, 2.15349) (2.56923, 0.134223) (-2.02837, -1.60412) (0.958277, 1.93179) (2.76748, 0.682967) (1.57522, -1.63095) 
(-1.83491, 2.14811) (2.56327, 0.114913) (-2.02071, -1.65378) (1.02088, 1.93956) (2.76813, 0.703789) (1.64518, -1.63777) 
(-1.89779, 2.1512) (2.55611, 0.0982604) (-2.01282, -1.69175) (1.07147, 1.94675) (2.76556, 0.720915) (1.69934, -1.64313) 
(-1.97957, 2.15695) (2.54969, 0.0794633) (-2.00702, -1.7303) (1.13221, 1.95355) (2.75752, 0.736096) (1.76377, -1.64977) 
(-2.05616, 2.1587) (2.5444, 0.0666777) (-2.01181, -1.75396) (1.18723, 1.96013) (2.75172, 0.751141) (1.82291, -1.65665) 
(-2.1165, 2.15625) (2.53968, 0.0560125) (-2.02095, -1.76761) (1.23191, 1.96579) (2.7464, 0.760352) (1.87175, -1.66211) 
(-2.18707, 2.14926) (2.53427, 0.0442612) (-2.04338, -1.77792) (1.29273, 1.97304) (2.7453, 0.77963) (1.93984, -1.66937) 
(-2.22994, 2.13959) (2.5315, 0.0415522) (-2.05899, -1.77562) (1.34311, 1.97887) (2.74904, 0.794564) (1.99491, -1.6756) 
(-2.26117, 2.12228) (2.53401, 0.04439) (-2.07179, -1.7656) (1.40181, 1.98417) (2.75218, 0.813522) (2.05821, -1.68321) 
(-2.2731, 2.10496) (2.53914, 0.0509866) (-2.07774, -1.75688) (1.45047, 1.98836) (2.76028, 0.828363) (2.10719, -1.68858) 
(-2.27028, 2.08168) (2.54447, 0.0631887) (-2.08762, -1.74527) (1.5079, 1.99358) (2.76218, 0.851903) (2.16629, -1.69586) 
(-2.2618, 2.06262) (2.54596, 0.0723459) (-2.09615, -1.73522) (1.55282, 1.99691) (2.76354, 0.868308) (2.20999, -1.70137) 
(-2.25124, 2.04124) (2.5484, 0.0784147) (-2.10498, -1.72651) (1.60913, 2.00257) (2.75985, 0.888977) (2.26168, -1.70884) 
(-2.24278, 2.01953) (2.55948, 0.0830992) (-2.11124, -1.72281) (1.66962, 2.00709) (2.75602, 0.909969) (2.28002, -1.70991) 
(-2.24261, 1.99989) (2.58378, 0.0857804) (-2.11458, -1.71817) (1.73108, 2.01342) (2.7461, 0.931486) (2.26928, -1.70964) 
(-2.24879, 1.98588) (2.60494, 0.0875806) (-2.1189, -1.71399) (1.77723, 2.01599) (2.74039, 0.940859) (2.26424, -1.70832) 
(-2.264, 1.96063) (2.63014, 0.0859439) (-2.12549, -1.71807) (1.83656, 2.02194) (2.74265, 0.937812) (2.26831, -1.70891) 
(-2.28001, 1.93339) (2.64708, 0.0813648) (-2.12915, -1.71725) (1.88761, 2.02646) (2.7424, 0.938607) (2.27451, -1.70994) 
(-2.29868, 1.90297) (2.65996, 0.0780565) (-2.1321, -1.71271) (1.94463, 2.03147) (2.74203, 0.938064) (2.27532, -1.71006) 
(-2.3165, 1.87383) (2.67176, 0.0761842) (-2.13308, -1.71004) (2.01118, 2.03668) (2.74221, 0.938368) (2.27451, -1.70987) 
(-2.32685, 1.86251) (2.67758, 0.0743319) (-2.13722, -1.70721) (2.05592, 2.04064) (2.74221, 0.938302) (2.27478, -1.70995) 
(-2.33966, 1.8582) (2.67972, 0.0687368) (-2.14861, -1.70549) (2.11508, 2.04517) (2.74212, 0.938222) (2.2748, -1.70998) 
(-2.34564, 1.86304) (2.67826, 0.0655388) (-2.15391, -1.70559) (2.15609, 2.04858) (2.74204, 0.937966) (2.27468, -1.70991) 
(-2.34897, 1.87547) (2.67752, 0.0645936) (-2.15847, -1.70725) (2.20341, 2.0523) (2.74212, 0.938154) (2.27469, -1.70992) 
(-2.34751, 1.90246) (2.67183, 0.0666475) (-2.16025, -1.70826) (2.2258, 2.05225) (2.74209, 0.938131) (2.27472, -1.70996) 
(-2.34143, 1.92906) (2.66454, 0.071165) (-2.15513, -1.70737) (2.21826, 2.05438) (2.74209, 0.93812) (2.27466, -1.70994) 
(-2.3321, 1.95358) (2.65786, 0.0767547) (-2.14634, -1.70665) (2.22064, 2.05273) (2.74214, 0.938193) (2.27468, -1.70992) 
(-2.32022, 1.97848) (2.65101, 0.0811093) (-2.1371, -1.70474) (2.22254, 2.05376) (2.74212, 0.938144) (2.2747, -1.70993) 
(-2.30993, 1.99316) (2.64432, 0.0846865) (-2.12742, -1.70181) (2.2214, 2.05323) (2.74209, 0.938106) (2.27466, -1.70994) 
(-2.31361, 1.99441) (2.6377, 0.0880578) (-2.12116, -1.69956) (2.22192, 2.05311) (2.74212, 0.938182) (2.27468, -1.70994) 
(-2.32493, 1.9828) (2.63149, 0.091105) (-2.12019, -1.69881) (2.22212, 2.05327) (2.74213, 0.938158) (2.27468, -1.70993) 
(-2.3377, 1.96241) (2.62633, 0.092358) (-2.12197, -1.69924) (2.22196, 2.05323) (2.74178, 0.937386) (2.27468, -1.70994) 
(-2.34778, 1.94484) (2.62319, 0.0924558) (-2.12401, -1.70098) (2.22209, 2.05311) (2.74204, 0.937928) (2.27468, -1.70994) 
(-2.35586, 1.92583) (2.62035, 0.0925805) (-2.12465, -1.70228) (2.22204, 2.05322) (2.74204, 0.937951) (2.27467, -1.70994) 
(-2.36131, 1.9123) (2.61918, 0.0927562) (-2.12448, -1.70436) (2.22206, 2.05315) (2.742, 0.937907) (2.27467, -1.70993) 
(-2.36612, 1.90275) (2.61804, 0.0932771) (-2.12435, -1.70548) (2.22209, 2.05313) (2.74205, 0.937943) (2.27467, -1.70993) 
(-2.36831, 1.9005) (2.61734, 0.0937128) (-2.12166, -1.70594) (2.22203, 2.05321) (2.74202, 0.937912) (2.27467, -1.70995) 
(-2.36994, 1.90166) (2.61765, 0.0933915) (-2.12171, -1.70748) (2.22203, 2.05319) (2.74195, 0.937699) (2.27467, -1.70994) 
(-2.37135, 1.90449) (2.61815, 0.0932775) (-2.12374, -1.70873) (2.2221, 2.05307) (2.74186, 0.937461) (2.27466, -1.70993) 
(-2.37176, 1.90676) (2.61875, 0.0926473) (-2.1262, -1.71035) (2.22205, 2.05316) (2.74187, 0.937499) (2.27465, -1.70994) 
(-2.37302, 1.9066) (2.62, 0.0907841) (-2.12855, -1.71229) (2.22202, 2.05318) (2.74214, 0.938129) (2.27467, -1.70993) 
(-2.37422, 1.90516) (2.62092, 0.0891605) (-2.13154, -1.71366) (2.22212, 2.05329) (2.74213, 0.938138) (2.27466, -1.70993) 
(-2.37401, 1.90434) (2.62032, 0.085771) (-2.13529, -1.71505) (2.22205, 2.05317) (2.74212, 0.938136) (2.27466, -1.70994) 
(-2.37241, 1.90382) (2.61857, 0.0839529) (-2.13517, -1.71649) (2.22204, 2.05319) (2.74187, 0.937501) (2.27466, -1.70993) 
(-2.37172, 1.9049) (2.61705, 0.0815301) (-2.13426, -1.71619) (2.22205, 2.05317) (2.74186, 0.937435) (2.27465, -1.70993) 
(-2.37277, 1.90703) (2.61686, 0.0767546) (-2.13381, -1.71589) (2.22204, 2.0532) (2.74205, 0.937922) (2.27465, -1.70992) 
(-2.37364, 1.90808) (2.62124, 0.0705505) (-2.13249, -1.71592) (2.22204, 2.05317) (2.74203, 0.937927) (2.27467, -1.70992) 
(-2.37342, 1.90881) (2.62862, 0.0640716) (-2.13074, -1.71477) (2.22204, 2.05318) (2.74201, 0.937913) (2.27464, -1.70994) 
(-2.37359, 1.90957) (2.63353, 0.0580381) (-2.12999, -1.71821) (2.22207, 2.05313) (2.74204, 0.937944) (2.27464, -1.70993) 
(-2.37434, 1.91045) (2.6391, 0.0507788) (-2.12423, -1.74213) (2.22206, 2.05317) (2.74206, 0.937935) (2.27467, -1.70993) 
(-2.37532, 1.9111) (2.64398, 0.0454396) (-2.10551, -1.75336) (2.22207, 2.05318) (2.74205, 0.937951) (2.27466, -1.70993) 
(-2.37588, 1.91156) (2.64852, 0.042143) (-2.08774, -1.74979) (2.22199, 2.05322) (2.74206, 0.937942) (2.27464, -1.70993) 
(-2.37726, 1.91238) (2.65376, 0.041241) (-2.07771, -1.74812) (2.22208, 2.05329) (2.7421, 0.937948) (2.27465, -1.70993) 
(-2.3803, 1.91341) (2.65868, 0.0411549) (-2.06845, -1.74423) (2.22204, 2.05319) (2.74207, 0.937933) (2.27466, -1.70993) 
(-2.38082, 1.91363) (2.66266, 0.0416058) (-2.06374, -1.73746) (2.22204, 2.05319) (2.74209, 0.937964) (2.27467, -1.70992) 
(-2.37843, 1.91266) (2.6681, 0.0425704) (-2.05912, -1.72835) (2.22203, 2.05319) (2.74207, 0.937954) (2.27464, -1.70992) 
(-2.377, 1.91245) (2.67231, 0.0431784) (-2.05466, -1.72103) (2.22203, 2.05321) (2.74201, 0.937903) (2.27464, -1.70994) 
(-2.37667, 1.91175) (2.6774, 0.0442123) (-2.05323, -1.71472) (2.22203, 2.05317) (2.74202, 0.937931) (2.27466, -1.70995) 
(-2.37668, 1.91131) (2.68181, 0.0447572) (-2.05357, -1.70756) (2.22204, 2.05319) (2.74204, 0.937962) (2.27464, -1.70994) 
(-2.37679, 1.91093) (2.68456, 0.0451293) (-2.05619, -1.70377) (2.22202, 2.05322) (2.74203, 0.93791) (2.27465, -1.70995) 
(-2.3766, 1.91001) (2.68763, 0.0452418) (-2.05939, -1.7039) (2.222, 2.05334) (2.74202, 0.937895) (2.27464, -1.70993) 
(-2.3758, 1.90872) (2.68992, 0.0444294) (-2.06109, -1.70331) (2.22203, 2.05317) (2.74203, 0.937908) (2.27464, -1.70994) 
(-2.37481, 1.90785) (2.69217, 0.0432285) (-2.0634, -1.70145) (2.22201, 2.05319) (2.74193, 0.937615) (2.27464, -1.70994) 
(-2.37452, 1.90718) (2.69343, 0.0417834) (-2.06505, -1.7017) (2.22201, 2.05318) (2.74187, 0.93739) (2.27464, -1.70993) 
(-2.37448, 1.90698) (2.69446, 0.0400499) (-2.06781, -1.70196) (2.22202, 2.0532) (2.74188, 0.937452) (2.27463, -1.70994) 
(-2.37415, 1.90675) (2.69515, 0.0384436) (-2.07217, -1.70194) (2.222, 2.0532) (2.74188, 0.937455) (2.27465, -1.70993) 
(-2.37331, 1.90652) (2.69494, 0.0369892) (-2.07816, -1.70359) (2.22204, 2.05319) (2.74193, 0.937474) (2.27465, -1.70992) 
(-2.37216, 1.90642) (2.69393, 0.035501) (-2.08363, -1.70419) (2.22202, 2.05321) (2.7419, 0.937451) (2.27465, -1.70993) 
(-2.37117, 1.90612) (2.69266, 0.0335567) (-2.09098, -1.70184) (2.22204, 2.05319) (2.74188, 0.937418) (2.27465, -1.70993) 
(-2.37026, 1.9059) (2.69167, 0.0320073) (-2.09656, -1.69896) (2.22202, 2.05317) (2.74196, 0.937697) (2.27463, -1.70992) 
(-2.36926, 1.90636) (2.69052, 0.0297312) (-2.10147, -1.69755) (2.22203, 2.05317) (2.74209, 0.93793) (2.27466, -1.70994) 
(-2.36865, 1.90713) (2.68924, 0.027381) (-2.10524, -1.69517) (2.22202, 2.05318) (2.74206, 0.937948) (2.27466, -1.70993) 
(-2.36823, 1.90755) (2.68534, 0.0255753) (-2.10881, -1.69059) (2.22204, 2.05315) (2.74204, 0.93792) (2.27465, -1.70994) 
(-2.36831, 1.90838) (2.67982, 0.0238982) (-2.11237, -1.68702) (2.22203, 2.05318) (2.74204, 0.937921) (2.27463, -1.70994) 
(-2.36889, 1.90865) (2.67321, 0.0231337) (-2.11466, -1.68714) (2.22198, 2.05323) (2.74204, 0.937904) (2.27463, -1.70994) 
(-2.37021, 1.90946) (2.66781, 0.0217891) (-2.11512, -1.68922) (2.22203, 2.05317) (2.74205, 0.937932) (2.27465, -1.70993) 
(-2.37188, 1.91048) (2.66528, 0.022155) (-2.11401, -1.69071) (2.22199, 2.05327) (2.74205, 0.937929) (2.27464, -1.70994) 
(-2.37291, 1.91127) (2.66754, 0.0231891) (-2.11291, -1.69228) (2.22202, 2.05317) (2.74207, 0.937913) (2.27463, -1.70993) 
(-2.37373, 1.91202) (2.67178, 0.024494) (-2.11269, -1.69409) (2.22201, 2.05317) (2.74206, 0.937911) (2.27463, -1.70994) 
(-2.37453, 1.91269) (2.67968, 0.0237785) (-2.11247, -1.69458) (2.22203, 2.05317) (2.74208, 0.937949) (2.27464, -1.70992) 
(-2.37597, 1.91302) (2.68617, 0.0208315) (-2.11238, -1.69471) (2.22201, 2.05318) (2.74208, 0.937934) (2.27464, -1.70993) 
(-2.37647, 1.91299) (2.68959, 0.0189708) (-2.11232, -1.69486) (2.22204, 2.05316) (2.74206, 0.937927) (2.27464, -1.70994) 
(-2.37634, 1.91305) (2.69164, 0.0183858) (-2.11223, -1.69484) (2.22201, 2.0532) (2.74205, 0.937915) (2.27464, -1.70991) 
(-2.37583, 1.9132) (2.69319, 0.0207974) (-2.11194, -1.69416) (2.222, 2.05319) (2.74207, 0.937921) (2.27465, -1.70993) 
(-2.37417, 1.91394) (2.69476, 0.02239) (-2.11177, -1.69265) (2.22204, 2.05319) (2.74208, 0.937932) (2.27431, -1.71002) 
(-2.37354, 1.91551) (2.69461, 0.0178165) (-2.11197, -1.69197) (2.22204, 2.05321) (2.74208, 0.93794) (2.27439, -1.70997) 
(-2.37341, 1.9164) (2.69485, 0.0127861) (-2.1119, -1.69171) (2.22201, 2.05322) (2.74208, 0.93791) (2.27461, -1.70992) 
(-2.37296, 1.91727) (2.69467, 0.00851402) (-2.111, -1.69028) (2.22203, 2.05316) (2.74206, 0.937908) (2.27463, -1.70992) 
(-2.37139, 1.91836) (2.6958, 0.00477423) (-2.11331, -1.69066) (2.22202, 2.05316) (2.74208, 0.93793) (2.27463, -1.70993) 
(-2.36955, 1.91847) (2.6936, 0.00476706) (-2.13168, -1.70179) (2.22202, 2.05318) (2.74207, 0.937908) (2.27433, -1.71001) 
(-2.36676, 1.91927) (2.69025, 0.00591464) (-2.16274, -1.6991) (2.22199, 2.05325) (2.74207, 0.937935) (2.27462, -1.70992) 
(-2.36411, 1.92004) (2.69152, 0.0056349) (-2.17414, -1.68664) (2.22202, 2.05316) (2.74209, 0.937919) (2.27463, -1.70993) 
(-2.36256, 1.92139) (2.69219, 0.00450497) (-2.17197, -1.68693) (2.22207, 2.05325) (2.7421, 0.937946) (2.27464, -1.70993) 
(-2.36052, 1.92504) (2.68704, 0.00603856) (-2.16741, -1.69131) (2.222, 2.05323) (2.74209, 0.937912) (2.27463, -1.70992) 
(-2.35891, 1.93019) (2.67877, 0.00878135) (-2.16681, -1.69419) (2.22201, 2.05314) (2.7421, 0.937934) (2.27462, -1.70992) 
(-2.35793, 1.93619) (2.67277, 0.0121326) (-2.16775, -1.69721) (2.22202, 2.05319) (2.74208, 0.937926) (2.27462, -1.70994) 
(-2.35774, 1.94665) (2.67296, 0.0129615) (-2.16957, -1.69874) (2.22201, 2.05318) (2.74207, 0.937909) (2.27462, -1.70992) 
(-2.35704, 1.95868) (2.67533, 0.0120731) (-2.17188, -1.69834) (2.22202, 2.05323) (2.74208, 0.93792) (2.27463, -1.70992) 
(-2.3557, 1.97553) (2.67619, 0.0106248) (-2.17432, -1.69672) (2.22202, 2.05323) (2.74206, 0.93791) (2.27464, -1.70993) 
(-2.35469, 1.99145) (2.67675, 0.00844405) (-2.17797, -1.69494) (2.22204, 2.05333) (2.74208, 0.937936) (2.27462, -1.70992) 
(-2.35364, 2.00551) (2.68099, 0.00419195) (-2.17955, -1.69543) (2.22204, 2.05314) (2.74209, 0.937907) (2.27462, -1.70993) 
(-2.35047, 2.01923) (2.68316, 0.001613) (-2.17831, -1.69574) (2.22203, 2.0532) (2.74207, 0.937922) (2.27463, -1.70992) 
(-2.34723, 2.02756) (2.68287, 0.000933824) (-2.17812, -1.69554) (2.222, 2.05321) (2.74207, 0.937906) (2.27463, -1.70993) 
(-2.34345, 2.03482) (2.68478, -0.00305668) (-2.18016, -1.69521) (2.22199, 2.05322) (2.7421, 0.937931) (2.27461, -1.70993) 
(-2.3397, 2.03744) (2.68743, -0.00579344) (-2.18216, -1.69513) (2.22202, 2.05317) (2.74208, 0.937911) (2.27462, -1.70992) 
(-2.33574, 2.03703) (2.68679, -0.00639778) (-2.18365, -1.69487) (2.22205, 2.05315) (2.7421, 0.937929) (2.27461, -1.70991) 
(-2.33268, 2.03496) (2.68615, -0.00632123) (-2.18438, -1.69394) (2.222, 2.05319) (2.74209, 0.937927) (2.27462, -1.70993) 
(-2.32805, 2.03077) (2.68827, -0.00674867) (-2.18509, -1.69242) (2.22203, 2.05321) (2.74208, 0.937895) (2.27463, -1.7099) 
(-2.32609, 2.02751) (2.68944, -0.00727185) (-2.18587, -1.69399) (2.22202, 2.05317) (2.74206, 0.937912) (2.27463, -1.70993) 
(-2.32692, 2.02607) (2.68886, -0.00683457) (-2.1858, -1.69507) (2.22206, 2.05319) (2.74209, 0.937917) (2.27463, -1.70993) 
(-2.33028, 2.02476) (2.68672, -0.00579703) (-2.18656, -1.69709) (2.22204, 2.05331) (2.74208, 0.937913) (2.27462, -1.70994) 
(-2.33298, 2.02255) (2.68426, -0.00490947) (-2.18717, -1.69995) (2.22203, 2.0533) (2.74207, 0.937915) (2.27463, -1.70991) 
(-2.33374, 2.02108) (2.68527, -0.00580529) (-2.18799, -1.70239) (2.22202, 2.05315) (2.74209, 0.937926) (2.27462, -1.70992) 
(-2.33326, 2.02057) (2.68616, -0.00653218) (-2.18787, -1.70522) (2.22203, 2.0532) (2.74207, 0.937905) (2.27463, -1.70993) 
(-2.33153, 2.0219) (2.68556, -0.00676173) (-2.18751, -1.70576) (2.22203, 2.05319) (2.7421, 0.937916) (2.2746, -1.70993) 
(-2.32927, 2.02448) (2.68444, -0.00726596) (-2.18841, -1.70482) (2.22201, 2.05324) (2.74209, 0.937885) (2.27462, -1.70993) 
(-2.32703, 2.02799) (2.68426, -0.00801821) (-2.18911, -1.70377) (2.22205, 2.05319) (2.74209, 0.937933) (2.27462, -1.70991) 
(-2.32574, 2.03129) (2.68337, -0.00862053) (-2.18968, -1.70224) (2.22204, 2.05315) (2.74208, 0.937914) (2.27461, -1.70992) 
(-2.32332, 2.03598) (2.68303, -0.0109078) (-2.19016, -1.70076) (2.22204, 2.05318) (2.7421, 0.937882) (2.27463, -1.70994) 
(-2.32034, 2.04055) (2.68359, -0.0128189) (-2.1904, -1.7004) (2.22203, 2.05319) (2.74209, 0.93792) (2.27463, -1.70993) 
(-2.31686, 2.04534) (2.68166, -0.0139189) (-2.18929, -1.70012) (2.22203, 2.05318) (2.74207, 0.937922) (2.27461, -1.70993) 
(-2.31437, 2.04852) (2.68346, -0.0159403) (-2.18785, -1.70045) (2.22204, 2.05318) (2.7421, 0.937907) (2.27463, -1.70992) 
(-2.31361, 2.05148) (2.68404, -0.0167178) (-2.18601, -1.70219) (2.22201, 2.05315) (2.74208, 0.937904) (2.27462, -1.70994) 
(-2.31636, 2.05456) (2.68242, -0.0162243) (-2.18373, -1.70437) (2.22201, 2.05319) (2.74207, 0.937899) (2.27461, -1.70992) 
(-2.32006, 2.05624) (2.68084, -0.0155954) (-2.18176, -1.7059) (2.22202, 2.05319) (2.74208, 0.937909) (2.27462, -1.70992) 
(-2.32498, 2.05723) (2.68203, -0.016258) (-2.17931, -1.70626) (2.22199, 2.05322) (2.74209, 0.93791) (2.27461, -1.70993) 
(-2.32758, 2.0542) (2.6822, -0.0165993) (-2.1764, -1.70566) (2.22203, 2.05333) (2.74211, 0.937921) (2.27461, -1.70992) 
(-2.32862, 2.05011) (2.67968, -0.0138743) (-2.17501, -1.70425) (2.22199, 2.05319) (2.74211, 0.937902) (2.27461, -1.70992) 
(-2.32932, 2.04396) (2.6776, -0.0139337) (-2.1749, -1.70188) (2.222, 2.05321) (2.74208, 0.937912) (2.27461, -1.70993) 
(-2.33095, 2.0396) (2.67912, -0.0146909) (-2.17525, -1.69987) (2.22203, 2.05321) (2.7421, 0.93793) (2.27462, -1.70993) 
(-2.33308, 2.03581) (2.67878, -0.0140496) (-2.17714, -1.69789) (2.22201, 2.05318) (2.74212, 0.937934) (2.27461, -1.70993) 
(-2.33589, 2.03422) (2.67802, -0.0130558) (-2.17908, -1.69678) (2.22203, 2.05322) (2.74208, 0.937915) (2.27462, -1.70992) 
(-2.33782, 2.03371) (2.6781, -0.0135234) (-2.18083, -1.69492) (2.22201, 2.05317) (2.74211, 0.937921) (2.2746, -1.70992) 
(-2.341, 2.0355) (2.67749, -0.0140574) (-2.18193, -1.69375) (2.22205, 2.05332) (2.74209, 0.937904) (2.27462, -1.70992) 
(-2.34287, 2.03858) (2.67691, -0.0147455) (-2.18448, -1.69205) (2.22201, 2.05317) (2.74206, 0.937907) (2.27461, -1.70993) 
(-2.3449, 2.04503) (2.67495, -0.0153529) (-2.18664, -1.68837) (2.22202, 2.05318) (2.74208, 0.93791) (2.27462, -1.70993) 
(-2.34619, 2.05052) (2.67317, -0.0156338) (-2.18817, -1.68568) (2.22202, 2.05317) (2.7421, 0.937925) (2.2746, -1.70992) 
(-2.34795, 2.05802) (2.67453, -0.0169676) (-2.18784, -1.68264) (2.22204, 2.05315) (2.7421, 0.937917) (2.27462, -1.70991) 
(-2.35084, 2.06396) (2.67439, -0.0182431) (-2.19056, -1.67805) (2.22201, 2.05317) (2.7421, 0.937911) (2.27461, -1.70992) 
(-2.35358, 2.06773) (2.6735, -0.0195483) (-2.194, -1.67442) (2.22202, 2.05315) (2.7421, 0.937904) (2.27461, -1.70992) 
(-2.35669, 2.06949) (2.67254, -0.021355) (-2.19697, -1.67116) (2.22206, 2.05328) (2.7421, 0.937901) (2.27461, -1.70991) 
(-2.35843, 2.07045) (2.67199, -0.0223106) (-2.19773, -1.66865) (2.22201, 2.05318) (2.7421, 0.937894) (2.27461, -1.70991) 
(-2.35992, 2.06987) (2.67156, -0.0233441) (-2.20041, -1.66718) (2.22202, 2.05317) (2.74209, 0.937895) (2.27461, -1.70993) 
(-2.36219, 2.06869) (2.67144, -0.0242667) (-2.20291, -1.66544) (2.22201, 2.05319) (2.74211, 0.93791) (2.27459, -1.70991) 
(-2.36517, 2.0665) (2.67137, -0.02502) (-2.20362, -1.65896) (2.222, 2.05319) (2.74209, 0.937894) (2.27461, -1.70991) 
(-2.36701, 2.06434) (2.67104, -0.0257236) (-2.20147, -1.65622) (2.22197, 2.0533) (2.7421, 0.937914) (2.27461, -1.70993) 
(-2.36797, 2.06331) (2.67062, -0.0260884) (-2.19803, -1.6556) (2.22197, 2.05325) (2.74211, 0.937907) (2.27461, -1.70992) 
(-2.36745, 2.06367) (2.66999, -0.0265356) (-2.1955, -1.65576) (2.222, 2.05318) (2.74209, 0.937901) (2.27461, -1.70993) 
(-2.3662, 2.06407) (2.66976, -0.0270811) (-2.19497, -1.65714) (2.22202, 2.05316) (2.74209, 0.937883) (2.27461, -1.70993) 
(-2.36534, 2.06581) (2.66924, -0.0280327) (-2.19457, -1.65847) (2.22202, 2.05319) (2.7421, 0.937892) (2.27461, -1.70992) 
(-2.36491, 2.06911) (2.66905, -0.0290011) (-2.19536, -1.66117) (2.22195, 2.05324) (2.7421, 0.937907) (2.27461, -1.70993) 
(-2.36404, 2.07308) (2.66889, -0.0299832) (-2.19237, -1.66629) (2.22199, 2.0532) (2.74209, 0.937878) (2.2746, -1.70993) 
(-2.36306, 2.07686) (2.6691, -0.0305947) (-2.18566, -1.67078) (2.22199, 2.05319) (2.74211, 0.937905) (2.2746, -1.70992) 
(-2.36297, 2.08009) (2.66977, -0.0308941) (-2.18247, -1.67402) (2.222, 2.0532) (2.74211, 0.937885) (2.27461, -1.70993) 
(-2.36377, 2.08293) (2.67042, -0.0312688) (-2.18348, -1.67859) (2.22202, 2.05317) (2.74212, 0.937907) (2.2746, -1.70993) 
(-2.36541, 2.08504) (2.67039, -0.0319351) (-2.18389, -1.6798) (2.22201, 2.05317) (2.7421, 0.937902) (2.27461, -1.70993) 
(-2.3662, 2.08541) (2.67049, -0.0328117) (-2.1853, -1.67905) (2.22203, 2.0532) (2.74211, 0.937908) (2.27461, -1.70992) 
(-2.36478, 2.08369) (2.67068, -0.0336916) (-2.18679, -1.68021) (2.22202, 2.05317) (2.74211, 0.937914) (2.27461, -1.70991) 
(-2.36269, 2.08084) (2.66923, -0.0339018) (-2.18107, -1.69975) (2.22203, 2.05319) (2.7421, 0.937885) (2.27461, -1.70993) 
(-2.36029, 2.07581) (2.66748, -0.0337745) (-2.16721, -1.71771) (2.22203, 2.05329) (2.7421, 0.937905) (2.27462, -1.70992) 
(-2.35926, 2.07114) (2.66283, -0.0321943) (-2.15354, -1.72225) (2.22201, 2.05317) (2.74211, 0.937898) (2.27461, -1.70993) 
(-2.35899, 2.06547) (2.66051, -0.0300964) (-2.14786, -1.71735) (2.22201, 2.05316) (2.7421, 0.937888) (2.27461, -1.70993) 
(-2.35932, 2.06125) (2.66132, -0.0292898) (-2.14962, -1.71411) (2.222, 2.05315) (2.74212, 0.937896) (2.27462, -1.70993) 
(-2.35783, 2.05501) (2.65445, -0.023713) (-2.15314, -1.71337) (2.22203, 2.05317) (2.7421, 0.937899) (2.27463, -1.70991) 
(-2.35674, 2.04924) (2.64237, -0.0106337) (-2.15572, -1.71386) (2.22199, 2.05319) (2.74211, 0.937914) (2.27461, -1.70993) 
(-2.35588, 2.04521) (2.626, 0.0221295) (-2.1564, -1.71416) (2.22199, 2.0532) (2.74211, 0.937913) (2.2746, -1.70992) 
(-2.35673, 2.04302) (2.60861, 0.0732058) (-2.15848, -1.71337) (2.22199, 2.05316) (2.7421, 0.937906) (2.27461, -1.70991) 
(-2.35793, 2.04244) (2.59837, 0.136044) (-2.17589, -1.71233) (2.22199, 2.05322) (2.7422, 0.938073) (2.27461, -1.70994) 
(-2.36064, 2.04256) (2.59083, 0.195143) (-2.18948, -1.70563) (2.222, 2.05319) (2.74231, 0.938212) (2.2746, -1.70992) 
(-2.36334, 2.04356) (2.57707, 0.279848) (-2.1895, -1.6995) (2.22196, 2.05323) (2.7423, 0.938205) (2.27461, -1.70993) 
(-2.36481, 2.04438) (2.56072, 0.385457) (-2.18315, -1.70053) (2.22201, 2.05316) (2.74228, 0.938238) (2.2746, -1.70992) 
(-2.36439, 2.0448) (2.54092, 0.521102) (-2.17647, -1.70531) (2.22201, 2.05316) (2.7423, 0.938221) (2.2743, -1.70999) 
(-2.36401, 2.04634) (2.52437, 0.650415) (-2.17056, -1.71029) (2.22208, 2.05343) (2.74229, 0.938228) (2.2743, -1.71) 
(-2.3644, 2.04909) (2.51799, 0.783466) (-2.16338, -1.71639) (2.22201, 2.05309) (2.74201, 0.939345) (2.27477, -1.70993) 
(-2.36388, 2.05116) (2.5169, 0.859842) (-2.15704, -1.72065) (2.22208, 2.05304) (2.74202, 0.93929) (2.27502, -1.70984) 
(-2.3596, 2.05444) (2.52079, 0.929294) (-2.14482, -1.72657) (2.22219, 2.05309) (2.74245, 0.944528) (2.27502, -1.70984) 
(-2.3509, 2.05862) (2.52064, 0.977754) (-2.13038, -1.73301) (2.22205, 2.05325) (2.74245, 0.944532) (2.27502, -1.70985) 
(-2.33573, 2.06189) (2.51502, 1.01846) (-2.1151, -1.73609) (2.22205, 2.05317) (2.74245, 0.944532) (2.27503, -1.70984) 
(-2.31755, 2.06321) (2.50781, 1.03866) (-2.10149, -1.73682) (2.22212, 2.05332) (2.74245, 0.944532) (2.275, -1.70984) 
(-2.28954, 2.06208) (2.50033, 1.0454) (-2.08476, -1.74293) (2.22206, 2.05307) (2.74245, 0.944532) (2.27505, -1.70984) 
(-2.26203, 2.05839) (2.49236, 1.04531) (-2.06956, -1.75192) (2.22208, 2.05306) (2.6821, 0.945375) (2.27503, -1.70984) 
(-2.21661, 2.04899) (2.47617, 1.03689) (-2.04868, -1.76696) (2.22211, 2.05308) (2.64163, 0.931262) (2.27501, -1.70983) 
(-2.16015, 2.03608) (2.44537, 1.01711) (-2.00838, -1.77777) (2.22209, 2.05301) (2.57398, 0.914967) (2.27503, -1.70983) 
(-2.10596, 2.02238) (2.4013, 0.996251) (-1.9609, -1.7777) (2.2221, 2.05301) (2.49432, 0.902636) (2.27503, -1.70983) 
(-2.03498, 2.0005) (2.33655, 0.961059) (-1.88811, -1.77045) (2.22198, 2.05325) (2.3849, 0.894964) (2.27503, -1.70985) 
(-1.96407, 1.97729) (2.26716, 0.922932) (-1.80471, -1.75571) (2.22202, 2.05327) (2.34018, 0.89131) (2.27504, -1.70983) 
(-1.91502, 1.96267) (2.21307, 0.898592) (-1.74897, -1.73856) (2.22199, 2.05322) (2.20913, 0.883634) (2.27502, -1.70986) 
(-1.82411, 1.94183) (2.09466, 0.855565) (-1.6352, -1.68962) (2.22201, 2.0532) (2.07193, 0.876867) (2.27502, -1.70985) 
(-1.75529, 1.93311) (2.00463, 0.83471) (-1.53385, -1.66298) (2.22201, 2.0532) (1.96331, 0.870162) (2.27504, -1.70984) 
(-1.66024, 1.93259) (1.9002, 0.817011) (-1.41098, -1.65318) (2.22201, 2.05317) (1.82358, 0.861818) (2.27501, -1.70986) 
(-1.58347, 1.93785) (1.82667, 0.806093) (-1.31672, -1.65536) (2.22199, 2.05319) (1.71964, 0.857012) (2.27502, -1.70985) 
(-1.49986, 1.95054) (1.74672, 0.796623) (-1.22414, -1.66244) (2.222, 2.05318) (1.6109, 0.850002) (2.27501, -1.70987) 
(-1.36319, 1.98204) (1.61999, 0.784968) (-1.09354, -1.67996) (2.22202, 2.05314) (1.4427, 0.838615) (2.27502, -1.70983) 
(-1.23689, 2.01122) (1.50347, 0.779685) (-0.976117, -1.70742) (2.22202, 2.05317) (1.29903, 0.82744) (2.27507, -1.70981) 
(-1.14156, 2.02818) (1.41088, 0.781221) (-0.877744, -1.74063) (2.22202, 2.0532) (1.18959, 0.816424) (2.27505, -1.70982) 
(-1.01105, 2.04616) (1.28125, 0.774628) (-0.760338, -1.77397) (2.22199, 2.05322) (1.03921, 0.792809) (2.27504, -1.70984) 
(-0.918655, 2.05403) (1.18436, 0.767217) (-0.684447, -1.78109) (2.222, 2.0532) (0.929146, 0.778358) (2.27504, -1.70984) 
(-0.815235, 2.05728) (1.07173, 0.758216) (-0.600649, -1.78701) (2.22199, 2.05321) (0.80519, 0.763934) (2.27505, -1.70984) 
(-0.687181, 2.04855) (0.935024, 0.743137) (-0.494702, -1.79373) (2.22197, 2.05319) (0.66066, 0.74962) (2.27501, -1.70986) 
(-0.552643, 2.02813) (0.795648, 0.733396) (-0.386884, -1.80068) (2.222, 2.05321) (0.517582, 0.749014) (2.27505, -1.70983) 
(-0.435875, 2.01358) (0.680119, 0.736611) (-0.2979, -1.80054) (2.222, 2.05316) (0.396037, 0.760656) (2.27503, -1.70982) 
(-0.300531, 2.01118) (0.549559, 0.75578) (-0.174597, -1.79486) (2.22202, 2.05321) (0.253791, 0.785533) (2.27503, -1.70986) 
(-0.166016, 2.02219) (0.413454, 0.78864) (-0.0605332, -1.79728) (2.222, 2.05315) (0.107877, 0.816408) (2.27502, -1.70984) 
(-0.0635632, 2.03615) (0.305331, 0.826325) (0.0280929, -1.8119) (2.222, 2.05316) (-0.00183355, 0.847599) (2.27502, -1.70984) 
(0.0830256, 2.06488) (0.150205, 0.890841) (0.149246, -1.83635) (2.22204, 2.05325) (-0.153735, 0.901308) (2.27505, -1.70984) 
(0.213143, 2.09492) (0.0205164, 0.943655) (0.251631, -1.85888) (2.22287, 2.05355) (-0.280361, 0.953236) (2.27501, -1.70985) 
(0.343645, 2.12158) (-0.107377, 0.988414) (0.359712, -1.89394) (2.2235, 2.0541) (-0.407735, 1.00284) (2.27503, -1.70985) 
(0.456423, 2.13625) (-0.221582, 1.027) (0.466697, -1.93526) (2.22354, 2.05409) (-0.526951, 1.05041) (2.27504, -1.70983) 
(0.565569, 2.14317) (-0.340921, 1.06186) (0.568959, -1.96392) (2.22357, 2.05409) (-0.647451, 1.10195) (2.27503, -1.70983) 
(0.689968, 2.14338) (-0.485181, 1.09838) (0.672202, -1.97108) (2.22354, 2.0541) (-0.785536, 1.16536) (2.27501, -1.70985) 
(0.797632, 2.13477) (-0.603481, 1.12768) (0.755918, -1.97611) (2.22356, 2.05408) (-0.900767, 1.22064) (2.27503, -1.70984) 
(0.935848, 2.10925) (-0.738975, 1.17469) (0.855786, -1.98651) (2.22357, 2.05405) (-1.02913, 1.28864) (2.27503, -1.70985) 
(1.06172, 2.07786) (-0.847706, 1.22001) (0.939855, -1.99355) (2.22355, 2.05407) (-1.14257, 1.3445) (2.27501, -1.70985) 
(1.21129, 2.04485) (-0.979434, 1.2808) (1.053, -1.98379) (2.22355, 2.05408) (-1.27979, 1.41819) (2.27503, -1.70983) 
(1.34381, 2.02336) (-1.11272, 1.35365) (1.18027, -1.96289) (2.22345, 2.05395) (-1.40932, 1.49568) (2.27503, -1.70983) 
(1.43492, 2.01338) (-1.21584, 1.41406) (1.2618, -1.95424) (2.22354, 2.05407) (-1.50833, 1.55467) (2.27502, -1.70986) 
(1.54024, 2.01125) (-1.34797, 1.48653) (1.3688, -1.96039) (2.22357, 2.05407) (-1.63413, 1.6235) (2.27502, -1.70983) 
(1.6147, 2.01626) (-1.44792, 1.53764) (1.44936, -1.96986) (2.22356, 2.05411) (-1.73371, 1.6748) (2.27502, -1.70983) 
(1.70633, 2.02758) (-1.58936, 1.60844) (1.56103, -1.98698) (2.22352, 2.05412) (-1.87453, 1.74825) (2.27504, -1.70983) 
(1.78812, 2.03117) (-1.73104, 1.67129) (1.66917, -2.01266) (2.22343, 2.05412) (-2.00446, 1.81665) (2.27502, -1.70986) 
(1.83998, 2.03106) (-1.84359, 1.71764) (1.76384, -2.02413) (2.22303, 2.05383) (-2.10422, 1.8666) (2.27501, -1.70985) 
(1.892, 2.02524) (-1.96627, 1.77756) (1.84613, -2.01592) (2.2231, 2.05333) (-2.21317, 1.92584) (2.27504, -1.70982) 
(1.94769, 2.01432) (-2.09307, 1.85106) (1.91577, -1.9815) (2.22261, 2.05471) (-2.33501, 1.99866) (2.27502, -1.70984) 
(1.98069, 2.01022) (-2.18216, 1.90723) (1.95349, -1.95355) (2.22261, 2.05421) (-2.42731, 2.04965) (2.27502, -1.70985) 
(2.00821, 2.00994) (-2.28926, 1.98233) (1.98655, -1.91531) (2.22034, 2.05293) (-2.53712, 2.11314) (2.27503, -1.70983) 
(2.01757, 2.01241) (-2.40366, 2.07093) (2.00143, -1.85606) (2.21473, 2.04829) (-2.65097, 2.17944) (2.27503, -1.70982) 
(2.00914, 2.01262) (-2.50526, 2.14917) (2.01532, -1.80828) (2.20191, 2.03797) (-2.75112, 2.23792) (2.27503, -1.70983) 
(1.98153, 2.01528) (-2.62478, 2.21357) (2.0342, -1.76762) (2.1623, 2.02574) (-2.85642, 2.28981) (2.275, -1.70984) 
(1.9413, 2.01966) (-2.73745, 2.25761) (2.05676, -1.72022) (2.11504, 2.01031) (-2.95649, 2.32749) (2.27527, -1.7095) 
(1.88302, 2.0283) (-2.80636, 2.27607) (2.09022, -1.66306) (2.06172, 1.99698) (-3.04961, 2.36138) (2.27538, -1.70922) 
(1.8187, 2.0483) (-2.80616, 2.27589) (2.10544, -1.6165) (2.00312, 1.98612) (-3.12161, 2.38748) (2.27532, -1.70888) 
(1.71489, 2.09093) (-2.80616, 2.27589) (2.10664, -1.57128) (1.91066, 1.97469) (-3.15445, 2.39852) (2.2755, -1.70918) 
(1.602, 2.14732) (-2.80616, 2.27589) (2.08447, -1.55605) (1.80604, 1.96303) (-3.15445, 2.39852) (2.27544, -1.7086) 
(1.50744, 2.19044) (-2.80616, 2.27589) (2.0596, -1.56074) (1.71151, 1.95511) (-3.15445, 2.39852) (2.27544, -1.7086) 
(1.42318, 2.21996) (-2.80616, 2.27589) (2.03683, -1.57238) (1.61756, 1.94775) (-3.15445, 2.39852) (2.27544, -1.7086) 
(1.31809, 2.24699) (-2.80616, 2.27589) (2.00557, -1.59413) (1.47586, 1.94) (-3.15445, 2.39852) (2.27544, -1.7086) 
(1.24209, 2.2561) (-2.80616, 2.27589) (1.97589, -1.6134) (1.33664, 1.9363) (-3.15445, 2.39852) (2.27544, -1.7086) 
(1.19399, 2.25211) (-2.80616, 2.27589) (1.95392, -1.63039) (1.22797, 1.93775) (-3.15445, 2.39852) (2.27544, -1.7086) 
(1.13609, 2.23882) (-2.80616, 2.27589) (1.92319, -1.65153) (1.08615, 1.94457) (-3.15445, 2.39852) (2.27544, -1.7086) 
(1.08179, 2.21603) (-2.80616, 2.27589) (1.89163, -1.67605) (0.947856, 1.95482) (-3.15445, 2.39852) (2.27544, -1.7086) 
(1.03889, 2.19585) (-2.80616, 2.27589) (1.8702, -1.70424) (0.844595, 1.96419) (-3.15445, 2.39852) (2.27544, -1.7086) 
(0.979661, 2.17427) (-2.80616, 2.27589) (1.84083, -1.74869) (0.72665, 1.97546) (-3.15445, 2.39852) (2.27544, -1.7086) 
(0.903674, 2.16676) (-2.80616, 2.27589) (1.80873, -1.82163) (0.5976, 1.99305) (-3.15445, 2.39852) (2.27544, -1.7086) 
(0.840752, 2.1731) (-2.80616, 2.27589) (1.79137, -1.88605) (0.49926, 2.00749) (-3.15445, 2.39852) (2.27544, -1.7086) 
(0.751563, 2.19135) (-2.80616, 2.27589) (1.77842, -1.94134) (0.375963, 2.02664) (-3.15445, 2.39852) (2.27544, -1.7086) 
(0.685284, 2.20831) (-2.80616, 2.27589) (1.77071, -1.95268) (0.298075, 2.03992) (-3.15445, 2.39852) (2.27544, -1.7086) 
(0.581052, 2.23091) (-2.80616, 2.27589) (1.75244, -1.94125) (0.191724, 2.05793) (-3.15445, 2.39852) (2.27544, -1.7086) 
(0.484682, 2.23849) (-2.80616, 2.27589) (1.72103, -1.90819) (0.0895738, 2.07145) (-3.15445, 2.39852) (1.6544, -1.7152) 
(0.400547, 2.23617) (-2.80616, 2.27589) (1.69538, -1.86813) (-0.00176959, 2.08015) (-3.15445, 2.39852) (1.55283, -1.71087) 
(0.330842, 2.22899) (-2.80616, 2.27589) (1.66734, -1.82685) (-0.0749135, 2.08573) (-3.15445, 2.39852) (1.46591, -1.70815) 
(0.242853, 2.21017) (-2.80616, 2.27589) (1.59806, -1.77987) (-0.167715, 2.08959) (-3.15445, 2.39852) (1.35454, -1.70496) 
(0.151658, 2.1822) (-2.80616, 2.27589) (1.51257, -1.77749) (-0.262307, 2.09158) (-3.15445, 2.39852) (1.24155, -1.70235) 
(0.0734461, 2.15533) (-2.80616, 2.27589) (1.43322, -1.77787) (-0.342123, 2.09018) (-3.15445, 2.39852) (1.14112, -1.70221) 
(-0.00491334, 2.13539) (-2.80616, 2.27589) (1.3489, -1.77565) (-0.418344, 2.08755) (-3.15445, 2.39852) (1.03719, -1.70247) 
(-0.0954203, 2.12406) (-2.80616, 2.27589) (1.2387, -1.79237) (-0.504506, 2.08225) (-3.15445, 2.39852) (0.912078, -1.70055) 
(-0.183823, 2.12092) (-2.80616, 2.27589) (1.10855, -1.82353) (-0.592832, 2.07522) (-3.15445, 2.39852) (0.790828, -1.6984) 
(-0.253688, 2.12585) (-2.80616, 2.27589) (1.00264, -1.82647) (-0.659797, 2.07154) (-3.15445, 2.39852) (0.701314, -1.69337) 
(-0.344596, 2.14127) (-2.80616, 2.27589) (0.877018, -1.80884) (-0.745097, 2.0679) (-3.15445, 2.39852) (0.585728, -1.68052) 
(-0.436484, 2.16407) (-2.80616, 2.27589) (0.756501, -1.79062) (-0.830765, 2.06496) (-3.15445, 2.39852) (0.458721, -1.66909) 
(-0.506596, 2.17942) (-2.80616, 2.27589) (0.65495, -1.77072) (-0.896305, 2.06244) (-3.15445, 2.39852) (0.357441, -1.65952) 
(-0.5932, 2.18817) (-2.80616, 2.27589) (0.523507, -1.71737) (-0.976584, 2.05899) (-3.15445, 2.39852) (0.230726, -1.64808) 
(-0.670993, 2.18737) (-2.80616, 2.27589) (0.399826, -1.66836) (-1.0538, 2.0585) (-3.15445, 2.39852) (0.111506, -1.63769) 
(-0.731959, 2.18064) (-2.80616, 2.27589) (0.299289, -1.66792) (-1.1168, 2.05812) (-3.15445, 2.39852) (0.0159033, -1.63352) 
(-0.801352, 2.16592) (-2.80616, 2.27589) (0.181254, -1.6777) (-1.19079, 2.05583) (-3.15445, 2.39852) (-0.103593, -1.63344) 
(-0.855, 2.15109) (-2.80616, 2.27589) (0.082717, -1.67662) (-1.24721, 2.05436) (-3.15445, 2.39852) (-0.201423, -1.6336) 
(-0.928248, 2.12959) (-2.80616, 2.27589) (-0.042268, -1.69149) (-1.31925, 2.05297) (-3.15445, 2.39852) (-0.329025, -1.63384) 
(-1.00433, 2.11095) (-2.80616, 2.27589) (-0.172681, -1.73278) (-1.38824, 2.05159) (-3.15445, 2.39852) (-0.446682, -1.63353) 
(-1.06755, 2.104) (-2.80616, 2.27589) (-0.278061, -1.76377) (-1.44392, 2.05234) (-3.15445, 2.39852) (-0.537648, -1.62445) 
(-1.13908, 2.10609) (-2.80616, 2.27589) (-0.395314, -1.7962) (-1.50746, 2.05156) (-3.15445, 2.39852) (-0.640701, -1.60776) 
(-1.19109, 2.1164) (-2.80616, 2.27589) (-0.477003, -1.82248) (-1.5563, 2.05129) (-3.15445, 2.39852) (-0.725586, -1.60046) 
(-1.2582, 2.13651) (-2.80616, 2.27589) (-0.574139, -1.85764) (-1.61629, 2.0521) (-3.15445, 2.39852) (-0.840301, -1.59551) 
(-1.30953, 2.16044) (-2.80616, 2.27589) (-0.648802, -1.87784) (-1.6657, 2.05251) (-3.15445, 2.39852) (-0.932215, -1.59009) 
(-1.36953, 2.19274) (-2.80616, 2.27589) (-0.751453, -1.91038) (-1.72269, 2.05399) (-3.15445, 2.39852) (-1.03034, -1.57825) 
(-1.42551, 2.2191) (-2.80616, 2.27589) (-0.831723, -1.96744) (-1.7715, 2.05652) (-3.15445, 2.39852) (-1.11278, -1.57157) 
(-1.47582, 2.23611) (-2.80616, 2.27589) (-0.908084, -2.0168) (-1.81668, 2.05822) (-3.15445, 2.39852) (-1.19874, -1.56638) 
(-1.51741, 2.2414) (-2.80616, 2.27589) (-0.976225, -2.04905) (-1.85522, 2.05886) (-3.15445, 2.39852) (-1.27364, -1.56843) 
(-1.55986, 2.23676) (-2.80616, 2.27589) (-1.05553, -2.08288) (-1.89978, 2.05779) (-3.15445, 2.39852) (-1.35506, -1.5787) 
(-1.59463, 2.22051) (-2.80616, 2.27589) (-1.12525, -2.12487) (-1.93747, 2.05582) (-3.15445, 2.39852) (-1.41909, -1.5837) 
(-1.62648, 2.19784) (-2.80616, 2.27589) (-1.19351, -2.16269) (-1.97144, 2.05311) (-3.15445, 2.39852) (-1.4791, -1.57903) 
(-1.65842, 2.17016) (-2.80616, 2.27589) (-1.27845, -2.17844) (-2.00298, 2.04807) (-3.15445, 2.39852) (-1.54011, -1.5676) 
(-1.68576, 2.14856) (-2.80616, 2.27589) (-1.34596, -2.17124) (-2.02722, 2.04467) (-3.15445, 2.39852) (-1.58936, -1.56324) 
(-1.71225, 2.13207) (-2.80616, 2.27589) (-1.40673, -2.14803) (-2.0493, 2.0411) (-3.15445, 2.39852) (-1.63752, -1.56106) 
(-1.74223, 2.12054) (-2.80616, 2.27589) (-1.45024, -2.09313) (-2.07177, 2.03727) (-3.15445, 2.39852) (-1.69182, -1.56356) 
(-1.76082, 2.11565) (-2.80616, 2.27589) (-1.44763, -2.03115) (-2.08736, 2.03546) (-3.15445, 2.39852) (-1.73198, -1.57108) 
(-1.78074, 2.11557) (-2.80616, 2.27589) (-1.45228, -1.95537) (-2.10436, 2.03404) (-3.15445, 2.39852) (-1.78001, -1.58144) 
(-1.79411, 2.11508) (-2.80616, 2.27589) (-1.47568, -1.90474) (-2.11618, 2.03404) (-3.15445, 2.39852) (-1.81226, -1.58702) 
(-1.80553, 2.11304) (-2.80616, 2.27589) (-1.50609, -1.87831) (-2.12737, 2.03368) (-3.15445, 2.39852) (-1.8424, -1.58505) 
(-1.81202, 2.11072) (-2.80616, 2.27589) (-1.53122, -1.86804) (-2.13322, 2.0332) (-3.15445, 2.39852) (-1.86841, -1.58881) 
(-1.81767, 2.10729) (-2.80616, 2.27589) (-1.56024, -1.86771) (-2.13757, 2.03186) (-3.15445, 2.39852) (-1.89456, -1.59681) 
(-1.82199, 2.10451) (-2.80616, 2.27589) (-1.57926, -1.89571) (-2.14042, 2.03136) (-3.15445, 2.39852) (-1.9183, -1.60901) 
(-1.82597, 2.10369) (-2.80616, 2.27589) (-1.60058, -1.92967) (-2.14235, 2.03115) (-3.15445, 2.39852) (-1.93726, -1.62003) 
(-1.82893, 2.10358) (-2.80616, 2.27589) (-1.61641, -1.95349) (-2.14326, 2.03112) (-3.15445, 2.39852) (-1.9485, -1.62815) 
(-1.83277, 2.10572) (-2.80616, 2.27589) (-1.63709, -1.96426) (-2.14395, 2.03149) (-3.15445, 2.39852) (-1.96029, -1.63445) 
(-1.83567, 2.10833) (-2.80616, 2.27589) (-1.65283, -1.94853) (-2.14417, 2.03137) (-3.15445, 2.39852) (-1.97023, -1.63568) 
(-1.83731, 2.11046) (-2.80616, 2.27589) (-1.6626, -1.92937) (-2.14427, 2.0308) (-3.15445, 2.39852) (-1.98296, -1.63533) 
(-1.83913, 2.11155) (-2.80616, 2.27589) (-1.67305, -1.90259) (-2.14447, 2.03093) (-3.15445, 2.39852) (-1.99005, -1.63429) 
(-1.84007, 2.11257) (-2.80616, 2.27589) (-1.68177, -1.87158) (-2.14463, 2.03091) (-3.15445, 2.39852) (-1.99438, -1.63095) 
(-1.84017, 2.11332) (-2.80616, 2.27589) (-1.68623, -1.86205) (-2.14502, 2.03079) (-3.15445, 2.39852) (-2.00112, -1.63124) 
(-1.84008, 2.11322) (-2.80616, 2.27589) (-1.68409, -1.86019) (-2.14554, 2.03064) (-3.15445, 2.39852) (-2.00491, -1.63152) 
(-1.84017, 2.11254) (-2.80616, 2.27589) (-1.68418, -1.86399) (-2.14602, 2.03008) (-3.15445, 2.39852) (-2.00745, -1.63319) 
(-1.84223, 2.11146) (-2.80616, 2.27589) (-1.68667, -1.8696) (-2.14607, 2.02971) (-3.15445, 2.39852) (-2.00858, -1.63761) 
(-1.84411, 2.11087) (-2.80616, 2.27589) (-1.68624, -1.87303) (-2.14658, 2.02946) (-3.15445, 2.39852) (-2.0102, -1.64128) 
(-1.8441, 2.11142) (-2.80616, 2.27589) (-1.68728, -1.87497) (-2.14734, 2.02843) (-3.15445, 2.39852) (-2.01231, -1.64375) 
(-1.84425, 2.113) (-2.80616, 2.27589) (-1.68953, -1.87483) (-2.1482, 2.02741) (-3.15445, 2.39852) (-2.01436, -1.64696) 
(-1.8439, 2.11337) (-2.80616, 2.27589) (-1.69053, -1.87421) (-2.14888, 2.02692) (-3.15445, 2.39852) (-2.01473, -1.64851) 
(-1.84422, 2.11303) (-2.80616, 2.27589) (-1.69392, -1.87228) (-2.14905, 2.02618) (-3.15445, 2.39852) (-2.01574, -1.6494) 
(-1.84442, 2.1127) (-2.80616, 2.27589) (-1.69935, -1.87013) (-2.14927, 2.02524) (-3.15445, 2.39852) (-2.01683, -1.64954) 
(-1.84418, 2.11269) (-2.80616, 2.27589) (-1.70529, -1.86847) (-2.14984, 2.02481) (-3.15445, 2.39852) (-2.01814, -1.64948) 
(-1.84444, 2.11299) (-2.80616, 2.27589) (-1.70852, -1.86796) (-2.15025, 2.02476) (-3.15445, 2.39852) (-2.01937, -1.64892) 
(-1.8441, 2.11325) (-2.80616, 2.27589) (-1.71453, -1.86704) (-2.15015, 2.02446) (-3.15445, 2.39852) (-2.02012, -1.647) 
(-1.843, 2.11429) (-2.80616, 2.27589) (-1.72058, -1.86561) (-2.15002, 2.02482) (-3.15445, 2.39852) (-2.0211, -1.64535) 
(-1.84258, 2.11596) (-2.80616, 2.27589) (-1.72639, -1.86259) (-2.15032, 2.02497) (-3.15445, 2.39852) (-2.0221, -1.64339) 
(-1.84329, 2.11665) (-2.80616, 2.27589) (-1.72858, -1.86235) (-2.15178, 2.02298) (-3.15445, 2.39852) (-2.0227, -1.6416) 
(-1.84305, 2.1205) (-2.80616, 2.27589) (-1.73339, -1.8612) (-2.15489, 2.02259) (-3.15445, 2.39852) (-2.02367, -1.64064) 
(-1.84351, 2.12833) (-2.80616, 2.27589) (-1.73922, -1.86188) (-2.15928, 2.02036) (-3.15445, 2.39852) (-2.02495, -1.6399) 
(-1.84293, 2.13252) (-2.80616, 2.27589) (-1.74004, -1.86337) (-2.16131, 2.01915) (-3.15445, 2.39852) (-2.02539, -1.63878) 
(-1.83831, 2.13603) (-2.80616, 2.27589) (-1.74319, -1.86503) (-2.16428, 2.01623) (-3.15445, 2.39852) (-2.02516, -1.63824) 
(-1.83258, 2.1394) (-2.80616, 2.27589) (-1.74594, -1.8657) (-2.16615, 2.01601) (-3.15445, 2.39852) (-2.02577, -1.63818) 
(-1.829, 2.139) (-2.80616, 2.27589) (-1.74659, -1.86571) (-2.16714, 2.01624) (-3.15445, 2.39852) (-2.02649, -1.6383) 
(-1.83024, 2.13461) (-2.80616, 2.27589) (-1.74602, -1.86556) (-2.16708, 2.01505) (-3.15445, 2.39852) (-2.02682, -1.63879) 
(-1.82898, 2.13213) (-2.80616, 2.27589) (-1.74714, -1.86423) (-2.16788, 2.01407) (-3.15445, 2.39852) (-2.02694, -1.63942) 
(-1.82764, 2.13052) (-2.80616, 2.27589) (-1.7487, -1.8632) (-2.16894, 2.01369) (-3.15445, 2.39852) (-2.02706, -1.64095) 
(-1.82711, 2.12921) (-2.80616, 2.27589) (-1.7488, -1.86297) (-2.16825, 2.01331) (-3.15445, 2.39852) (-2.02686, -1.64166) 
(-1.82839, 2.12843) (-2.80616, 2.27589) (-1.74997, -1.8638) (-2.1675, 2.01274) (-3.15445, 2.39852) (-2.02633, -1.64278) 
(-1.83199, 2.12769) (-2.80616, 2.27589) (-1.75108, -1.86345) (-2.1674, 2.01282) (-3.15445, 2.39852) (-2.02562, -1.64375) 
(-1.83386, 2.1272) (-2.80616, 2.27589) (-1.75194, -1.86181) (-2.16647, 2.01269) (-3.15445, 2.39852) (-2.02551, -1.64444) 
(-1.83612, 2.12668) (-2.80616, 2.27589) (-1.75182, -1.86017) (-2.16323, 2.01293) (-3.15445, 2.39852) (-2.02491, -1.64493) 
(-1.8363, 2.12562) (-2.80616, 2.27589) (-1.7522, -1.85989) (-2.16044, 2.01394) (-3.15445, 2.39852) (-2.02473, -1.64535) 
(-1.83369, 2.124) (-2.80616, 2.27589) (-1.75195, -1.85773) (-2.15922, 2.01436) (-3.15445, 2.39852) (-2.02408, -1.64581) 
(-1.83081, 2.12192) (-2.80616, 2.27589) (-1.75581, -1.85834) (-2.15825, 2.01402) (-3.15445, 2.39852) (-2.02374, -1.6461) 
(-1.8284, 2.11994) (-2.80616, 2.27589) (-1.77328, -1.8647) (-2.15686, 2.01391) (-3.15445, 2.39852) (-2.02382, -1.64673) 
(-1.82214, 2.12022) (-2.80616, 2.27589) (-1.79626, -1.85398) (-2.15505, 2.013) (-3.15445, 2.39852) (-2.02265, -1.64532) 
(-1.81333, 2.12306) (-2.80616, 2.27589) (-1.79633, -1.82836) (-2.15253, 2.0129) (-3.15445, 2.39852) (-2.01935, -1.6436) 
(-1.81256, 2.1258) (-2.80616, 2.27589) (-1.79919, -1.81713) (-2.15131, 2.01284) (-3.15445, 2.39852) (-2.01635, -1.64186) 
(-1.82175, 2.13388) (-2.80616, 2.27589) (-1.80211, -1.81002) (-2.14927, 2.01042) (-3.15445, 2.39852) (-2.01346, -1.63857) 
(-1.8386, 2.14367) (-2.80616, 2.27589) (-1.80832, -1.80522) (-2.14573, 2.00534) (-3.15445, 2.39852) (-2.01188, -1.63653) 
(-1.85151, 2.14908) (-2.80616, 2.27589) (-1.81451, -1.80205) (-2.14265, 2.00107) (-3.15445, 2.39852) (-2.0099, -1.63618) 
(-1.85849, 2.15513) (-2.80616, 2.27589) (-1.82354, -1.79913) (-2.14129, 1.99874) (-3.15445, 2.39852) (-2.00917, -1.63569) 
(-1.85134, 2.15925) (-2.80616, 2.27589) (-1.82551, -1.80039) (-2.14029, 1.99694) (-3.15445, 2.39852) (-2.00955, -1.63491) 
(-1.8456, 2.16268) (-2.80616, 2.27589) (-1.8277, -1.7989) (-2.13848, 1.99464) (-3.15445, 2.39852) (-2.00936, -1.63393) 
(-1.84455, 2.1701) (-2.80616, 2.27589) (-1.8301, -1.79436) (-2.13785, 1.99277) (-3.15445, 2.39852) (-2.00875, -1.63385) 
(-1.84469, 2.17726) (-2.80616, 2.27589) (-1.82887, -1.79408) (-2.13738, 1.99088) (-3.15445, 2.39852) (-2.00874, -1.63379) 
(-1.84855, 2.17767) (-2.80616, 2.27589) (-1.82472, -1.79551) (-2.13851, 1.99027) (-3.15445, 2.39852) (-2.00803, -1.63412) 
(-1.84837, 2.17473) (-2.80616, 2.27589) (-1.82599, -1.79384) (-2.14058, 1.9928) (-3.15445, 2.39852) (-2.00709, -1.63425) 
(-1.84397, 2.1692) (-2.80616, 2.27589) (-1.81884, -1.79469) (-2.14122, 1.99564) (-3.15445, 2.39852) (-2.00943, -1.63428) 
(-1.83808, 2.16142) (-2.80616, 2.27589) (-1.81827, -1.79412) (-2.1424, 1.99903) (-3.15445, 2.39852) (-2.01115, -1.63447) 
(-1.8321, 2.155) (-2.80616, 2.27589) (-1.81592, -1.79356) (-2.13977, 2.00194) (-3.15445, 2.39852) (-2.01201, -1.63398) 
(-1.83161, 2.15483) (-2.80616, 2.27589) (-1.81639, -1.79337) (-2.13637, 2.00436) (-3.15445, 2.39852) (-2.01198, -1.63453) 
(-1.83063, 2.15688) (-2.80616, 2.27589) (-1.80882, -1.7916) (-2.1366, 2.00604) (-3.15445, 2.39852) (-2.01145, -1.63542) 
(-1.82969, 2.15741) (-2.80616, 2.27589) (-1.78802, -1.7812) (-2.13651, 2.00765) (-3.15445, 2.39852) (-2.01106, -1.63601) 
(-1.83181, 2.15685) (-2.80616, 2.27589) (-1.78133, -1.76778) (-2.13557, 2.0086) (-3.15445, 2.39852) (-2.01022, -1.63582) 
(-1.83432, 2.15472) (-2.80616, 2.27589) (-1.77979, -1.76779) (-2.1342, 2.00958) (-3.15445, 2.39852) (-2.01164, -1.63612) 
(-1.83534, 2.15482) (-2.80616, 2.27589) (-1.77594, -1.76927) (-2.1326, 2.01047) (-3.15445, 2.39852) (-2.01199, -1.63729) 
(-1.8354, 2.15668) (-2.80616, 2.27589) (-1.7732, -1.77138) (-2.13249, 2.01117) (-3.15445, 2.39852) (-2.0117, -1.63813) 
(-1.83472, 2.15914) (-2.80616, 2.27589) (-1.77781, -1.77207) (-2.13344, 2.01048) (-3.15445, 2.39852) (-2.01287, -1.63931) 
(-1.83509, 2.16249) (-2.80616, 2.27589) (-1.82849, -1.7627) (-2.13379, 2.00946) (-3.15445, 2.39852) (-2.01319, -1.63948) 
(-1.84063, 2.16286) (-2.80616, 2.27589) (-1.92544, -1.74831) (-2.13396, 2.0092) (-3.15445, 2.39852) (-2.01373, -1.63716) 
(-1.85561, 2.16151) (-2.80616, 2.27589) (-1.98749, -1.74449) (-2.13497, 2.00716) (-3.15445, 2.39852) (-2.01003, -1.63572) 
(-1.88762, 2.17278) (-2.80616, 2.27589) (-2.05288, -1.74869) (-2.13881, 2.00769) (-3.15445, 2.39852) (-2.00448, -1.63339) 
(-1.9273, 2.19937) (-2.80616, 2.27589) (-2.09835, -1.75822) (-2.14384, 2.01268) (-3.15445, 2.39852) (-2.01446, -1.63289) 
(-1.98295, 2.23272) (-2.80616, 2.27589) (-2.12606, -1.79109) (-2.14825, 2.02146) (-3.15445, 2.39852) (-2.01697, -1.61998) 
