(1.60489, -0.36474) (2.72948, -0.31409) (-2.4312, 0.564544) (-1.56278, 0.479077) (0.070569, 2.52472) (-0.324443, -2.11543) 
(1.60528, -0.365272) (2.72231, -0.314269) (-2.43121, 0.536235) (-1.56279, 0.479101) (0.070583, 2.52453) (-0.324443, -2.11543) 
(1.60598, -0.366195) (2.71672, -0.310909) (-2.42921, 0.511391) (-1.56278, 0.479097) (0.0714318, 2.52943) (-0.324443, -2.11543) 
(1.60592, -0.367162) (2.71143, -0.306845) (-2.41916, 0.49743) (-1.56278, 0.479104) (0.072106, 2.53767) (-0.324443, -2.11543) 
(1.60182, -0.366402) (2.70786, -0.304754) (-2.4017, 0.483183) (-1.56278, 0.479081) (0.0727291, 2.54453) (-0.324443, -2.11543) 
(1.59485, -0.367723) (2.7057, -0.30426) (-2.37855, 0.476273) (-1.56278, 0.479083) (0.0722646, 2.55659) (0.103034, -2.14363) 
(1.58801, -0.370109) (2.70313, -0.304999) (-2.35601, 0.472378) (-1.56279, 0.479069) (0.0713473, 2.56748) (0.11944, -2.13376) 
(1.58362, -0.371285) (2.69914, -0.308226) (-2.34385, 0.466894) (-1.56278, 0.479081) (0.0702395, 2.5832) (0.1323, -2.12339) 
(1.58317, -0.37212) (2.6929, -0.313227) (-2.33741, 0.464135) (-1.56279, 0.479108) (0.0679397, 2.59817) (0.140879, -2.11105) 
(1.5831, -0.373631) (2.68514, -0.319778) (-2.33032, 0.464422) (-1.56278, 0.479076) (0.0669633, 2.61878) (0.143814, -2.10288) 
(1.58125, -0.374296) (2.676, -0.330265) (-2.3238, 0.467093) (-1.56279, 0.479089) (0.0662873, 2.64294) (0.146347, -2.0906) 
(1.57947, -0.3736) (2.66956, -0.344248) (-2.31811, 0.468985) (-1.56279, 0.479084) (0.0647896, 2.66551) (0.147102, -2.07688) 
(1.57838, -0.372697) (2.66382, -0.365133) (-2.31353, 0.469786) (-1.56279, 0.479075) (0.0616225, 2.69796) (0.146869, -2.05564) 
(1.5758, -0.371853) (2.65986, -0.38258) (-2.31415, 0.471081) (-1.56279, 0.479077) (0.0607562, 2.72348) (0.143508, -2.03704) 
(1.57056, -0.37195) (2.65263, -0.400886) (-2.30729, 0.467939) (-1.56279, 0.479089) (0.0608379, 2.75213) (0.1386, -2.01777) 
(1.564, -0.375902) (2.64496, -0.415943) (-2.29852, 0.467362) (-1.5628, 0.479073) (0.0686687, 2.77501) (0.133306, -2.00157) 
(1.55363, -0.384693) (2.63868, -0.429524) (-2.29083, 0.469903) (-1.56279, 0.479131) (0.0652823, 2.80958) (0.128155, -1.98084) 
(1.54241, -0.394841) (2.63465, -0.437785) (-2.28581, 0.471765) (-1.56295, 0.47902) (0.0603375, 2.83652) (0.122455, -1.96096) 
(1.52154, -0.418379) (2.62922, -0.446) (-2.29062, 0.471031) (-1.56247, 0.479215) (0.063905, 2.83056) (0.112958, -1.91496) 
(1.5112, -0.435059) (2.62726, -0.450155) (-2.29789, 0.470207) (-1.56239, 0.478345) (0.0665462, 2.82897) (0.108034, -1.89028) 
(1.49948, -0.455608) (2.61958, -0.458133) (-2.30314, 0.476278) (-1.56244, 0.479143) (0.0693278, 2.82763) (0.101265, -1.85131) 
(1.49667, -0.469551) (2.61555, -0.459885) (-2.30811, 0.478774) (-1.56245, 0.478518) (0.0680875, 2.8269) (0.100491, -1.81879) 
(1.49721, -0.484919) (2.60865, -0.459505) (-2.31447, 0.48258) (-1.56347, 0.478762) (0.0684836, 2.82648) (0.0995828, -1.77963) 
(1.49968, -0.498844) (2.59982, -0.455325) (-2.31922, 0.486309) (-1.56264, 0.479335) (0.0700114, 2.82651) (0.10051, -1.73199) 
(1.5015, -0.505137) (2.58319, -0.449213) (-2.32219, 0.488451) (-1.56255, 0.478554) (0.0731514, 2.82435) (0.100414, -1.69073) 
(1.50487, -0.500829) (2.55647, -0.437907) (-2.32662, 0.488893) (-1.56284, 0.479037) (0.0791384, 2.8189) (0.0993326, -1.64289) 
(1.50906, -0.493536) (2.52438, -0.419078) (-2.32595, 0.486876) (-1.56282, 0.478949) (0.0963234, 2.80539) (0.0986921, -1.59227) 
(1.51135, -0.489783) (2.49595, -0.398783) (-2.32495, 0.484957) (-1.56272, 0.478822) (0.0966669, 2.80648) (0.0961486, -1.54984) 
(1.51382, -0.48571) (2.46505, -0.371124) (-2.32514, 0.482696) (-1.56272, 0.479183) (0.0956346, 2.80635) (0.0931458, -1.49441) 
(1.51858, -0.482472) (2.43471, -0.33963) (-2.31346, 0.478129) (-1.56273, 0.47888) (0.0958965, 2.80661) (0.0907263, -1.43276) 
(1.52279, -0.480448) (2.41236, -0.312834) (-2.28461, 0.486776) (-1.56294, 0.479066) (0.0919026, 2.80625) (0.0865846, -1.37847) 
(1.52722, -0.478398) (2.39366, -0.289829) (-2.25137, 0.511757) (-1.5627, 0.479161) (0.090487, 2.80433) (0.0839021, -1.32462) 
(1.53086, -0.475948) (2.38022, -0.271984) (-2.21434, 0.565224) (-1.56275, 0.479101) (0.0924243, 2.80127) (0.0826522, -1.27483) 
(1.53418, -0.471964) (2.36611, -0.254225) (-2.17653, 0.657447) (-1.56273, 0.479194) (0.096604, 2.79302) (0.0803206, -1.21236) 
(1.53544, -0.468206) (2.35876, -0.246477) (-2.14606, 0.745332) (-1.56273, 0.47905) (0.093886, 2.79092) (0.0790738, -1.16611) 
(1.53744, -0.463473) (2.34857, -0.240878) (-2.09855, 0.884113) (-1.56278, 0.479075) (0.0901688, 2.78928) (0.0773125, -1.10978) 
(1.5404, -0.458542) (2.33406, -0.239632) (-2.00556, 1.05983) (-1.56294, 0.478749) (0.0878558, 2.78557) (0.075336, -1.04869) 
(1.54186, -0.454556) (2.32615, -0.236937) (-1.89487, 1.19875) (-1.56289, 0.479068) (0.0853119, 2.78454) (0.0733592, -0.997449) 
(1.54356, -0.450059) (2.31995, -0.219534) (-1.74702, 1.31774) (-1.5628, 0.479009) (0.0831468, 2.78296) (0.0708902, -0.941699) 
(1.54605, -0.445645) (2.32623, -0.185279) (-1.57253, 1.41604) (-1.56277, 0.479072) (0.0786148, 2.78013) (0.0684177, -0.880962) 
(1.54765, -0.441136) (2.33924, -0.141089) (-1.42382, 1.52198) (-1.56284, 0.479125) (0.0761135, 2.77842) (0.0666235, -0.829441) 
(1.54886, -0.435653) (2.3581, -0.0638541) (-1.23503, 1.6344) (-1.5628, 0.479112) (0.0719632, 2.77586) (0.0662221, -0.765253) 
(1.55041, -0.432818) (2.37114, 0.00498937) (-1.10308, 1.7536) (-1.56279, 0.479092) (0.0695858, 2.77486) (0.0647271, -0.714443) 
(1.54956, -0.430118) (2.3859, 0.0758429) (-0.964748, 1.9068) (-1.5628, 0.479059) (0.0663947, 2.77348) (0.0638588, -0.657203) 
(1.54333, -0.422004) (2.4011, 0.134355) (-0.8118, 2.06161) (-1.5628, 0.479054) (0.0721883, 2.77417) (0.062087, -0.600309) 
(1.53269, -0.410027) (2.41473, 0.179849) (-0.64251, 2.22405) (-1.56275, 0.479123) (0.0757698, 2.77453) (0.0597998, -0.544907) 
(1.5259, -0.403226) (2.42895, 0.210459) (-0.487701, 2.3413) (-1.56283, 0.479027) (0.0689736, 2.77291) (0.0582939, -0.488905) 
(1.52255, -0.39879) (2.44002, 0.234391) (-0.332333, 2.45212) (-1.56285, 0.479127) (0.0658281, 2.7727) (0.0558692, -0.427639) 
(1.52343, -0.399519) (2.44479, 0.248848) (-0.212526, 2.54343) (-1.56275, 0.479109) (0.0625852, 2.77223) (0.0535067, -0.371215) 
(1.52765, -0.406596) (2.44452, 0.257628) (-0.123523, 2.65366) (-1.56277, 0.479021) (0.0625885, 2.77222) (0.0513667, -0.312332) 
(1.53176, -0.410852) (2.44291, 0.260049) (-0.0636051, 2.74144) (-1.56278, 0.479116) (0.0613744, 2.77357) (0.0480665, -0.25527) 
(1.53535, -0.409598) (2.43854, 0.2616) (-0.0216659, 2.78473) (-1.56285, 0.479005) (0.061385, 2.77359) (0.0476874, -0.197012) 
(1.54032, -0.40629) (2.43427, 0.261411) (0.0113507, 2.81702) (-1.56275, 0.479085) (0.061385, 2.77359) (0.0459305, -0.145524) 
(1.54576, -0.402917) (2.42643, 0.259423) (0.0432657, 2.85422) (-1.56275, 0.479094) (0.061385, 2.77359) (0.0437005, -0.088729) 
(1.55052, -0.39981) (2.42558, 0.257347) (0.0682126, 2.87383) (-1.56278, 0.479087) (0.061385, 2.77359) (0.0423157, -0.0271015) 
(1.55206, -0.397007) (2.42865, 0.256356) (0.0794377, 2.88862) (-1.56288, 0.47906) (0.061385, 2.77359) (0.0426191, 0.0309917) 
(1.55194, -0.395245) (2.43116, 0.254864) (0.0868354, 2.89761) (-1.5628, 0.479034) (0.013833, 2.71754) (0.0414962, 0.078613) 
(1.5535, -0.393819) (2.43351, 0.250517) (0.0881559, 2.90581) (-1.5628, 0.479073) (-0.00147791, 2.69608) (0.0406538, 0.139734) 
(1.55443, -0.393075) (2.4355, 0.247034) (0.0901906, 2.91166) (-1.56282, 0.479064) (-0.0287504, 2.67406) (0.0394977, 0.198414) 
(1.5547, -0.39212) (2.43662, 0.242298) (0.0902779, 2.91088) (-1.56279, 0.479076) (-0.0308779, 2.6724) (0.0383032, 0.258456) 
(1.5556, -0.391797) (2.43741, 0.238588) (0.0929841, 2.90013) (-1.56279, 0.479062) (-0.0308775, 2.6724) (0.036903, 0.31551) 
(1.55627, -0.391664) (2.4381, 0.235662) (0.0996304, 2.88083) (-1.56281, 0.479065) (-0.0308775, 2.6724) (0.0358847, 0.373521) 
(1.55536, -0.391432) (2.43921, 0.232162) (0.106837, 2.83562) (-1.56279, 0.479088) (-0.0308775, 2.6724) (0.0347052, 0.431534) 
(1.55328, -0.389965) (2.44278, 0.228789) (0.115425, 2.77769) (-1.56278, 0.479059) (-0.0746266, 2.62703) (0.035526, 0.478673) 
(1.54936, -0.385633) (2.44268, 0.227813) (0.112521, 2.68954) (-1.56278, 0.479082) (-0.070091, 2.60446) (0.0385293, 0.539943) 
(1.54739, -0.384257) (2.43936, 0.228915) (0.108848, 2.60284) (-1.56279, 0.479101) (-0.0632533, 2.59235) (0.0408114, 0.595242) 
(1.54652, -0.384062) (2.43805, 0.230267) (0.102599, 2.52651) (-1.56277, 0.47909) (-0.0628944, 2.59035) (0.0416014, 0.635228) 
(1.54513, -0.384247) (2.43736, 0.233879) (0.0803693, 2.4226) (-1.56275, 0.479083) (-0.0576213, 2.56339) (0.036202, 0.695536) 
(1.54418, -0.384394) (2.43742, 0.236719) (0.0674118, 2.37038) (-1.56279, 0.479074) (-0.0570714, 2.54503) (0.0290357, 0.730576) 
(1.54323, -0.384696) (2.43736, 0.239919) (0.0625769, 2.33806) (-1.5628, 0.479086) (-0.0532025, 2.52404) (0.0144835, 0.775917) 
(1.54368, -0.384704) (2.43594, 0.243176) (0.0624989, 2.32824) (-1.56277, 0.479061) (-0.048589, 2.5134) (0.00440288, 0.819217) 
(1.54383, -0.385166) (2.4339, 0.246528) (0.0560669, 2.32984) (-1.56281, 0.479043) (-0.0455344, 2.50399) (-0.00293909, 0.851982) 
(1.54361, -0.385628) (2.43106, 0.252199) (0.0545079, 2.34179) (-1.56281, 0.479058) (-0.0440036, 2.49943) (-0.0162567, 0.879974) 
(1.54243, -0.385592) (2.42817, 0.25971) (0.0482004, 2.35148) (-1.56281, 0.479057) (-0.0428036, 2.49547) (-0.0330764, 0.910323) 
(1.54083, -0.385464) (2.42713, 0.264785) (0.0344477, 2.36208) (-1.5628, 0.479062) (-0.0413435, 2.49704) (-0.0569703, 0.939009) 
(1.53992, -0.385568) (2.42747, 0.267258) (0.0253283, 2.37422) (-1.56279, 0.479057) (-0.0382057, 2.50128) (-0.0814754, 0.966491) 
(1.53897, -0.385318) (2.43003, 0.268037) (0.0162384, 2.37679) (-1.5628, 0.479053) (-0.0404556, 2.50299) (-0.106075, 0.994356) 
(1.53687, -0.385342) (2.43276, 0.271023) (0.0024886, 2.37058) (-1.56281, 0.479058) (-0.0421328, 2.50498) (-0.134958, 1.02946) 
(1.53564, -0.385349) (2.43449, 0.277502) (-0.0105311, 2.36737) (-1.56279, 0.47906) (-0.0460571, 2.51111) (-0.164391, 1.06728) 
(1.53452, -0.385422) (2.43427, 0.285594) (-0.027934, 2.36847) (-1.5628, 0.479075) (-0.0525043, 2.51771) (-0.197337, 1.11331) 
(1.53361, -0.385508) (2.43133, 0.292154) (-0.0461702, 2.37606) (-1.56281, 0.479079) (-0.0561025, 2.51894) (-0.223051, 1.15206) 
(1.53229, -0.38519) (2.42412, 0.300041) (-0.0681575, 2.40092) (-1.5628, 0.479061) (-0.0614573, 2.5148) (-0.257638, 1.20177) 
(1.53102, -0.384744) (2.4152, 0.306515) (-0.0867582, 2.43004) (-1.5628, 0.479063) (-0.0649703, 2.51217) (-0.285146, 1.24343) 
(1.53055, -0.384226) (2.4031, 0.310611) (-0.0998129, 2.45457) (-1.56281, 0.479083) (-0.0662765, 2.50612) (-0.319093, 1.29105) 
(1.53023, -0.383976) (2.38718, 0.313316) (-0.109259, 2.45315) (-1.56279, 0.479066) (-0.0664554, 2.50419) (-0.351291, 1.33653) 
(1.53021, -0.384094) (2.36649, 0.314979) (-0.123886, 2.43508) (-1.5628, 0.479091) (-0.066877, 2.49978) (-0.382798, 1.37842) 
(1.53077, -0.384379) (2.34086, 0.31542) (-0.148596, 2.40663) (-1.56279, 0.479062) (-0.0705737, 2.48542) (-0.409934, 1.41881) 
(1.53127, -0.384623) (2.31231, 0.315028) (-0.176314, 2.36498) (-1.56282, 0.47908) (-0.0725702, 2.46783) (-0.43816, 1.46268) 
(1.53204, -0.384762) (2.28352, 0.313718) (-0.175146, 2.33673) (-1.56278, 0.479082) (-0.069218, 2.45932) (-0.468171, 1.5091) 
(1.53241, -0.38475) (2.26074, 0.310093) (-0.155705, 2.31783) (-1.5628, 0.479067) (-0.0526707, 2.45939) (-0.495111, 1.55314) 
(1.53255, -0.38487) (2.23766, 0.302533) (-0.146195, 2.29258) (-1.5628, 0.479062) (0.00508329, 2.46526) (-0.523389, 1.59619) 
(1.53353, -0.384919) (2.21881, 0.294876) (-0.160304, 2.27195) (-1.56279, 0.479066) (0.0684308, 2.4583) (-0.55381, 1.63904) 
(1.53589, -0.385012) (2.1983, 0.29078) (-0.188638, 2.26474) (-1.56278, 0.47904) (0.118511, 2.43264) (-0.587396, 1.69082) 
(1.53775, -0.385193) (2.18435, 0.291924) (-0.216675, 2.2797) (-1.56281, 0.479072) (0.147113, 2.41603) (-0.613904, 1.73548) 
(1.53888, -0.385281) (2.17718, 0.295926) (-0.243981, 2.29762) (-1.56279, 0.479049) (0.164656, 2.41007) (-0.637626, 1.77459) 
(1.53996, -0.385331) (2.17464, 0.306266) (-0.281038, 2.31849) (-1.5628, 0.479049) (0.184078, 2.41049) (-0.664872, 1.81753) 
(1.54069, -0.385475) (2.1771, 0.322441) (-0.300086, 2.3211) (-1.56279, 0.479057) (0.179671, 2.41216) (-0.691547, 1.84973) 
(1.5413, -0.385536) (2.18407, 0.344756) (-0.297072, 2.30817) (-1.56279, 0.47905) (0.154938, 2.41418) (-0.722275, 1.8809) 
(1.54244, -0.3857) (2.19392, 0.371724) (-0.255303, 2.2854) (-1.56279, 0.47907) (0.129297, 2.41908) (-0.750432, 1.89655) 
(1.54369, -0.38627) (2.20462, 0.40052) (-0.177372, 2.2642) (-1.56279, 0.479064) (0.0997329, 2.42918) (-0.785496, 1.91725) 
(1.54366, -0.386146) (2.21137, 0.426935) (-0.115499, 2.25132) (-1.56279, 0.479058) (0.0619039, 2.43643) (-0.814597, 1.93168) 
(1.54254, -0.386461) (2.21009, 0.482076) (0.00721651, 2.2088) (-1.56279, 0.479074) (0.0417056, 2.44191) (-0.850581, 1.95529) 
(1.54405, -0.38663) (2.21186, 0.519587) (0.0761744, 2.17353) (-1.5628, 0.47907) (0.0328225, 2.44607) (-0.872175, 1.98167) 
(1.54407, -0.386331) (2.211, 0.544035) (0.144455, 2.15278) (-1.5628, 0.479078) (0.0193787, 2.45975) (-0.894243, 2.01283) 
(1.54254, -0.385594) (2.19479, 0.568115) (0.220055, 2.13419) (-1.5628, 0.479075) (0.00307161, 2.46657) (-0.910717, 2.05267) 
(1.54113, -0.384813) (2.17301, 0.583115) (0.26309, 2.12344) (-1.56278, 0.479067) (-0.00673866, 2.46831) (-0.915729, 2.07902) 
(1.53963, -0.383945) (2.14318, 0.602203) (0.296284, 2.11404) (-1.56281, 0.479074) (-0.0213778, 2.47445) (-0.918201, 2.10855) 
(1.53808, -0.382923) (2.10493, 0.62447) (0.313309, 2.10658) (-1.5628, 0.479086) (-0.0324022, 2.48516) (-0.919193, 2.14067) 
(1.53646, -0.381979) (2.05626, 0.650012) (0.314983, 2.10006) (-1.5628, 0.479065) (-0.034448, 2.48717) (-0.916916, 2.17757) 
(1.53522, -0.381238) (1.99131, 0.680829) (0.312766, 2.09766) (-1.5628, 0.479083) (-0.0403319, 2.48345) (-0.913451, 2.2115) 
(1.53346, -0.380741) (1.90445, 0.719771) (0.301513, 2.09224) (-1.5628, 0.479063) (-0.0457213, 2.48194) (-0.910115, 2.25004) 
(1.53105, -0.380208) (1.785, 0.768821) (0.277072, 2.08592) (-1.56281, 0.479061) (-0.046018, 2.4834) (-0.899702, 2.29166) 
(1.52862, -0.379686) (1.68308, 0.812106) (0.251435, 2.08143) (-1.5628, 0.479064) (-0.0483976, 2.48479) (-0.885112, 2.33225) 
(1.52594, -0.378832) (1.60253, 0.859957) (0.229105, 2.07426) (-1.5628, 0.479084) (-0.0593989, 2.48352) (-0.866515, 2.36537) 
(1.52344, -0.378523) (1.54228, 0.910653) (0.216441, 2.06736) (-1.56281, 0.479065) (-0.0656994, 2.48059) (-0.848348, 2.39535) 
(1.52093, -0.377467) (1.49358, 0.965133) (0.217867, 2.06161) (-1.5628, 0.479072) (-0.0672238, 2.48019) (-0.828045, 2.42996) 
(1.51842, -0.375826) (1.45365, 1.02157) (0.220559, 2.05695) (-1.5628, 0.479035) (-0.0672059, 2.48019) (-0.803393, 2.46837) 
(1.51631, -0.373629) (1.41375, 1.09378) (0.228495, 2.05274) (-1.56281, 0.479052) (-0.0672059, 2.48019) (-0.776283, 2.5105) 
(1.51546, -0.371189) (1.36657, 1.18354) (0.239093, 2.05141) (-1.56281, 0.479071) (-0.0672059, 2.48019) (-0.745114, 2.55892) 
(1.51506, -0.368779) (1.31275, 1.27225) (0.243076, 2.05164) (-1.56281, 0.479079) (-0.0672059, 2.48019) (-0.716421, 2.60168) 
(1.51506, -0.367667) (1.25642, 1.34947) (0.251498, 2.05343) (-1.5628, 0.479054) (-0.0454212, 2.42696) (-0.69155, 2.64129) 
(1.51511, -0.367604) (1.19169, 1.42059) (0.261976, 2.05595) (-1.56281, 0.479045) (-0.0338487, 2.40427) (-0.664897, 2.67888) 
(1.51468, -0.368152) (1.09439, 1.50076) (0.266621, 2.06034) (-1.56282, 0.47907) (-0.0414656, 2.38825) (-0.634378, 2.71229) 
(1.51445, -0.369188) (0.996821, 1.56167) (0.265928, 2.06363) (-1.56279, 0.479071) (-0.0532629, 2.39153) (-0.596971, 2.74259) 
(1.51535, -0.370022) (0.896488, 1.61522) (0.263661, 2.06588) (-1.5628, 0.479048) (-0.064443, 2.39949) (-0.56289, 2.76036) 
(1.5168, -0.371116) (0.768148, 1.67617) (0.261213, 2.06878) (-1.56289, 0.478827) (-0.0717276, 2.40619) (-0.522612, 2.77484) 
(1.51992, -0.371887) (0.615274, 1.74792) (0.263586, 2.06783) (-1.5629, 0.478803) (-0.0634241, 2.40372) (-0.476813, 2.7963) 
(1.52063, -0.3717) (0.500066, 1.81248) (0.26088, 2.06408) (-1.5628, 0.47906) (-0.0543073, 2.39582) (-0.446175, 2.81401) 
(1.52494, -0.374833) (0.425605, 1.86738) (0.2538, 2.06621) (-1.56281, 0.479061) (-0.0450185, 2.39325) (-0.418776, 2.83468) 
(1.52781, -0.37391) (0.356451, 1.90851) (0.224868, 2.07821) (-1.56278, 0.479062) (-0.0319136, 2.39838) (-0.384377, 2.86075) 
(1.52818, -0.372475) (0.316202, 1.92355) (0.178511, 2.09954) (-1.5628, 0.479062) (-0.016561, 2.4038) (-0.349845, 2.88418) 
(1.53103, -0.373456) (0.291308, 1.94357) (0.137858, 2.12537) (-1.5628, 0.479072) (-0.0165012, 2.40383) (-0.315511, 2.90071) 
(1.5321, -0.37226) (0.281708, 1.96685) (0.100792, 2.14995) (-1.5628, 0.479062) (-0.0165012, 2.40383) (-0.275422, 2.91429) 
(1.5335, -0.37252) (0.279642, 1.98974) (0.0799934, 2.16818) (-1.56282, 0.479075) (-0.00727292, 2.42047) (-0.236966, 2.92874) 
(1.53753, -0.374155) (0.273181, 2.00885) (0.0630217, 2.18049) (-1.5628, 0.479057) (-0.00686515, 2.42707) (-0.231728, 2.92903) 
(1.5436, -0.375356) (0.268369, 2.01884) (0.0524445, 2.18979) (-1.56279, 0.479075) (-0.0052242, 2.43525) (-0.201976, 2.94579) 
(1.54864, -0.374828) (0.267399, 2.02388) (0.0518808, 2.20169) (-1.5628, 0.479041) (3.10668e-05, 2.43868) (-0.173659, 2.96121) 
(1.55202, -0.373519) (0.271593, 2.02639) (0.0434466, 2.21091) (-1.5628, 0.479076) (0.00831712, 2.43215) (-0.151853, 2.97153) 
(1.55576, -0.372753) (0.278637, 2.02937) (0.0163188, 2.2224) (-1.56276, 0.479032) (0.00986689, 2.43362) (-0.128201, 2.98118) 
(1.55843, -0.372545) (0.281648, 2.02813) (-0.00545043, 2.23839) (-1.56267, 0.479009) (0.00888105, 2.44017) (-0.126505, 2.97125) 
(1.56071, -0.372199) (0.280932, 2.02611) (-0.0176691, 2.24932) (-1.56249, 0.478961) (0.0249725, 2.43259) (-0.126845, 2.97031) 
(1.56239, -0.372358) (0.280995, 2.02868) (-0.0173473, 2.26895) (-1.56269, 0.478676) (0.0329271, 2.42437) (-0.126228, 2.96961) 
(1.56551, -0.372063) (0.279492, 2.03377) (-0.0222367, 2.29145) (-1.56278, 0.4791) (0.0397035, 2.4198) (-0.127027, 2.96456) 
(1.5677, -0.372047) (0.278716, 2.03597) (-0.0454643, 2.32181) (-1.5632, 0.479029) (0.044914, 2.40991) (-0.128814, 2.95329) 
(1.56883, -0.371375) (0.28186, 2.03582) (-0.063777, 2.34589) (-1.56252, 0.478939) (0.0549487, 2.40165) (-0.132615, 2.94154) 
(1.57006, -0.37082) (0.28266, 2.03589) (-0.0850973, 2.38341) (-1.56298, 0.478949) (0.0602203, 2.39817) (-0.13956, 2.92765) 
(1.57054, -0.370244) (0.277103, 2.03577) (-0.0935524, 2.41987) (-1.56296, 0.479027) (0.0635053, 2.39801) (-0.147534, 2.90614) 
(1.57111, -0.368707) (0.268888, 2.03769) (-0.0801895, 2.43129) (-1.56287, 0.478975) (0.0678515, 2.39782) (-0.142449, 2.92175) 
(1.57231, -0.36769) (0.265179, 2.03755) (-0.0432702, 2.40492) (-1.56275, 0.478986) (0.0819339, 2.39537) (-0.145139, 2.92299) 
(1.57408, -0.366112) (0.268107, 2.03689) (0.0111147, 2.35593) (-1.56285, 0.478931) (0.101535, 2.39715) (-0.148056, 2.91429) 
(1.57707, -0.363635) (0.277012, 2.03649) (0.0798005, 2.30672) (-1.56271, 0.478902) (0.115605, 2.40312) (-0.150763, 2.93103) 
(1.57874, -0.359058) (0.288469, 2.0326) (0.13805, 2.27698) (-1.56296, 0.478945) (0.121554, 2.40635) (-0.163652, 2.94158) 
(1.57874, -0.359038) (0.288524, 2.03257) (0.138205, 2.27691) (-1.56296, 0.478944) (0.12154, 2.40637) (-0.16371, 2.94161) 
(1.57424, -0.349526) (0.324268, 2.01588) (0.183197, 2.26445) (-1.56284, 0.479183) (0.133875, 2.41779) (-0.165008, 2.94408) 
(1.57271, -0.348066) (0.341998, 2.00968) (0.187727, 2.268) (-1.5627, 0.47908) (0.141087, 2.42427) (-0.165008, 2.94408) 
(1.57242, -0.348475) (0.357114, 2.00997) (0.197947, 2.27038) (-1.56273, 0.478805) (0.149203, 2.42599) (-0.165008, 2.94408) 
(1.57009, -0.34959) (0.370628, 2.01445) (0.202499, 2.26261) (-1.56265, 0.479066) (0.155961, 2.43021) (-0.165008, 2.94408) 
(1.56907, -0.350307) (0.381774, 2.01959) (0.205035, 2.25733) (-1.56298, 0.47899) (0.161521, 2.43862) (-0.165008, 2.94408) 
(1.56825, -0.351538) (0.390023, 2.02754) (0.205621, 2.25352) (-1.56281, 0.478984) (0.169239, 2.44744) (-0.165008, 2.94408) 
(1.56961, -0.355835) (0.394752, 2.03644) (0.210496, 2.25494) (-1.56265, 0.479081) (0.176744, 2.45235) (-0.165008, 2.94408) 
(1.57259, -0.361095) (0.396761, 2.04515) (0.216976, 2.26084) (-1.56282, 0.479049) (0.180177, 2.45368) (-0.165008, 2.94408) 
(1.57446, -0.363777) (0.396316, 2.04974) (0.22223, 2.26607) (-1.5628, 0.47907) (0.181173, 2.45465) (-0.254899, 2.54481) 
(1.57693, -0.365613) (0.391063, 2.06051) (0.245111, 2.27939) (-1.56281, 0.479093) (0.181702, 2.45724) (-0.28144, 2.45923) 
(1.57832, -0.365126) (0.385707, 2.06722) (0.258538, 2.28958) (-1.56291, 0.479048) (0.181744, 2.45808) (-0.299815, 2.40727) 
(1.58271, -0.364475) (0.379281, 2.07564) (0.274043, 2.30548) (-1.56281, 0.479119) (0.178222, 2.45805) (-0.329934, 2.34436) 
(1.58507, -0.36461) (0.373703, 2.08223) (0.286333, 2.31705) (-1.56283, 0.479077) (0.174981, 2.45878) (-0.354441, 2.29412) 
(1.58576, -0.364692) (0.367405, 2.08896) (0.294603, 2.32641) (-1.56278, 0.479063) (0.174925, 2.45902) (-0.384242, 2.24738) 
(1.58646, -0.364258) (0.364117, 2.09469) (0.297088, 2.32837) (-1.56281, 0.479079) (0.164914, 2.46287) (-0.412776, 2.2159) 
(1.58731, -0.363449) (0.363852, 2.09785) (0.273746, 2.3087) (-1.56281, 0.479051) (0.159838, 2.46318) (-0.442446, 2.19093) 
(1.58717, -0.362372) (0.364751, 2.10146) (0.248371, 2.28641) (-1.5628, 0.479052) (0.154121, 2.46258) (-0.468769, 2.17443) 
(1.58718, -0.361604) (0.363549, 2.10713) (0.24511, 2.27448) (-1.56279, 0.479091) (0.147436, 2.46301) (-0.486329, 2.16946) 
(1.58773, -0.360795) (0.360517, 2.11292) (0.244622, 2.2682) (-1.56283, 0.479032) (0.145082, 2.46104) (-0.495932, 2.17136) 
(1.58801, -0.360622) (0.355836, 2.12144) (0.244428, 2.26614) (-1.5628, 0.479072) (0.144726, 2.45631) (-0.500072, 2.17637) 
(1.58773, -0.36085) (0.351303, 2.12958) (0.244823, 2.26454) (-1.56279, 0.479066) (0.145669, 2.45498) (-0.499751, 2.18106) 
(1.58331, -0.359523) (0.347161, 2.13731) (0.243233, 2.26255) (-1.5628, 0.479055) (0.14464, 2.45609) (-0.494478, 2.18807) 
(1.57732, -0.35785) (0.34519, 2.14352) (0.242094, 2.26075) (-1.56281, 0.479079) (0.142969, 2.45401) (-0.487708, 2.19421) 
(1.5758, -0.35773) (0.34517, 2.14643) (0.239305, 2.25398) (-1.56279, 0.47906) (0.143361, 2.45811) (-0.479537, 2.19866) 
(1.57503, -0.35762) (0.351301, 2.14652) (0.236413, 2.2483) (-1.5628, 0.479057) (0.142551, 2.45856) (-0.470391, 2.20307) 
(1.57192, -0.357489) (0.361735, 2.1441) (0.234179, 2.24411) (-1.56279, 0.479078) (0.142551, 2.45856) (-0.46045, 2.20757) 
(1.57047, -0.357881) (0.376641, 2.1398) (0.230447, 2.24007) (-1.5628, 0.47905) (0.142551, 2.45856) (-0.447931, 2.21045) 
(1.57036, -0.358159) (0.394371, 2.13447) (0.227612, 2.23726) (-1.56279, 0.479063) (0.142551, 2.45856) (-0.435354, 2.21325) 
(1.5699, -0.358169) (0.402462, 2.13268) (0.224959, 2.23545) (-1.5628, 0.479076) (0.142551, 2.45856) (-0.426034, 2.2166) 
(1.56998, -0.358204) (0.405273, 2.13196) (0.223091, 2.23329) (-1.5628, 0.479075) (0.142551, 2.45856) (-0.417009, 2.2196) 
(1.57081, -0.358692) (0.407016, 2.13207) (0.221985, 2.22753) (-1.56281, 0.479063) (0.142551, 2.45856) (-0.407817, 2.22113) 
(1.57213, -0.359538) (0.408426, 2.13303) (0.220734, 2.21888) (-1.5628, 0.479075) (0.142551, 2.45856) (-0.397248, 2.22303) 
(1.57366, -0.3608) (0.409913, 2.13379) (0.219631, 2.21253) (-1.56279, 0.479057) (0.129019, 2.48407) (-0.388976, 2.22381) 
(1.57626, -0.362196) (0.412279, 2.13327) (0.217857, 2.20803) (-1.5628, 0.479072) (0.129467, 2.48257) (-0.379576, 2.2226) 
(1.57767, -0.362932) (0.414809, 2.13098) (0.217144, 2.20478) (-1.56279, 0.479067) (0.129236, 2.48273) (-0.372333, 2.22255) 
(1.57939, -0.364382) (0.41872, 2.12618) (0.21529, 2.19937) (-1.56279, 0.479042) (0.129761, 2.48111) (-0.361351, 2.21985) 
(1.5811, -0.365366) (0.423212, 2.12241) (0.21143, 2.19454) (-1.5628, 0.479067) (0.128414, 2.47981) (-0.351373, 2.2159) 
(1.5826, -0.366103) (0.427134, 2.11837) (0.205471, 2.18865) (-1.5628, 0.479072) (0.128366, 2.47806) (-0.341045, 2.2094) 
(1.58397, -0.366556) (0.428663, 2.11823) (0.200278, 2.18303) (-1.56279, 0.479059) (0.128366, 2.47806) (-0.332834, 2.20365) 
(1.58555, -0.367346) (0.429733, 2.12189) (0.194936, 2.17582) (-1.5628, 0.479069) (0.126114, 2.46739) (-0.328134, 2.19723) 
(1.58681, -0.367761) (0.426916, 2.12569) (0.188173, 2.16737) (-1.56282, 0.47905) (0.126377, 2.46348) (-0.323609, 2.19103) 
(1.58789, -0.367803) (0.421403, 2.12959) (0.182833, 2.16016) (-1.56278, 0.479054) (0.121359, 2.45345) (-0.317142, 2.18419) 
(1.58855, -0.367506) (0.415374, 2.13207) (0.178579, 2.15338) (-1.5628, 0.479063) (0.119261, 2.44749) (-0.313462, 2.17999) 
(1.58893, -0.366941) (0.406442, 2.13112) (0.174659, 2.14676) (-1.56281, 0.479062) (0.118462, 2.44047) (-0.312331, 2.17676) 
(1.59056, -0.366417) (0.395436, 2.12798) (0.172627, 2.13988) (-1.56281, 0.479051) (0.116145, 2.42794) (-0.312105, 2.17307) 
(1.5923, -0.36661) (0.383711, 2.12197) (0.174636, 2.13008) (-1.5628, 0.479067) (0.112834, 2.42212) (-0.31327, 2.16396) 
(1.59174, -0.3659) (0.373966, 2.11581) (0.179033, 2.12034) (-1.56281, 0.479074) (0.112833, 2.42212) (-0.315303, 2.15942) 
(1.58933, -0.364031) (0.367165, 2.10832) (0.185344, 2.10982) (-1.5628, 0.479058) (0.112833, 2.42212) (-0.320149, 2.15744) 
(1.58768, -0.362024) (0.362643, 2.09976) (0.194937, 2.0989) (-1.56278, 0.479062) (0.112833, 2.42212) (-0.321716, 2.15309) 
(1.5866, -0.360511) (0.355061, 2.08867) (0.208368, 2.08566) (-1.5628, 0.479073) (0.112833, 2.42212) (-0.327139, 2.14375) 
(1.58586, -0.359583) (0.34498, 2.07614) (0.221263, 2.07249) (-1.5628, 0.479067) (0.112833, 2.42212) (-0.330611, 2.13344) 
(1.58551, -0.358457) (0.332082, 2.06274) (0.233351, 2.06115) (-1.5628, 0.479072) (0.112833, 2.42212) (-0.328613, 2.12034) 
(1.58635, -0.357492) (0.318698, 2.04811) (0.244571, 2.0536) (-1.5628, 0.479069) (0.112833, 2.42212) (-0.326582, 2.11418) 
(1.5866, -0.35687) (0.307512, 2.03658) (0.255308, 2.04756) (-1.5628, 0.479058) (0.112833, 2.42212) (-0.329703, 2.11772) 
(1.5855, -0.355227) (0.297262, 2.02614) (0.269846, 2.04049) (-1.5628, 0.479063) (0.112833, 2.42212) (-0.339386, 2.12948) 
(1.58499, -0.353527) (0.292865, 2.02409) (0.280508, 2.03472) (-1.56281, 0.479062) (0.112833, 2.42212) (-0.351004, 2.14022) 
(1.58535, -0.352041) (0.29145, 2.02416) (0.290645, 2.0287) (-1.5628, 0.479073) (0.112833, 2.42212) (-0.359974, 2.14874) 
(1.58451, -0.350288) (0.294508, 2.02715) (0.300881, 2.02495) (-1.5628, 0.479084) (0.112833, 2.42212) (-0.366976, 2.15495) 
(1.58242, -0.348759) (0.300349, 2.03356) (0.311172, 2.02075) (-1.56279, 0.479067) (0.112833, 2.42212) (-0.375322, 2.16252) 
(1.58033, -0.347942) (0.306107, 2.03674) (0.323503, 2.01772) (-1.56281, 0.479089) (0.112833, 2.42212) (-0.385279, 2.17115) 
(1.57854, -0.347732) (0.307849, 2.03853) (0.334641, 2.01724) (-1.56279, 0.479055) (0.112833, 2.42212) (-0.393029, 2.17848) 
(1.57808, -0.347953) (0.307401, 2.04051) (0.341296, 2.01819) (-1.5628, 0.479071) (0.112833, 2.42212) (-0.400371, 2.18267) 
(1.57734, -0.348988) (0.307744, 2.04362) (0.339446, 2.02532) (-1.5628, 0.479045) (0.112833, 2.42212) (-0.405644, 2.18587) 
(1.57689, -0.350374) (0.307568, 2.04821) (0.3302, 2.03606) (-1.56278, 0.479069) (0.112833, 2.42212) (-0.409031, 2.1848) 
(1.5767, -0.351755) (0.306848, 2.05201) (0.322211, 2.04849) (-1.56279, 0.479049) (0.112833, 2.42212) (-0.412392, 2.18217) 
(1.57581, -0.352733) (0.30471, 2.05439) (0.300421, 2.06799) (-1.56282, 0.479079) (0.112833, 2.42212) (-0.41548, 2.18058) 
(1.57424, -0.353331) (0.303407, 2.05558) (0.272749, 2.09441) (-1.56282, 0.479076) (0.112833, 2.42212) (-0.417319, 2.17883) 
(1.57317, -0.353642) (0.30464, 2.05634) (0.251852, 2.11888) (-1.56281, 0.479064) (0.112833, 2.42212) (-0.415298, 2.17808) 
(1.57177, -0.35381) (0.308693, 2.0594) (0.230632, 2.1569) (-1.56279, 0.47908) (0.112833, 2.42212) (-0.412616, 2.17542) 
(1.57022, -0.353941) (0.312871, 2.06057) (0.218677, 2.1982) (-1.5628, 0.479061) (0.112833, 2.42212) (-0.408734, 2.17333) 
(1.56946, -0.353936) (0.31663, 2.06178) (0.209238, 2.24192) (-1.56281, 0.479054) (0.112833, 2.42212) (-0.405471, 2.17134) 
(1.56891, -0.353926) (0.323008, 2.06074) (0.199396, 2.28438) (-1.56279, 0.47907) (0.112833, 2.42212) (-0.401368, 2.17087) 
(1.56816, -0.353759) (0.327314, 2.05263) (0.191835, 2.32099) (-1.5628, 0.479061) (0.112833, 2.42212) (-0.397053, 2.16958) 
(1.56727, -0.353948) (0.322992, 2.03666) (0.190961, 2.35922) (-1.56278, 0.479071) (0.112833, 2.42212) (-0.393848, 2.16847) 
(1.56596, -0.354329) (0.304753, 2.0085) (0.201829, 2.39772) (-1.5628, 0.479054) (0.112833, 2.42212) (-0.390365, 2.16811) 
(1.56496, -0.354968) (0.294364, 1.96267) (0.230274, 2.42584) (-1.5628, 0.479073) (0.112833, 2.42212) (-0.389361, 2.16737) 
(1.56342, -0.355543) (0.304319, 1.91487) (0.264521, 2.44153) (-1.5628, 0.479061) (0.112833, 2.42212) (-0.386185, 2.16675) 
(1.56249, -0.356219) (0.335301, 1.85815) (0.313551, 2.44026) (-1.56282, 0.479076) (0.112833, 2.42212) (-0.385173, 2.1655) 
(1.56268, -0.356438) (0.371023, 1.81575) (0.349407, 2.43315) (-1.56279, 0.479042) (0.092714, 2.4051) (-0.385686, 2.1646) 
(1.56287, -0.356202) (0.440136, 1.77106) (0.383191, 2.42332) (-1.5629, 0.478792) (0.092714, 2.4051) (-0.385164, 2.16326) 
(1.564, -0.355169) (0.538797, 1.73051) (0.407839, 2.41148) (-1.56292, 0.478788) (0.092714, 2.4051) (-0.383674, 2.16271) 
(1.56582, -0.355761) (0.640343, 1.70227) (0.430129, 2.40877) (-1.56291, 0.478754) (0.092714, 2.4051) (-0.382752, 2.16153) 
(1.56597, -0.3569) (0.752299, 1.6868) (0.454064, 2.41286) (-1.56293, 0.478765) (0.092714, 2.4051) (-0.380648, 2.16019) 
(1.56671, -0.356367) (0.849232, 1.68394) (0.459743, 2.40941) (-1.56292, 0.478787) (0.092714, 2.4051) (-0.379443, 2.15807) 
(1.5683, -0.354638) (0.922737, 1.68751) (0.44115, 2.39478) (-1.56281, 0.479041) (0.092714, 2.4051) (-0.379048, 2.15826) 
(1.56909, -0.353115) (0.996064, 1.68437) (0.416883, 2.38579) (-1.56281, 0.479065) (0.092714, 2.4051) (-0.377908, 2.16075) 
(1.56878, -0.352292) (1.05968, 1.67947) (0.394443, 2.37647) (-1.56279, 0.479069) (0.092714, 2.4051) (-0.378177, 2.16283) 
(1.56819, -0.351931) (1.11958, 1.66783) (0.377339, 2.36543) (-1.56281, 0.479051) (0.0962491, 2.40675) (-0.378619, 2.15981) 
(1.56834, -0.352473) (1.16151, 1.65328) (0.370889, 2.34947) (-1.5628, 0.479068) (0.0977829, 2.40567) (-0.379858, 2.1582) 
(1.56798, -0.353232) (1.22044, 1.61952) (0.372354, 2.3163) (-1.5628, 0.479075) (0.0979499, 2.40578) (-0.382372, 2.15568) 
(1.56819, -0.353942) (1.27557, 1.57576) (0.383402, 2.28068) (-1.5628, 0.479045) (0.0954971, 2.40752) (-0.381814, 2.158) 
(1.56879, -0.354997) (1.32098, 1.53225) (0.395124, 2.24083) (-1.56281, 0.479064) (0.0972173, 2.40626) (-0.382648, 2.15923) 
(1.5697, -0.356041) (1.37584, 1.4717) (0.413368, 2.17108) (-1.5628, 0.479063) (0.0974528, 2.40549) (-0.382838, 2.1628) 
(1.57014, -0.356759) (1.41889, 1.41399) (0.43878, 2.07337) (-1.56281, 0.479081) (0.0954651, 2.40753) (-0.384008, 2.16309) 
(1.5711, -0.357028) (1.44738, 1.37216) (0.466376, 1.96655) (-1.5628, 0.479073) (0.0953427, 2.40714) (-0.382469, 2.16274) 
(1.57193, -0.357418) (1.47008, 1.34444) (0.49783, 1.86123) (-1.5628, 0.479078) (0.0956514, 2.40717) (-0.382309, 2.16239) 
(1.57183, -0.357409) (1.49528, 1.32994) (0.528318, 1.77555) (-1.56281, 0.479055) (0.0960605, 2.40809) (-0.381785, 2.16251) 
(1.57143, -0.35734) (1.51345, 1.32111) (0.54411, 1.72602) (-1.56278, 0.47908) (0.0910939, 2.40599) (-0.38108, 2.16205) 
(1.57145, -0.357661) (1.52765, 1.3155) (0.561495, 1.69292) (-1.56279, 0.479064) (0.0928177, 2.40767) (-0.381972, 2.16226) 
(1.57204, -0.358032) (1.54292, 1.31368) (0.573126, 1.67162) (-1.5628, 0.479054) (0.0909807, 2.40616) (-0.381882, 2.16223) 
(1.57241, -0.358465) (1.55613, 1.31316) (0.580585, 1.65812) (-1.56279, 0.479072) (0.0914628, 2.4067) (-0.382585, 2.16218) 
(1.57289, -0.358435) (1.56203, 1.31617) (0.580494, 1.64995) (-1.56281, 0.479074) (0.0905629, 2.40577) (-0.382668, 2.16233) 
(1.57321, -0.357904) (1.57525, 1.31903) (0.577656, 1.64283) (-1.5628, 0.479077) (0.090997, 2.40607) (-0.38265, 2.16223) 
(1.57304, -0.357522) (1.5895, 1.32361) (0.57293, 1.64245) (-1.5628, 0.479078) (0.0911352, 2.40611) (-0.382617, 2.16223) 
(1.57293, -0.356901) (1.5958, 1.32993) (0.565591, 1.6494) (-1.56281, 0.479067) (0.0910705, 2.40608) (-0.382668, 2.16227) 
(1.57248, -0.356284) (1.59568, 1.33889) (0.551228, 1.66451) (-1.5628, 0.47907) (0.0907922, 2.4058) (-0.382635, 2.16225) 
(1.57099, -0.356344) (1.59751, 1.34348) (0.53521, 1.69686) (-1.5628, 0.479077) (0.0909321, 2.40634) (-0.383219, 2.16214) 
(1.57045, -0.356576) (1.59786, 1.34703) (0.518258, 1.73736) (-1.5628, 0.47909) (0.0908115, 2.40637) (-0.383293, 2.1618) 
(1.57108, -0.356852) (1.59701, 1.35013) (0.50379, 1.76121) (-1.56278, 0.479047) (0.0913433, 2.40652) (-0.383126, 2.16186) 
(1.57058, -0.357398) (1.60119, 1.34912) (0.486814, 1.77182) (-1.56279, 0.479065) (0.0912035, 2.4065) (-0.383413, 2.1618) 
(1.56925, -0.357849) (1.61924, 1.34724) (0.46293, 1.75478) (-1.56281, 0.479068) (0.0913812, 2.40657) (-0.383744, 2.1615) 
(1.56661, -0.356518) (1.63461, 1.34561) (0.429233, 1.72498) (-1.5628, 0.479055) (0.0912889, 2.4067) (-0.383521, 2.16151) 
(1.56171, -0.351433) (1.65385, 1.34492) (0.366877, 1.6632) (-1.56281, 0.479074) (0.0914444, 2.40672) (-0.383686, 2.16138) 
(1.55858, -0.34087) (1.66761, 1.34608) (0.331869, 1.59932) (-1.5629, 0.478767) (0.091353, 2.40665) (-0.383709, 2.16139) 
(1.55833, -0.329973) (1.67516, 1.34692) (0.321664, 1.54096) (-1.5629, 0.478794) (0.0915225, 2.40679) (-0.383487, 2.1615) 
(1.56046, -0.328589) (1.68217, 1.34667) (0.312025, 1.469) (-1.56291, 0.478747) (0.0914875, 2.40667) (-0.383464, 2.16153) 
(1.56158, -0.337258) (1.68623, 1.34687) (0.301471, 1.38501) (-1.56289, 0.478788) (0.0916131, 2.40686) (-0.383172, 2.16181) 
(1.55945, -0.346714) (1.68877, 1.34806) (0.292948, 1.29011) (-1.56292, 0.478742) (0.0914492, 2.40683) (-0.383278, 2.1617) 
(1.5557, -0.355272) (1.69239, 1.34793) (0.300029, 1.1882) (-1.5629, 0.47875) (0.0915232, 2.40685) (-0.383292, 2.16169) 
(1.55679, -0.360194) (1.69491, 1.34647) (0.303882, 1.06435) (-1.56292, 0.4788) (0.0915112, 2.40684) (-0.3833, 2.16167) 
(1.55727, -0.361232) (1.69429, 1.34742) (0.285063, 0.968373) (-1.56279, 0.47903) (0.0914782, 2.40685) (-0.383256, 2.16169) 
(1.55543, -0.362537) (1.68606, 1.34965) (0.242786, 0.877859) (-1.5628, 0.479086) (0.0917436, 2.40694) (-0.383241, 2.16174) 
(1.54734, -0.362555) (1.68045, 1.35146) (0.20777, 0.779576) (-1.56279, 0.479058) (0.091631, 2.40694) (-0.383322, 2.16168) 
(1.54458, -0.363199) (1.68129, 1.3533) (0.171649, 0.671477) (-1.56279, 0.479069) (0.091555, 2.40681) (-0.383203, 2.16179) 
(1.55941, -0.36716) (1.68496, 1.35492) (0.120009, 0.560496) (-1.56278, 0.479054) (0.0915776, 2.40689) (-0.383324, 2.16165) 
(1.56497, -0.368319) (1.68885, 1.35653) (0.0643779, 0.434681) (-1.5628, 0.479063) (0.0915281, 2.40674) (-0.383275, 2.16171) 
(1.55575, -0.367039) (1.69324, 1.35915) (0.034672, 0.32429) (-1.56278, 0.479071) (0.0914238, 2.40663) (-0.383299, 2.16172) 
(1.55975, -0.369011) (1.69767, 1.36635) (0.0168623, 0.216798) (-1.56277, 0.479068) (0.0914156, 2.40663) (-0.38337, 2.16164) 
(1.57125, -0.372001) (1.706, 1.37622) (0.000985089, 0.111062) (-1.5628, 0.47906) (0.0914556, 2.40662) (-0.383448, 2.16153) 
(1.57251, -0.368564) (1.71895, 1.39004) (-0.0153768, -0.00806612) (-1.56279, 0.47906) (0.0915363, 2.40671) (-0.383627, 2.16133) 
(1.56709, -0.363735) (1.72483, 1.40391) (-0.00786818, -0.116876) (-1.56281, 0.479064) (0.091563, 2.40675) (-0.383665, 2.16131) 
(1.56737, -0.359492) (1.73191, 1.41469) (0.00634514, -0.237458) (-1.56279, 0.479065) (0.0914597, 2.40681) (-0.383729, 2.16126) 
(1.56935, -0.357369) (1.74195, 1.42403) (0.00457207, -0.354404) (-1.56279, 0.479054) (0.0915976, 2.40692) (-0.383716, 2.16126) 
(1.56977, -0.356621) (1.755, 1.43129) (-0.0184321, -0.452421) (-1.56281, 0.479063) (0.0915736, 2.40694) (-0.383716, 2.16127) 
(1.5668, -0.354502) (1.77016, 1.43756) (-0.0459331, -0.536185) (-1.56279, 0.479037) (0.0915984, 2.40701) (-0.383489, 2.16145) 
(1.56296, -0.352714) (1.78352, 1.44188) (-0.0769094, -0.630913) (-1.5628, 0.479011) (0.0915729, 2.40692) (-0.383352, 2.16165) 
(1.56227, -0.352956) (1.79203, 1.44544) (-0.114386, -0.71136) (-1.56282, 0.479011) (0.0915365, 2.40694) (-0.383213, 2.16174) 
(1.56219, -0.353315) (1.79457, 1.45074) (-0.189952, -0.8105) (-1.56278, 0.479062) (0.091605, 2.40694) (-0.383184, 2.16179) 
(1.56302, -0.353656) (1.79007, 1.45372) (-0.248162, -0.89573) (-1.56279, 0.479055) (0.0915648, 2.40695) (-0.383212, 2.16175) 
(1.56527, -0.354894) (1.78638, 1.45703) (-0.278275, -0.959513) (-1.5628, 0.479059) (0.0916008, 2.40695) (-0.383339, 2.16168) 
(1.57212, -0.35697) (1.78165, 1.46289) (-0.298218, -1.03061) (-1.56281, 0.479072) (0.0915558, 2.40696) (-0.383264, 2.16178) 
(1.58164, -0.359413) (1.77411, 1.47122) (-0.317979, -1.13475) (-1.56279, 0.479054) (0.091555, 2.40695) (-0.383232, 2.16173) 
(1.58636, -0.359954) (1.76843, 1.47905) (-0.313707, -1.24429) (-1.5628, 0.479067) (0.0915584, 2.40695) (-0.383323, 2.16178) 
(1.58756, -0.361673) (1.76395, 1.48834) (-0.275751, -1.3559) (-1.5628, 0.479077) (0.0916168, 2.40699) (-0.383266, 2.16175) 
(1.58601, -0.362458) (1.75784, 1.49853) (-0.23395, -1.46859) (-1.56277, 0.479088) (0.0915694, 2.40695) (-0.383411, 2.16163) 
(1.58167, -0.361681) (1.74511, 1.50632) (-0.192152, -1.56648) (-1.56279, 0.479162) (0.091525, 2.40697) (-0.383255, 2.16174) 
(1.57595, -0.360051) (1.72715, 1.51214) (-0.158105, -1.67583) (-1.56276, 0.479172) (0.091499, 2.40694) (-0.383176, 2.16182) 
(1.57045, -0.359217) (1.71122, 1.52024) (-0.135496, -1.75251) (-1.56276, 0.479179) (0.091568, 2.40694) (-0.383279, 2.16176) 
(1.565, -0.358853) (1.69239, 1.53093) (-0.108102, -1.82134) (-1.56275, 0.479188) (0.0916107, 2.40696) (-0.383288, 2.16174) 
(1.56109, -0.358589) (1.67122, 1.53851) (-0.0828176, -1.88137) (-1.56275, 0.479171) (0.0916181, 2.407) (-0.383203, 2.16178) 
(1.55843, -0.358419) (1.64308, 1.5434) (-0.0483674, -1.93902) (-1.56282, 0.479147) (0.0914945, 2.40695) (-0.383242, 2.16179) 
(1.55639, -0.358092) (1.60969, 1.54583) (-0.00353504, -1.97076) (-1.5628, 0.479145) (0.0915962, 2.40695) (-0.383259, 2.16179) 
(1.55512, -0.358066) (1.57518, 1.54834) (0.0397718, -1.99219) (-1.56272, 0.479198) (0.0916965, 2.407) (-0.383279, 2.16176) 
(1.55398, -0.358282) (1.52722, 1.54936) (0.0930489, -1.99618) (-1.56275, 0.479189) (0.0915817, 2.407) (-0.383399, 2.16167) 
(1.55399, -0.358707) (1.46264, 1.54438) (0.156625, -1.98333) (-1.56287, 0.479119) (0.0916072, 2.40696) (-0.383257, 2.16181) 
(1.55518, -0.358352) (1.41355, 1.53869) (0.203919, -1.96231) (-1.56288, 0.479045) (0.091495, 2.40695) (-0.38326, 2.16175) 
(1.55624, -0.358084) (1.36646, 1.53338) (0.253778, -1.92636) (-1.56291, 0.479051) (0.0916439, 2.40699) (-0.383365, 2.16172) 
(1.55802, -0.357069) (1.32406, 1.53163) (0.289913, -1.87803) (-1.56282, 0.479161) (0.0915873, 2.40695) (-0.383278, 2.16178) 
(1.56448, -0.357676) (1.27376, 1.53762) (0.314044, -1.83017) (-1.56284, 0.479145) (0.0915304, 2.40694) (-0.383205, 2.16186) 
(1.56828, -0.359416) (1.22715, 1.55035) (0.327277, -1.79098) (-1.56285, 0.479139) (0.0915904, 2.40695) (-0.383246, 2.16181) 
(1.57042, -0.361152) (1.1781, 1.57268) (0.329521, -1.75912) (-1.56285, 0.47906) (0.0915501, 2.40695) (-0.383308, 2.1617) 
(1.57385, -0.36417) (1.12574, 1.60434) (0.328097, -1.74614) (-1.56281, 0.479041) (0.0915215, 2.40696) (-0.383293, 2.16177) 
(1.57689, -0.369499) (1.06333, 1.64832) (0.324751, -1.74503) (-1.56276, 0.479051) (0.0914382, 2.40689) (-0.38339, 2.16165) 
(1.57723, -0.376284) (1.00559, 1.69356) (0.327323, -1.74964) (-1.56212, 0.479269) (0.0912922, 2.40683) (-0.383268, 2.16175) 
(1.57336, -0.386069) (0.941782, 1.74537) (0.329568, -1.75534) (-1.56243, 0.478837) (0.0913396, 2.40682) (-0.383235, 2.16184) 
(1.56579, -0.39702) (0.892302, 1.7854) (0.324279, -1.75889) (-1.56209, 0.478272) (0.0913017, 2.40683) (-0.383243, 2.16182) 
(1.54506, -0.417556) (0.82829, 1.83245) (0.295645, -1.76353) (-1.56077, 0.478343) (0.0914418, 2.40691) (-0.383193, 2.1618) 
(1.51648, -0.438045) (0.776717, 1.8619) (0.262527, -1.77057) (-1.56015, 0.478793) (0.0913806, 2.4069) (-0.38338, 2.1617) 
(1.49485, -0.459592) (0.73062, 1.8797) (0.22751, -1.78008) (-1.56019, 0.479603) (0.0914555, 2.40689) (-0.383343, 2.1617) 
(1.48429, -0.482177) (0.677219, 1.89097) (0.184407, -1.79283) (-1.56026, 0.479352) (0.0913502, 2.40681) (-0.383356, 2.16168) 
(1.49281, -0.497267) (0.614508, 1.89566) (0.128266, -1.80237) (-1.56051, 0.479004) (0.0913608, 2.40682) (-0.383257, 2.16179) 
(1.50065, -0.501448) (0.570885, 1.89352) (0.0879636, -1.80828) (-1.5606, 0.478682) (0.0913278, 2.40682) (-0.383179, 2.16188) 
(1.50952, -0.498213) (0.513159, 1.88845) (0.039016, -1.81621) (-1.5611, 0.478551) (0.0912918, 2.40682) (-0.383281, 2.16181) 
(1.53338, -0.477983) (0.463323, 1.8831) (-0.0031072, -1.82478) (-1.5608, 0.479168) (0.0913518, 2.40682) (-0.383218, 2.16185) 
(1.56609, -0.442919) (0.416573, 1.87894) (-0.0397684, -1.83298) (-1.56088, 0.479031) (0.0912888, 2.40683) (-0.383309, 2.16177) 
(1.59485, -0.410387) (0.383021, 1.87992) (-0.0617291, -1.84467) (-1.56123, 0.478482) (0.0913087, 2.40683) (-0.383463, 2.16161) 
(1.6189, -0.384369) (0.366209, 1.88731) (-0.0778018, -1.85655) (-1.56125, 0.479018) (0.0912544, 2.40683) (-0.383497, 2.16161) 
(1.64442, -0.355297) (0.352797, 1.90659) (-0.0931698, -1.87251) (-1.56132, 0.478827) (0.0913229, 2.40681) (-0.383514, 2.16157) 
(1.66963, -0.34347) (0.344419, 1.92683) (-0.0987751, -1.89151) (-1.5612, 0.478703) (0.0913162, 2.40683) (-0.383153, 2.16188) 
(1.68553, -0.334423) (0.339252, 1.94545) (-0.0951526, -1.90817) (-1.56115, 0.478676) (0.0913301, 2.40681) (-0.383481, 2.16161) 
(1.69756, -0.323787) (0.334349, 1.9674) (-0.080096, -1.91671) (-1.56155, 0.478994) (0.091311, 2.40684) (-0.383485, 2.16161) 
(1.70495, -0.321047) (0.333529, 1.98468) (-0.0712789, -1.91645) (-1.5613, 0.478723) (0.0913429, 2.40683) (-0.383556, 2.16158) 
(1.71421, -0.320141) (0.332911, 2.00586) (-0.0553279, -1.90816) (-1.56151, 0.47892) (0.0913025, 2.40683) (-0.383547, 2.16159) 
(1.72259, -0.319613) (0.342202, 2.01354) (-0.0401496, -1.89174) (-1.56143, 0.47908) (0.0913394, 2.40681) (-0.383489, 2.16161) 
(1.7277, -0.320938) (0.354454, 2.00807) (-0.0266696, -1.86628) (-1.56129, 0.478834) (0.0913295, 2.40683) (-0.383543, 2.16159) 
(1.72495, -0.324177) (0.368127, 1.99685) (-0.0121733, -1.83545) (-1.56139, 0.479062) (0.0913434, 2.40682) (-0.38373, 2.16158) 
(1.71374, -0.327437) (0.381761, 1.98003) (0.00452933, -1.80383) (-1.56128, 0.479133) (0.0913003, 2.40683) (-0.383843, 2.16182) 
(1.69847, -0.331216) (0.398306, 1.95113) (0.024336, -1.77346) (-1.56128, 0.478861) (0.0913109, 2.40684) (-0.38377, 2.16161) 
(1.68727, -0.330652) (0.412884, 1.91553) (0.0377333, -1.75745) (-1.5613, 0.479016) (0.0912878, 2.40683) (-0.383722, 2.1616) 
(1.68085, -0.328243) (0.428842, 1.85593) (0.0521943, -1.74511) (-1.56137, 0.478755) (0.0913254, 2.40683) (-0.383485, 2.16163) 
(1.67842, -0.32448) (0.444343, 1.78354) (0.0609702, -1.73595) (-1.56132, 0.478693) (0.0914555, 2.40689) (-0.383293, 2.16179) 
(1.67656, -0.321206) (0.461643, 1.69635) (0.0672128, -1.72986) (-1.56135, 0.478642) (0.0915036, 2.40689) (-0.383414, 2.16172) 
(1.67761, -0.323201) (0.483267, 1.59557) (0.0712235, -1.72748) (-1.56138, 0.478633) (0.0915756, 2.40696) (-0.383439, 2.16159) 
(1.68084, -0.329922) (0.502747, 1.48719) (0.0741592, -1.72757) (-1.56135, 0.478664) (0.0915336, 2.40697) (-0.383466, 2.16159) 
(1.68287, -0.338398) (0.51317, 1.38017) (0.0764245, -1.72822) (-1.56136, 0.478657) (0.0915971, 2.407) (-0.382523, 2.16159) 
(1.67769, -0.340787) (0.518842, 1.28349) (0.0778563, -1.72859) (-1.56137, 0.478629) (0.0915254, 2.40697) (-0.383188, 2.16183) 
(1.67386, -0.342929) (0.518967, 1.20374) (0.079456, -1.72968) (-1.56137, 0.478617) (0.0915642, 2.40697) (-0.383358, 2.16174) 
(1.66676, -0.345755) (0.505335, 1.10687) (0.0810771, -1.73142) (-1.5613, 0.478968) (0.0915351, 2.40696) (-0.383264, 2.16181) 
(1.66023, -0.346745) (0.478364, 1.01457) (0.0845056, -1.73262) (-1.56128, 0.479004) (0.0915745, 2.40697) (-0.382944, 2.1619) 
(1.65386, -0.344568) (0.435697, 0.898851) (0.0886841, -1.73436) (-1.56128, 0.478989) (0.0915331, 2.40698) (-0.382854, 2.16156) 
(1.65322, -0.344643) (0.390991, 0.77323) (0.090937, -1.73519) (-1.5613, 0.479002) (0.091542, 2.40697) (-0.382758, 2.16151) 
(1.6539, -0.3445) (0.355656, 0.670271) (0.0944295, -1.73585) (-1.56129, 0.478982) (0.0914931, 2.40695) (-0.382275, 2.16159) 
(1.66183, -0.347756) (0.334465, 0.560301) (0.0965038, -1.73814) (-1.56129, 0.478989) (0.091431, 2.40683) (-0.381613, 2.16153) 
(1.67359, -0.352541) (0.324524, 0.46068) (0.0975744, -1.74091) (-1.56128, 0.478988) (0.0917237, 2.40677) (-0.381453, 2.16148) 
(1.67896, -0.355101) (0.318161, 0.365226) (0.0975521, -1.74144) (-1.5613, 0.478985) (0.0918397, 2.40675) (-0.381862, 2.16145) 
(1.67768, -0.355305) (0.316795, 0.262076) (0.0949862, -1.74214) (-1.56127, 0.478993) (0.091968, 2.40674) (-0.382686, 2.16134) 
(1.67826, -0.357182) (0.320272, 0.121484) (0.0861866, -1.74448) (-1.5613, 0.478987) (0.0918457, 2.40675) (-0.38271, 2.16131) 
(1.67908, -0.359847) (0.326818, -0.0302657) (0.0747342, -1.74817) (-1.56127, 0.478986) (0.0920782, 2.40676) (-0.382647, 2.16133) 
(1.67693, -0.359816) (0.32806, -0.171746) (0.0614411, -1.7523) (-1.56128, 0.478972) (0.091744, 2.40679) (-0.381981, 2.16129) 
(1.67492, -0.357882) (0.323643, -0.279699) (0.0492213, -1.75598) (-1.5613, 0.479001) (0.0918123, 2.40675) (-0.382044, 2.16117) 
(1.67747, -0.35765) (0.316758, -0.357026) (0.0386136, -1.75968) (-1.56127, 0.478986) (0.0920003, 2.40676) (-0.382747, 2.16202) 
(1.67753, -0.357985) (0.308776, -0.418091) (0.0297325, -1.7632) (-1.5613, 0.478995) (0.0976252, 2.40668) (-0.382307, 2.16336) 
(1.6727, -0.357286) (0.303027, -0.460131) (0.0235966, -1.76555) (-1.56129, 0.478985) (0.0950973, 2.40689) (-0.385108, 2.16646) 
(1.6675, -0.354418) (0.297578, -0.489421) (0.0218545, -1.76736) (-1.56129, 0.478969) (0.0967184, 2.40684) (-0.386811, 2.17081) 
(1.66142, -0.347772) (0.290308, -0.503115) (0.0222694, -1.76965) (-1.5613, 0.478988) (0.0973305, 2.40665) (-0.383598, 2.16788) 
(1.65211, -0.341705) (0.282086, -0.512672) (0.0231207, -1.77167) (-1.56129, 0.478968) (0.0973288, 2.40661) (-0.386523, 2.17047) 
(1.64155, -0.33769) (0.27271, -0.516052) (0.025177, -1.77398) (-1.56128, 0.479003) (0.0973294, 2.40659) (-0.384382, 2.17011) 
(1.63015, -0.335517) (0.264467, -0.520347) (0.0300982, -1.78046) (-1.56131, 0.478987) (0.0965992, 2.40675) (-0.38462, 2.16964) 
(1.62091, -0.335466) (0.256389, -0.525545) (0.0377508, -1.80385) (-1.56129, 0.479001) (0.0966379, 2.40675) (-0.384732, 2.16994) 
(1.61464, -0.33652) (0.251321, -0.529276) (0.0444857, -1.85718) (-1.56128, 0.478986) (0.096597, 2.40676) (-0.384525, 2.16936) 
(1.61122, -0.336605) (0.243772, -0.519727) (0.0491539, -1.93797) (-1.56129, 0.479005) (0.096428, 2.40664) (-0.384545, 2.16941) 
(1.61143, -0.336993) (0.235707, -0.497389) (0.0483089, -1.9962) (-1.56129, 0.478993) (0.0965415, 2.40679) (-0.384416, 2.16931) 
(1.61473, -0.33723) (0.22387, -0.447509) (0.0444777, -2.04458) (-1.56129, 0.478998) (0.0973289, 2.40658) (-0.385025, 2.16952) 
(1.62057, -0.335963) (0.203653, -0.378851) (0.0367181, -2.07503) (-1.56128, 0.479007) (0.0973401, 2.40658) (-0.384464, 2.16969) 
(1.62786, -0.334494) (0.187031, -0.273005) (0.0249656, -2.1014) (-1.56129, 0.478982) (0.0973447, 2.40654) (-0.384007, 2.16977) 
(1.63384, -0.333223) (0.18237, -0.159527) (0.0132999, -2.1166) (-1.5613, 0.478998) (0.0973124, 2.4066) (-0.384473, 2.17013) 
(1.64002, -0.332375) (0.184188, -0.0391724) (0.00361019, -2.12238) (-1.56128, 0.47898) (0.0973593, 2.40664) (-0.384791, 2.16979) 
(1.6477, -0.333389) (0.190261, 0.0741325) (-0.00496279, -2.12485) (-1.56128, 0.478983) (0.0972477, 2.40665) (-0.384972, 2.16957) 
(1.65657, -0.337127) (0.204579, 0.190826) (-0.0151456, -2.12799) (-1.5613, 0.478983) (0.0972615, 2.40664) (-0.38548, 2.16957) 
(1.66298, -0.341693) (0.218745, 0.289351) (-0.026369, -2.13066) (-1.56129, 0.478983) (0.0973271, 2.40665) (-0.385869, 2.16925) 
(1.66662, -0.345816) (0.231345, 0.374492) (-0.0434467, -2.13074) (-1.56128, 0.478996) (0.0972614, 2.40666) (-0.385582, 2.16929) 
(1.67022, -0.348449) (0.239528, 0.454449) (-0.0690842, -2.12279) (-1.56129, 0.478969) (0.0972799, 2.40667) (-0.38595, 2.169) 
(1.67506, -0.350952) (0.235855, 0.520431) (-0.110794, -2.11291) (-1.5613, 0.478968) (0.0972975, 2.40665) (-0.386205, 2.16929) 
(1.68009, -0.353409) (0.226427, 0.583644) (-0.168083, -2.08637) (-1.56131, 0.478971) (0.0914438, 2.40662) (-0.38614, 2.16927) 
(1.68339, -0.357281) (0.212385, 0.642751) (-0.232193, -2.01026) (-1.56128, 0.47898) (0.0919463, 2.40692) (-0.384004, 2.16801) 
(1.68544, -0.362142) (0.189019, 0.702696) (-0.317889, -1.92812) (-1.5613, 0.478986) (0.0913371, 2.40668) (-0.381941, 2.16258) 
(1.68734, -0.366058) (0.164543, 0.759638) (-0.396228, -1.86006) (-1.56128, 0.478991) (0.0914539, 2.40655) (-0.380732, 2.15972) 
(1.68925, -0.369579) (0.146825, 0.816018) (-0.470433, -1.77374) (-1.56128, 0.479004) (0.0916509, 2.40671) (-0.381984, 2.16021) 
(1.69173, -0.37131) (0.139339, 0.862247) (-0.53029, -1.68573) (-1.56129, 0.478997) (0.091307, 2.40662) (-0.381712, 2.16178) 
(1.69257, -0.372784) (0.138277, 0.907429) (-0.596615, -1.59444) (-1.56128, 0.478978) (0.0914254, 2.40663) (-0.378692, 2.16067) 
(1.69184, -0.374926) (0.14782, 0.975837) (-0.672357, -1.52217) (-1.56128, 0.478977) (0.091584, 2.40668) (-0.378466, 2.15817) 
(1.69171, -0.375511) (0.163387, 1.03627) (-0.733109, -1.47432) (-1.5613, 0.478989) (0.0914216, 2.40656) (-0.377053, 2.15573) 
(1.69094, -0.375358) (0.187093, 1.09606) (-0.793226, -1.42036) (-1.56129, 0.478979) (0.0914216, 2.40656) (-0.375922, 2.15548) 
(1.68857, -0.373589) (0.224899, 1.17268) (-0.886624, -1.35524) (-1.56129, 0.478998) (0.0914216, 2.40656) (-0.376256, 2.15561) 
(1.68631, -0.370168) (0.260314, 1.24582) (-0.988559, -1.30576) (-1.5613, 0.479001) (0.0914216, 2.40656) (-0.37591, 2.15564) 
(1.68423, -0.366819) (0.293489, 1.31322) (-1.09914, -1.23784) (-1.56128, 0.478996) (0.0914216, 2.40656) (-0.375917, 2.15703) 
(1.68125, -0.364461) (0.319667, 1.36582) (-1.17001, -1.15556) (-1.56128, 0.478996) (0.0914216, 2.40656) (-0.375013, 2.15794) 
(1.67809, -0.362333) (0.33932, 1.40639) (-1.22896, -1.06989) (-1.56131, 0.478952) (0.0914216, 2.40656) (-0.375851, 2.15827) 
(1.67405, -0.360306) (0.357565, 1.44468) (-1.31471, -0.974269) (-1.5613, 0.47897) (0.0914216, 2.40656) (-0.375603, 2.15814) 
(1.67098, -0.358947) (0.36605, 1.46314) (-1.36522, -0.907603) (-1.5613, 0.479001) (0.0914216, 2.40656) (-0.374894, 2.15731) 
(1.66759, -0.356966) (0.37433, 1.48464) (-1.42693, -0.807757) (-1.5613, 0.478948) (0.0914216, 2.40656) (-0.373786, 2.15669) 
(1.66647, -0.353983) (0.381145, 1.50446) (-1.51885, -0.695831) (-1.56131, 0.478955) (0.0914216, 2.40656) (-0.372638, 2.157) 
(1.66805, -0.352141) (0.384878, 1.51407) (-1.5914, -0.639014) (-1.56132, 0.478952) (0.0914216, 2.40656) (-0.371603, 2.15297) 
(1.66983, -0.350239) (0.388206, 1.52069) (-1.6666, -0.574641) (-1.56132, 0.478951) (0.0914216, 2.40656) (-0.37187, 2.15422) 
(1.67341, -0.350192) (0.391054, 1.52632) (-1.77533, -0.489826) (-1.56132, 0.478958) (0.0914216, 2.40656) (-0.373991, 2.15547) 
(1.67773, -0.351292) (0.393477, 1.53131) (-1.89569, -0.387481) (-1.56137, 0.479156) (0.0914216, 2.40656) (-0.374371, 2.1553) 
(1.68212, -0.355126) (0.394288, 1.53403) (-1.97457, -0.298929) (-1.56148, 0.479316) (0.0914216, 2.40656) (-0.37484, 2.15621) 
(1.68668, -0.361957) (0.395536, 1.53497) (-2.0319, -0.216564) (-1.56147, 0.479405) (0.0914216, 2.40656) (-0.37557, 2.15742) 
(1.68952, -0.367552) (0.395787, 1.53525) (-2.06104, -0.1355) (-1.56149, 0.479201) (0.0914216, 2.40656) (-0.375836, 2.15685) 
(1.69329, -0.369959) (0.396011, 1.53498) (-2.09617, -0.0376208) (-1.56149, 0.479265) (0.0914216, 2.40656) (-0.375388, 2.15699) 
(1.69753, -0.369138) (0.396704, 1.53237) (-2.11968, 0.0549769) (-1.56141, 0.479083) (0.0914216, 2.40656) (-0.375331, 2.15721) 
(1.7006, -0.366659) (0.39672, 1.52967) (-2.10127, 0.139669) (-1.56131, 0.478974) (0.0914216, 2.40656) (-0.37555, 2.1571) 
(1.70411, -0.363981) (0.397124, 1.52835) (-2.05599, 0.232819) (-1.56127, 0.478988) (0.0914216, 2.40656) (-0.375329, 2.15742) 
(1.70697, -0.360804) (0.397846, 1.52697) (-2.01549, 0.309296) (-1.56128, 0.478974) (0.0914216, 2.40656) (-0.375278, 2.15736) 
(1.70825, -0.358506) (0.398803, 1.52537) (-1.99352, 0.360583) (-1.56121, 0.478967) (0.0914216, 2.40656) (-0.375552, 2.15743) 
(1.70736, -0.357599) (0.399753, 1.52348) (-1.97307, 0.397646) (-1.56126, 0.478979) (0.0914216, 2.40656) (-0.375364, 2.15734) 
(1.70629, -0.357503) (0.400805, 1.52151) (-1.95586, 0.424498) (-1.56126, 0.478997) (0.0914216, 2.40656) (-0.37533, 2.15739) 
(1.7063, -0.358122) (0.402376, 1.52021) (-1.9538, 0.447447) (-1.5613, 0.478949) (0.0914216, 2.40656) (-0.375447, 2.15706) 
(1.70639, -0.358384) (0.404532, 1.51987) (-1.97206, 0.467254) (-1.56132, 0.478981) (0.0914216, 2.40656) (-0.375319, 2.15703) 
(1.70474, -0.358518) (0.407185, 1.51901) (-2.02507, 0.482021) (-1.56132, 0.478973) (0.0914216, 2.40656) (-0.375344, 2.15685) 
(1.70351, -0.358495) (0.410298, 1.51679) (-2.07004, 0.506558) (-1.56132, 0.478946) (0.0914216, 2.40656) (-0.375349, 2.15685) 
(1.70248, -0.358091) (0.414646, 1.51237) (-2.11705, 0.559684) (-1.56133, 0.478951) (0.0914216, 2.40656) (-0.375365, 2.15679) 
(1.70093, -0.357213) (0.416352, 1.51014) (-2.15092, 0.598372) (-1.56131, 0.478953) (0.0914216, 2.40656) (-0.375487, 2.15671) 
(1.69931, -0.356146) (0.416305, 1.50988) (-2.16864, 0.628725) (-1.56132, 0.478962) (0.0914216, 2.40656) (-0.375425, 2.1569) 
(1.69753, -0.355763) (0.416199, 1.50891) (-2.18715, 0.635397) (-1.56133, 0.478941) (0.0914216, 2.40656) (-0.375342, 2.15699) 
(1.69473, -0.355138) (0.417528, 1.50705) (-2.2137, 0.628026) (-1.56132, 0.478947) (0.0914216, 2.40656) (-0.375416, 2.15694) 
(1.69263, -0.355827) (0.418643, 1.5057) (-2.2433, 0.612915) (-1.56132, 0.478962) (0.0914216, 2.40656) (-0.375243, 2.15728) 
(1.69226, -0.357034) (0.41826, 1.50611) (-2.27589, 0.589848) (-1.56131, 0.478976) (0.0914216, 2.40656) (-0.375123, 2.15734) 
(1.69233, -0.358425) (0.417733, 1.50683) (-2.30752, 0.562526) (-1.56131, 0.478961) (0.0914216, 2.40656) (-0.375141, 2.15741) 
(1.69296, -0.360083) (0.416763, 1.50741) (-2.3426, 0.52653) (-1.56132, 0.478977) (0.0914216, 2.40656) (-0.375227, 2.15737) 
(1.69269, -0.361788) (0.415912, 1.50757) (-2.36751, 0.495703) (-1.56133, 0.478964) (0.0914216, 2.40656) (-0.375168, 2.15758) 
(1.69216, -0.364099) (0.415638, 1.50745) (-2.37632, 0.461039) (-1.56132, 0.47896) (0.0914216, 2.40656) (-0.375141, 2.15748) 
(1.6905, -0.365782) (0.415266, 1.5068) (-2.38676, 0.444617) (-1.56131, 0.478953) (0.0914216, 2.40656) (-0.375182, 2.15739) 
(1.68981, -0.367816) (0.415035, 1.50554) (-2.4029, 0.440337) (-1.56132, 0.47895) (0.0914216, 2.40656) (-0.37515, 2.15726) 
(1.68814, -0.369585) (0.415575, 1.50351) (-2.42006, 0.443802) (-1.56131, 0.478958) (0.0914216, 2.40656) (-0.375185, 2.15715) 
(1.68609, -0.371404) (0.415831, 1.50185) (-2.43276, 0.454612) (-1.56131, 0.478975) (0.0914216, 2.40656) (-0.375095, 2.15705) 
(1.68467, -0.372224) (0.4147, 1.49986) (-2.44044, 0.467883) (-1.56132, 0.478955) (0.0914216, 2.40656) (-0.375059, 2.15678) 
(1.68482, -0.37237) (0.410268, 1.49736) (-2.44218, 0.472565) (-1.56133, 0.478952) (0.0914216, 2.40656) (-0.375269, 2.15668) 
(1.68502, -0.372366) (0.397957, 1.49159) (-2.44823, 0.478842) (-1.56138, 0.478727) (0.0914216, 2.40656) (-0.375232, 2.15666) 
(1.68463, -0.372033) (0.385176, 1.48329) (-2.45045, 0.486039) (-1.56131, 0.478953) (0.0914216, 2.40656) (-0.375392, 2.15675) 
(1.68419, -0.371111) (0.371082, 1.47383) (-2.44981, 0.494463) (-1.56131, 0.478962) (0.0914216, 2.40656) (-0.375485, 2.15693) 
(1.6842, -0.370091) (0.362035, 1.47056) (-2.44861, 0.49949) (-1.56131, 0.478957) (0.0914216, 2.40656) (-0.375426, 2.1568) 
(1.68392, -0.369151) (0.355374, 1.46911) (-2.44536, 0.50359) (-1.56132, 0.478953) (0.0914216, 2.40656) (-0.375132, 2.15704) 
(1.68276, -0.3673) (0.349157, 1.46576) (-2.44381, 0.508366) (-1.56131, 0.478978) (0.0914216, 2.40656) (-0.375, 2.15717) 
(1.68304, -0.365684) (0.340429, 1.46183) (-2.44509, 0.51357) (-1.56131, 0.47896) (0.0914216, 2.40656) (-0.375089, 2.15725) 
(1.68385, -0.364586) (0.332366, 1.45804) (-2.44559, 0.517365) (-1.56134, 0.478954) (0.0914216, 2.40656) (-0.375129, 2.15722) 
(1.68257, -0.363223) (0.328606, 1.45671) (-2.44531, 0.52093) (-1.56132, 0.478964) (0.0914216, 2.40656) (-0.375077, 2.15719) 
(1.68335, -0.361453) (0.327181, 1.45485) (-2.44605, 0.523209) (-1.56131, 0.478965) (0.0914216, 2.40656) (-0.375039, 2.15722) 
(1.68458, -0.359157) (0.328103, 1.4527) (-2.44809, 0.524802) (-1.56131, 0.478963) (0.0914216, 2.40656) (-0.375155, 2.15729) 
(1.68542, -0.355365) (0.327547, 1.45049) (-2.44854, 0.525644) (-1.56131, 0.47896) (0.0914216, 2.40656) (-0.375133, 2.1573) 
(1.6882, -0.351528) (0.327674, 1.44911) (-2.44835, 0.525754) (-1.56132, 0.47896) (0.0914216, 2.40656) (-0.375129, 2.15719) 
(1.69007, -0.347941) (0.328018, 1.44747) (-2.4483, 0.525375) (-1.56132, 0.478959) (0.0914216, 2.40656) (-0.375148, 2.1573) 
(1.6904, -0.34473) (0.327845, 1.44544) (-2.44912, 0.5245) (-1.56133, 0.478963) (0.0914216, 2.40656) (-0.375114, 2.15733) 
(1.68951, -0.342755) (0.327637, 1.44334) (-2.44961, 0.524215) (-1.56133, 0.478955) (0.0914216, 2.40656) (-0.375134, 2.15736) 
(1.6886, -0.341673) (0.328351, 1.44176) (-2.44977, 0.524895) (-1.56132, 0.47896) (0.0914216, 2.40656) (-0.375182, 2.1575) 
(1.68879, -0.341999) (0.328976, 1.44011) (-2.45085, 0.524897) (-1.56134, 0.478932) (0.0914216, 2.40656) (-0.375061, 2.15739) 
(1.68933, -0.343009) (0.329302, 1.43915) (-2.45251, 0.524358) (-1.56133, 0.478965) (0.0914216, 2.40656) (-0.374922, 2.15738) 
(1.69016, -0.344089) (0.329893, 1.43817) (-2.45252, 0.524413) (-1.56132, 0.478952) (0.0914216, 2.40656) (-0.374886, 2.15739) 
(1.69073, -0.34562) (0.330155, 1.43687) (-2.45363, 0.525356) (-1.56132, 0.478941) (0.0914216, 2.40656) (-0.374844, 2.15764) 
(1.69064, -0.346869) (0.329691, 1.43537) (-2.45446, 0.527497) (-1.56132, 0.478953) (0.0914216, 2.40656) (-0.374657, 2.15769) 
(1.68956, -0.349161) (0.327457, 1.43407) (-2.45543, 0.530972) (-1.56131, 0.478942) (0.0914216, 2.40656) (-0.375967, 2.15624) 
(1.68837, -0.351029) (0.324535, 1.43452) (-2.45575, 0.53359) (-1.56136, 0.47895) (0.0914216, 2.40656) (-0.375884, 2.15621) 
(1.6863, -0.354606) (0.319771, 1.43541) (-2.45588, 0.536191) (-1.56134, 0.478955) (0.0914216, 2.40656) (-0.375682, 2.15624) 
(1.68481, -0.35825) (0.315686, 1.43831) (-2.4555, 0.537887) (-1.56132, 0.478959) (0.0914216, 2.40656) (-0.37519, 2.15606) 
(1.68421, -0.360004) (0.311801, 1.44284) (-2.45561, 0.539253) (-1.56132, 0.478966) (0.0914216, 2.40656) (-0.375857, 2.15623) 
(1.68425, -0.361202) (0.309616, 1.44752) (-2.46007, 0.537914) (-1.56132, 0.478949) (0.0914216, 2.40656) (-0.375873, 2.15642) 
