(1.78636, -1.54068) (-2.36757, -1.62642) (0.091535, 2.58344) (-2.27635, 2.01409) (1.89479, 1.99798) (-0.23274, -1.86553) 
(1.78718, -1.54079) (-2.36828, -1.6327) (0.091037, 2.58471) (-2.27637, 2.01408) (1.89478, 1.99797) (-0.232812, -1.86549) 
(1.78836, -1.54112) (-2.36861, -1.63258) (0.0901614, 2.58706) (-2.27637, 2.01408) (1.89478, 1.99797) (-0.232809, -1.86549) 
(1.78903, -1.54031) (-2.36706, -1.63136) (0.0884366, 2.59022) (-2.27924, 2.01718) (1.89475, 1.99801) (-0.232967, -1.87053) 
(1.78899, -1.53877) (-2.36768, -1.62826) (0.0871267, 2.59378) (-2.25279, 1.99664) (1.89149, 1.99424) (-0.232962, -1.83905) 
(1.78865, -1.53749) (-2.36742, -1.62371) (0.0865402, 2.59534) (-2.21231, 1.95742) (1.88872, 1.99109) (-0.232152, -1.80577) 
(1.78918, -1.53645) (-2.3603, -1.60818) (0.0866291, 2.59125) (-2.1522, 1.90316) (1.88128, 1.98207) (-0.234867, -1.76247) 
(1.78964, -1.53583) (-2.34438, -1.58549) (0.0860301, 2.58091) (-2.11742, 1.86698) (1.8772, 1.97445) (-0.238552, -1.73873) 
(1.78597, -1.53331) (-2.32238, -1.55622) (0.0838281, 2.56198) (-2.08019, 1.83406) (1.86763, 1.96753) (-0.244403, -1.71171) 
(1.77798, -1.52686) (-2.29006, -1.5171) (0.0835704, 2.53714) (-2.03937, 1.79506) (1.8578, 1.95549) (-0.250664, -1.67462) 
(1.76965, -1.52117) (-2.25823, -1.47718) (0.0705722, 2.50686) (-2.0042, 1.76178) (1.84486, 1.94566) (-0.257227, -1.64272) 
(1.7582, -1.51497) (-2.21324, -1.41338) (0.0486351, 2.45633) (-1.95759, 1.71668) (1.82663, 1.93016) (-0.26609, -1.60015) 
(1.74992, -1.51057) (-2.1806, -1.35651) (0.0487507, 2.40976) (-1.92174, 1.68291) (1.80724, 1.91469) (-0.27634, -1.56286) 
(1.74187, -1.50705) (-2.14601, -1.2882) (0.0524075, 2.35053) (-1.8862, 1.65047) (1.7879, 1.89657) (-0.287705, -1.5265) 
(1.73329, -1.50717) (-2.09767, -1.20347) (0.0501698, 2.27296) (-1.84323, 1.61026) (1.76512, 1.87531) (-0.304294, -1.48797) 
(1.7271, -1.50963) (-2.05101, -1.14246) (0.0530867, 2.19684) (-1.80479, 1.57401) (1.74816, 1.85535) (-0.319902, -1.44922) 
(1.72354, -1.51397) (-1.99634, -1.0968) (0.0530342, 2.13006) (-1.76864, 1.53755) (1.73476, 1.83262) (-0.333719, -1.40992) 
(1.72156, -1.51909) (-1.93742, -1.05043) (0.0464307, 2.07202) (-1.7321, 1.50365) (1.72684, 1.80996) (-0.348062, -1.36971) 
(1.71917, -1.52364) (-1.87556, -1.00579) (0.0436535, 2.0102) (-1.69991, 1.47037) (1.71854, 1.78487) (-0.357006, -1.3331) 
(1.71252, -1.5279) (-1.78841, -0.956313) (0.029948, 1.93219) (-1.66234, 1.42924) (1.71004, 1.75298) (-0.366513, -1.29062) 
(1.70511, -1.53111) (-1.70567, -0.918537) (0.0118046, 1.86538) (-1.63652, 1.39663) (1.70007, 1.72999) (-0.371081, -1.25845) 
(1.69699, -1.53609) (-1.61189, -0.875275) (-0.0175425, 1.79293) (-1.61323, 1.36601) (1.68614, 1.70281) (-0.375806, -1.22367) 
(1.68744, -1.54034) (-1.53415, -0.821825) (-0.056954, 1.72854) (-1.59097, 1.32895) (1.66789, 1.67555) (-0.380689, -1.19036) 
(1.67859, -1.54432) (-1.47676, -0.765838) (-0.0944582, 1.66146) (-1.57421, 1.29795) (1.6464, 1.65061) (-0.383814, -1.16127) 
(1.66681, -1.55079) (-1.41352, -0.698591) (-0.119224, 1.59002) (-1.54922, 1.26535) (1.61767, 1.61932) (-0.388459, -1.12901) 
(1.65675, -1.55488) (-1.35766, -0.639169) (-0.121925, 1.52674) (-1.52719, 1.24643) (1.58819, 1.58788) (-0.392656, -1.10034) 
(1.64328, -1.55717) (-1.29783, -0.570768) (-0.115445, 1.45662) (-1.49795, 1.22773) (1.55913, 1.55459) (-0.395582, -1.07029) 
(1.62563, -1.5566) (-1.23239, -0.485143) (-0.106315, 1.37094) (-1.47009, 1.21238) (1.52777, 1.51558) (-0.396972, -1.03487) 
(1.61006, -1.55219) (-1.17288, -0.409863) (-0.0900236, 1.29487) (-1.4375, 1.19915) (1.49799, 1.48024) (-0.399498, -0.997796) 
(1.6013, -1.54183) (-1.10746, -0.364593) (-0.0713013, 1.23726) (-1.41023, 1.18438) (1.47411, 1.45163) (-0.403032, -0.966855) 
(1.5992, -1.52889) (-1.04916, -0.327427) (-0.0599775, 1.17944) (-1.38472, 1.16834) (1.44763, 1.42198) (-0.41113, -0.941679) 
(1.59466, -1.50773) (-0.984675, -0.288112) (-0.0606133, 1.13077) (-1.35652, 1.14327) (1.41994, 1.39519) (-0.42232, -0.906238) 
(1.58773, -1.47893) (-0.932438, -0.268095) (-0.0666348, 1.10371) (-1.33473, 1.11968) (1.3939, 1.37635) (-0.430181, -0.870935) 
(1.58048, -1.44245) (-0.876303, -0.249988) (-0.0754308, 1.08847) (-1.30865, 1.09552) (1.35787, 1.35733) (-0.438268, -0.833839) 
(1.57718, -1.39494) (-0.808692, -0.2186) (-0.0915056, 1.08424) (-1.28048, 1.06818) (1.31797, 1.33703) (-0.44346, -0.79704) 
(1.5745, -1.35078) (-0.759096, -0.179434) (-0.108083, 1.08573) (-1.25185, 1.05052) (1.28109, 1.32119) (-0.447079, -0.770371) 
(1.5677, -1.31128) (-0.723302, -0.132515) (-0.125158, 1.08835) (-1.22882, 1.03381) (1.2482, 1.30618) (-0.451555, -0.74228) 
(1.55779, -1.27223) (-0.695228, -0.0733232) (-0.156868, 1.10056) (-1.2075, 1.01957) (1.21755, 1.28993) (-0.456953, -0.715198) 
(1.53462, -1.23267) (-0.654964, -0.0129082) (-0.2151, 1.13939) (-1.18204, 0.995801) (1.18008, 1.26147) (-0.459007, -0.682474) 
(1.50848, -1.20283) (-0.614278, 0.0176944) (-0.275395, 1.19215) (-1.16859, 0.977033) (1.15985, 1.23494) (-0.457057, -0.664928) 
(1.48509, -1.18014) (-0.577616, 0.030833) (-0.324214, 1.23974) (-1.15802, 0.961613) (1.14566, 1.21313) (-0.450999, -0.646333) 
(1.43708, -1.14441) (-0.49129, 0.0479634) (-0.41013, 1.32687) (-1.1372, 0.935063) (1.12995, 1.16977) (-0.440195, -0.61006) 
(1.39399, -1.11975) (-0.406962, 0.0629047) (-0.478338, 1.37839) (-1.12151, 0.916163) (1.11692, 1.13848) (-0.434103, -0.585478) 
(1.34781, -1.09961) (-0.307347, 0.0872366) (-0.53531, 1.40025) (-1.10486, 0.906913) (1.1123, 1.11517) (-0.429959, -0.571282) 
(1.29939, -1.08009) (-0.200925, 0.12841) (-0.596336, 1.40905) (-1.08362, 0.89998) (1.09751, 1.08664) (-0.429938, -0.551718) 
(1.25978, -1.0618) (-0.133709, 0.178327) (-0.655469, 1.40535) (-1.06616, 0.897686) (1.08613, 1.06841) (-0.429399, -0.533328) 
(1.2165, -1.0346) (-0.0800989, 0.244338) (-0.723736, 1.38607) (-1.04357, 0.897663) (1.07181, 1.0506) (-0.425665, -0.509354) 
(1.17312, -0.996753) (-0.0346389, 0.324389) (-0.793502, 1.35095) (-1.02, 0.898175) (1.05557, 1.03836) (-0.416991, -0.484262) 
(1.12937, -0.95592) (7.56753e-05, 0.414261) (-0.853369, 1.30886) (-0.996274, 0.896652) (1.04546, 1.02898) (-0.404185, -0.45867) 
(1.07672, -0.89805) (0.0369172, 0.537017) (-0.910177, 1.25811) (-0.967113, 0.895041) (1.02775, 1.02378) (-0.388652, -0.441269) 
(1.03423, -0.835415) (0.0685201, 0.651679) (-0.948613, 1.22175) (-0.94851, 0.890038) (1.01206, 1.02075) (-0.379207, -0.430304) 
(0.985229, -0.76062) (0.114535, 0.756801) (-0.992101, 1.19285) (-0.928195, 0.879391) (0.99182, 1.02488) (-0.368353, -0.408201) 
(0.943338, -0.703585) (0.158209, 0.826299) (-1.03129, 1.16395) (-0.917872, 0.867256) (0.971925, 1.0178) (-0.365038, -0.390699) 
(0.898125, -0.650219) (0.208419, 0.887984) (-1.08171, 1.1264) (-0.905566, 0.855467) (0.952118, 1.01616) (-0.366315, -0.381299) 
(0.83833, -0.589845) (0.281319, 0.964079) (-1.15084, 1.08324) (-0.896088, 0.838589) (0.930959, 1.00248) (-0.368878, -0.368928) 
(0.786284, -0.539188) (0.353816, 1.02563) (-1.21225, 1.05395) (-0.886161, 0.82162) (0.914555, 0.993981) (-0.371414, -0.353345) 
(0.712887, -0.474146) (0.455117, 1.10214) (-1.29082, 1.00924) (-0.878744, 0.800575) (0.898408, 0.978503) (-0.372033, -0.333654) 
(0.655904, -0.429368) (0.517333, 1.15437) (-1.32951, 0.975869) (-0.872695, 0.789003) (0.884392, 0.961503) (-0.372548, -0.325934) 
(0.587162, -0.376089) (0.572992, 1.21506) (-1.3543, 0.920436) (-0.865924, 0.773238) (0.871395, 0.940586) (-0.369002, -0.314898) 
(0.532808, -0.333065) (0.622649, 1.26252) (-1.36306, 0.869169) (-0.864491, 0.763859) (0.864518, 0.926681) (-0.367025, -0.303869) 
(0.46227, -0.258286) (0.712324, 1.33754) (-1.35664, 0.783656) (-0.865036, 0.743205) (0.857434, 0.902213) (-0.364608, -0.288687) 
(0.419229, -0.208485) (0.774214, 1.38924) (-1.33276, 0.72622) (-0.86857, 0.727905) (0.854828, 0.881969) (-0.36278, -0.284456) 
(0.358762, -0.139104) (0.877777, 1.47138) (-1.27722, 0.653596) (-0.874381, 0.709321) (0.85621, 0.856839) (-0.363602, -0.274718) 
(0.310813, -0.080314) (0.955464, 1.52527) (-1.23085, 0.599433) (-0.876089, 0.693313) (0.859375, 0.842354) (-0.364282, -0.266149) 
(0.255641, -0.00821179) (1.03639, 1.55612) (-1.18744, 0.543487) (-0.876899, 0.675952) (0.866761, 0.830104) (-0.36396, -0.256713) 
(0.207398, 0.0489226) (1.10284, 1.58241) (-1.15927, 0.494079) (-0.86927, 0.661347) (0.866378, 0.816583) (-0.362762, -0.24853) 
(0.149655, 0.111099) (1.18992, 1.61055) (-1.13225, 0.428629) (-0.862251, 0.6446) (0.867337, 0.797445) (-0.361304, -0.239251) 
(0.0864926, 0.164468) (1.28111, 1.62809) (-1.11015, 0.347524) (-0.850771, 0.631395) (0.865788, 0.780433) (-0.359631, -0.227307) 
(0.0196297, 0.214718) (1.38315, 1.63901) (-1.10116, 0.252756) (-0.839459, 0.620325) (0.85626, 0.761845) (-0.353977, -0.211965) 
(-0.0461593, 0.255378) (1.47781, 1.64543) (-1.09962, 0.157362) (-0.828189, 0.611525) (0.846168, 0.738729) (-0.346354, -0.195193) 
(-0.131483, 0.297693) (1.58061, 1.67022) (-1.10161, 0.0457666) (-0.81614, 0.606982) (0.834644, 0.711316) (-0.336505, -0.17877) 
(-0.201825, 0.338264) (1.65009, 1.70372) (-1.09321, -0.0378494) (-0.800718, 0.600324) (0.829516, 0.687413) (-0.327293, -0.168361) 
(-0.275687, 0.393022) (1.7243, 1.73632) (-1.05349, -0.116435) (-0.785383, 0.59202) (0.826273, 0.652631) (-0.31874, -0.160495) 
(-0.334789, 0.447783) (1.7868, 1.76176) (-1.01338, -0.173119) (-0.774601, 0.583138) (0.825398, 0.62291) (-0.309748, -0.152213) 
(-0.39548, 0.512972) (1.84819, 1.7912) (-0.965648, -0.24375) (-0.763821, 0.567773) (0.823137, 0.591713) (-0.298332, -0.140486) 
(-0.451457, 0.588585) (1.91054, 1.82278) (-0.910761, -0.316384) (-0.751432, 0.555881) (0.819084, 0.557471) (-0.28676, -0.13122) 
(-0.504658, 0.677977) (1.96313, 1.85407) (-0.842771, -0.382269) (-0.740574, 0.54274) (0.811534, 0.523767) (-0.277758, -0.123079) 
(-0.558333, 0.77553) (1.99917, 1.87468) (-0.766699, -0.444364) (-0.733491, 0.527097) (0.798686, 0.483614) (-0.268885, -0.111497) 
(-0.596955, 0.848648) (2.01225, 1.89077) (-0.717486, -0.496808) (-0.726807, 0.509114) (0.782498, 0.447684) (-0.263099, -0.0972577) 
(-0.648623, 0.926195) (2.02255, 1.90778) (-0.672733, -0.578168) (-0.72392, 0.488901) (0.765459, 0.401104) (-0.259597, -0.0781278) 
(-0.686472, 0.972405) (2.02452, 1.91543) (-0.650424, -0.626414) (-0.72332, 0.476127) (0.754018, 0.374288) (-0.257226, -0.0671386) 
(-0.780335, 1.05863) (2.01533, 1.92289) (-0.602561, -0.732033) (-0.726548, 0.450237) (0.729154, 0.32456) (-0.256108, -0.0431416) 
(-0.862202, 1.1168) (2.02215, 1.93659) (-0.579743, -0.824536) (-0.733111, 0.430773) (0.709464, 0.288183) (-0.254709, -0.0223237) 
(-0.941676, 1.17009) (2.04093, 1.94818) (-0.575156, -0.920977) (-0.741075, 0.414339) (0.689829, 0.255513) (-0.250627, 0.000282759) 
(-1.01813, 1.22227) (2.0707, 1.96279) (-0.565496, -1.01377) (-0.747314, 0.391519) (0.667117, 0.220107) (-0.24672, 0.032336) 
(-1.10497, 1.29043) (2.11689, 1.97847) (-0.537253, -1.11517) (-0.758201, 0.359698) (0.637329, 0.178135) (-0.237031, 0.0675172) 
(-1.17152, 1.34681) (2.15609, 1.98702) (-0.492478, -1.17637) (-0.764681, 0.333312) (0.611986, 0.146085) (-0.22893, 0.098842) 
(-1.24057, 1.40631) (2.19232, 1.99199) (-0.446861, -1.22407) (-0.770109, 0.3043) (0.583001, 0.113155) (-0.221107, 0.128314) 
(-1.32309, 1.48405) (2.22354, 2.00012) (-0.392763, -1.28761) (-0.776432, 0.268636) (0.546366, 0.0690439) (-0.214027, 0.168096) 
(-1.39596, 1.561) (2.24254, 2.0152) (-0.338461, -1.34564) (-0.780229, 0.242795) (0.510123, 0.0297467) (-0.210803, 0.204714) 
(-1.47082, 1.63425) (2.25609, 2.03566) (-0.277025, -1.39743) (-0.779028, 0.217541) (0.47292, -0.0139304) (-0.209495, 0.251116) 
(-1.53994, 1.68353) (2.26242, 2.05599) (-0.218329, -1.43736) (-0.77265, 0.196464) (0.441022, -0.0512596) (-0.207136, 0.293967) 
(-1.61676, 1.72927) (2.26121, 2.07899) (-0.168959, -1.46891) (-0.766703, 0.178704) (0.404052, -0.0941878) (-0.204029, 0.346111) 
(-1.68848, 1.77095) (2.25083, 2.09614) (-0.139785, -1.49834) (-0.752671, 0.163545) (0.371386, -0.132225) (-0.198669, 0.395408) 
(-1.75175, 1.80506) (2.24287, 2.10833) (-0.115899, -1.50731) (-0.745172, 0.151251) (0.347235, -0.161308) (-0.193459, 0.436383) 
(-1.83688, 1.84172) (2.2346, 2.12101) (-0.0840704, -1.51262) (-0.726538, 0.139302) (0.313195, -0.194503) (-0.184915, 0.490873) 
(-1.90573, 1.86875) (2.226, 2.12777) (-0.065556, -1.52461) (-0.711357, 0.130011) (0.287457, -0.222552) (-0.177778, 0.53294) 
(-1.96946, 1.90826) (2.22399, 2.13694) (-0.0517384, -1.55114) (-0.690663, 0.122729) (0.253657, -0.247944) (-0.170597, 0.587683) 
(-2.01917, 1.94987) (2.22519, 2.14162) (-0.0361264, -1.57712) (-0.668919, 0.111166) (0.218352, -0.272841) (-0.162942, 0.640626) 
(-2.07183, 1.99169) (2.22681, 2.14429) (-0.0361613, -1.61673) (-0.64365, 0.10075) (0.178599, -0.296682) (-0.156925, 0.693272) 
(-2.12326, 2.02942) (2.22648, 2.14517) (-0.0553051, -1.63794) (-0.617507, 0.0876645) (0.135904, -0.31944) (-0.153065, 0.743067) 
(-2.166, 2.06681) (2.22783, 2.14586) (-0.084461, -1.65807) (-0.595051, 0.0764162) (0.096262, -0.338914) (-0.147761, 0.791876) 
(-2.20523, 2.10726) (2.22832, 2.14304) (-0.120879, -1.6812) (-0.566115, 0.0638228) (0.051106, -0.363074) (-0.141449, 0.849057) 
(-2.24086, 2.14358) (2.2276, 2.13876) (-0.152651, -1.6966) (-0.538082, 0.0540548) (0.00503818, -0.387217) (-0.13556, 0.904534) 
(-2.2792, 2.17787) (2.22639, 2.13548) (-0.190998, -1.70803) (-0.506278, 0.0429563) (-0.0427309, -0.413575) (-0.129103, 0.960507) 
(-2.31455, 2.19931) (2.22527, 2.13446) (-0.230066, -1.71935) (-0.479767, 0.0339552) (-0.0843907, -0.436945) (-0.12139, 1.00701) 
(-2.35299, 2.21315) (2.22432, 2.1344) (-0.267777, -1.73837) (-0.451446, 0.02686) (-0.128869, -0.462307) (-0.114775, 1.05874) 
(-2.38534, 2.22211) (2.22353, 2.13467) (-0.296794, -1.7522) (-0.424951, 0.0192514) (-0.178674, -0.490628) (-0.107665, 1.11315) 
(-2.41146, 2.22433) (2.2242, 2.13542) (-0.322799, -1.75378) (-0.397063, 0.0124207) (-0.229189, -0.518947) (-0.101934, 1.16877) 
(-2.43022, 2.22022) (2.22614, 2.13755) (-0.344538, -1.74777) (-0.36914, 0.00636131) (-0.280548, -0.5482) (-0.0948884, 1.22606) 
(-2.44167, 2.21584) (2.2266, 2.13872) (-0.351748, -1.74543) (-0.343017, -0.00191521) (-0.331093, -0.577849) (-0.0872042, 1.28424) 
(-2.45093, 2.21889) (2.22554, 2.13909) (-0.344646, -1.75609) (-0.324945, -0.0113103) (-0.379942, -0.606712) (-0.0825906, 1.3432) 
(-2.45972, 2.22661) (2.22509, 2.13947) (-0.331371, -1.76901) (-0.305983, -0.0243159) (-0.429784, -0.635207) (-0.077588, 1.39864) 
(-2.4674, 2.23646) (2.22542, 2.13979) (-0.313753, -1.77537) (-0.296819, -0.0389723) (-0.48367, -0.666379) (-0.0726438, 1.4574) 
(-2.4755, 2.25045) (2.22667, 2.14046) (-0.297381, -1.77704) (-0.285908, -0.0559135) (-0.531986, -0.692641) (-0.0658279, 1.51123) 
(-2.48391, 2.26746) (2.22801, 2.14066) (-0.283008, -1.78041) (-0.28129, -0.0712547) (-0.575551, -0.717812) (-0.0599714, 1.56067) 
(-2.49386, 2.28969) (2.2286, 2.14081) (-0.269992, -1.78163) (-0.277447, -0.0892219) (-0.624484, -0.74455) (-0.0536073, 1.61468) 
(-2.5036, 2.31068) (2.22869, 2.14121) (-0.259891, -1.78295) (-0.270783, -0.108855) (-0.673553, -0.772408) (-0.0464847, 1.67147) 
(-2.51161, 2.32591) (2.22881, 2.14114) (-0.253282, -1.78589) (-0.263985, -0.128346) (-0.722525, -0.801138) (-0.0392152, 1.72788) 
(-2.51132, 2.33374) (2.22757, 2.14004) (-0.248912, -1.78498) (-0.249662, -0.155326) (-0.776812, -0.832882) (-0.0312708, 1.78873) 
(-2.50478, 2.33609) (2.22638, 2.13843) (-0.246907, -1.77868) (-0.238212, -0.174588) (-0.814565, -0.853904) (-0.0260813, 1.8309) 
(-2.49039, 2.33517) (2.22597, 2.13639) (-0.247245, -1.76933) (-0.219565, -0.208693) (-0.873454, -0.887572) (-0.0174602, 1.89894) 
(-2.47646, 2.32777) (2.22541, 2.13517) (-0.253076, -1.76521) (-0.200551, -0.237048) (-0.923671, -0.916021) (-0.0102846, 1.95812) 
(-2.4613, 2.31389) (2.2245, 2.13451) (-0.261202, -1.76067) (-0.181375, -0.267721) (-0.975657, -0.944725) (-0.00286307, 2.01816) 
(-2.44299, 2.29582) (2.22436, 2.13483) (-0.267713, -1.75794) (-0.157026, -0.303307) (-1.03014, -0.974674) (0.00407561, 2.07952) 
(-2.42734, 2.28036) (2.2248, 2.13416) (-0.271002, -1.75742) (-0.135198, -0.333264) (-1.07454, -1.00157) (0.0102627, 2.13222) 
(-2.41311, 2.26534) (2.22717, 2.13384) (-0.274617, -1.75834) (-0.10822, -0.367559) (-1.12392, -1.03112) (0.0167573, 2.1852) 
(-2.40013, 2.25226) (2.22949, 2.13507) (-0.276354, -1.76451) (-0.0782192, -0.401571) (-1.17807, -1.06496) (0.0224133, 2.24311) 
(-2.39172, 2.23858) (2.23022, 2.13547) (-0.274741, -1.77497) (-0.0549018, -0.424337) (-1.2254, -1.09394) (0.0277785, 2.28711) 
(-2.38758, 2.2226) (2.23149, 2.13642) (-0.276175, -1.78636) (-0.0253983, -0.450458) (-1.28162, -1.12724) (0.0334325, 2.34108) 
(-2.38909, 2.20917) (2.23236, 2.13702) (-0.27968, -1.79289) (-0.0037112, -0.468562) (-1.3201, -1.1491) (0.0352299, 2.35583) 
(-2.39647, 2.18853) (2.23336, 2.13758) (-0.286319, -1.80166) (0.0321729, -0.494506) (-1.37864, -1.18374) (0.0346163, 2.35064) 
(-2.40522, 2.16902) (2.23321, 2.1373) (-0.291696, -1.80988) (0.0703787, -0.521731) (-1.43248, -1.21446) (0.0337845, 2.34539) 
(-2.41525, 2.15543) (2.23473, 2.13711) (-0.296823, -1.81802) (0.104648, -0.543257) (-1.48026, -1.2397) (0.034389, 2.34918) 
(-2.42596, 2.14011) (2.236, 2.13735) (-0.301777, -1.82574) (0.15011, -0.572595) (-1.53685, -1.27111) (0.0349181, 2.35369) 
(-2.43582, 2.12255) (2.23654, 2.13782) (-0.303658, -1.82805) (0.191572, -0.598937) (-1.58779, -1.30001) (0.0347151, 2.35271) 
(-2.44493, 2.1069) (2.2377, 2.13863) (-0.300549, -1.82759) (0.233472, -0.626265) (-1.6333, -1.32695) (0.0348485, 2.35287) 
(-2.4552, 2.09182) (2.23841, 2.14038) (-0.291119, -1.82718) (0.281048, -0.658123) (-1.68955, -1.35894) (0.0348807, 2.35308) 
(-2.46016, 2.08618) (2.23777, 2.14107) (-0.283286, -1.8287) (0.322538, -0.685112) (-1.73684, -1.38594) (0.0347255, 2.35299) 
(-2.4603, 2.0835) (2.23762, 2.14104) (-0.274941, -1.83459) (0.371201, -0.716311) (-1.79276, -1.41939) (0.034759, 2.353) 
(-2.45693, 2.08094) (2.23696, 2.1408) (-0.267585, -1.84444) (0.413011, -0.74207) (-1.83634, -1.44372) (0.0348635, 2.35301) 
(-2.45328, 2.07747) (2.23658, 2.141) (-0.259469, -1.85825) (0.459599, -0.770769) (-1.8836, -1.4717) (0.0348066, 2.353) 
(-2.45014, 2.07936) (2.23601, 2.14068) (-0.254634, -1.86907) (0.50699, -0.799316) (-1.92754, -1.49598) (0.0347787, 2.35299) 
(-2.44767, 2.08164) (2.23542, 2.14018) (-0.252146, -1.87529) (0.549838, -0.825146) (-1.96744, -1.51859) (0.0347955, 2.353) 
(-2.44256, 2.0846) (2.23569, 2.13977) (-0.247509, -1.8787) (0.604579, -0.858516) (-1.98937, -1.53123) (0.0348034, 2.35298) 
(-2.43595, 2.08587) (2.23653, 2.13932) (-0.244297, -1.87836) (0.649458, -0.886454) (-1.98572, -1.52945) (0.0347881, 2.35298) 
(-2.42949, 2.08702) (2.23667, 2.13823) (-0.242206, -1.87738) (0.698373, -0.915622) (-1.9837, -1.52771) (0.034818, 2.353) 
(-2.4253, 2.08822) (2.23559, 2.13609) (-0.241367, -1.87762) (0.749703, -0.946911) (-1.98749, -1.52997) (0.0347876, 2.35298) 
(-2.4254, 2.08764) (2.23553, 2.13466) (-0.241668, -1.87803) (0.791891, -0.972914) (-1.98587, -1.52934) (0.0348221, 2.35297) 
(-2.42492, 2.08887) (2.23607, 2.13422) (-0.24157, -1.87613) (0.835339, -1.00049) (-1.98645, -1.52962) (0.0348469, 2.35297) 
(-2.42266, 2.09399) (2.23685, 2.13393) (-0.243486, -1.87373) (0.887793, -1.03224) (-1.98593, -1.52939) (0.034798, 2.35296) 
(-2.4191, 2.09825) (2.23697, 2.13309) (-0.255284, -1.88857) (0.936425, -1.06101) (-1.98632, -1.52948) (0.0348306, 2.35297) 
(-2.41662, 2.09914) (2.23702, 2.13204) (-0.278528, -1.9167) (0.991166, -1.09254) (-1.98614, -1.52955) (0.0348184, 2.35298) 
(-2.41467, 2.10008) (2.23711, 2.13165) (-0.289844, -1.92828) (1.03621, -1.1187) (-1.98617, -1.52948) (0.0347883, 2.35297) 
(-2.41353, 2.10262) (2.2367, 2.13086) (-0.292545, -1.92813) (1.08407, -1.14639) (-1.98619, -1.52945) (0.0348069, 2.35297) 
(-2.41253, 2.10482) (2.23591, 2.12977) (-0.289566, -1.92306) (1.13247, -1.17324) (-1.98604, -1.52951) (0.0348034, 2.35297) 
(-2.41096, 2.10478) (2.23632, 2.12959) (-0.285617, -1.91808) (1.18087, -1.20056) (-1.98617, -1.5295) (0.0348202, 2.35297) 
(-2.4102, 2.10525) (2.23756, 2.13014) (-0.291455, -1.90763) (1.22916, -1.22772) (-1.9861, -1.52946) (0.0348201, 2.35296) 
(-2.41017, 2.10701) (2.23926, 2.13034) (-0.298437, -1.89994) (1.27766, -1.25476) (-1.9861, -1.52949) (0.034832, 2.35297) 
(-2.40999, 2.10929) (2.24052, 2.13015) (-0.303773, -1.8953) (1.32276, -1.27955) (-1.98615, -1.52948) (0.0348041, 2.35296) 
(-2.41011, 2.11173) (2.24176, 2.13009) (-0.309691, -1.89145) (1.37584, -1.30905) (-1.98607, -1.52949) (0.0348229, 2.35296) 
(-2.40922, 2.11447) (2.24244, 2.1301) (-0.315326, -1.88918) (1.42572, -1.33617) (-1.9861, -1.52947) (0.0348241, 2.35295) 
(-2.40728, 2.11589) (2.24286, 2.13063) (-0.319366, -1.88514) (1.47082, -1.36004) (-1.98613, -1.52947) (0.0348015, 2.35296) 
(-2.40468, 2.11593) (2.24192, 2.13087) (-0.322151, -1.87684) (1.52418, -1.38765) (-1.98608, -1.52949) (0.0348248, 2.35297) 
(-2.40272, 2.11756) (2.24115, 2.13107) (-0.316532, -1.87212) (1.56913, -1.41009) (-1.98609, -1.52947) (0.0348232, 2.35297) 
(-2.40076, 2.11723) (2.2414, 2.13172) (-0.295731, -1.87074) (1.62255, -1.43748) (-1.9861, -1.52946) (0.0348233, 2.35295) 
(-2.39898, 2.11568) (2.24121, 2.13193) (-0.273836, -1.87135) (1.66825, -1.45889) (-1.98608, -1.52947) (0.0348442, 2.35294) 
(-2.39737, 2.11445) (2.24094, 2.13194) (-0.255053, -1.87175) (1.71602, -1.48241) (-1.9861, -1.52947) (0.0348086, 2.35296) 
(-2.39587, 2.11252) (2.24117, 2.1325) (-0.244338, -1.87222) (1.76869, -1.50598) (-1.98609, -1.52946) (0.0347951, 2.35294) 
(-2.3945, 2.11151) (2.24236, 2.13369) (-0.241749, -1.87355) (1.80956, -1.52385) (-1.98608, -1.52946) (0.0348074, 2.35295) 
(-2.39109, 2.11372) (2.24381, 2.13551) (-0.243289, -1.8754) (1.85407, -1.54374) (-1.98611, -1.52946) (0.0348139, 2.35295) 
