(2.54883, 1.97765) (-2.7744, 1.03109) (2.37001, -1.8055) (-2.2533, 1.9804) (-3.1755, 2.36235) (-1.9994, -1.64547) 
(2.54886, 1.97794) (-2.7744, 1.03109) (2.37136, -1.80443) (-2.25328, 1.98041) (-3.1755, 2.36235) (-1.99941, -1.64547) 
(2.54847, 1.98041) (-2.7744, 1.03109) (2.36868, -1.80956) (-2.24856, 1.98071) (-3.1755, 2.36235) (-1.99844, -1.64612) 
(2.54812, 1.98306) (-2.7744, 1.03109) (2.37015, -1.81562) (-2.19394, 1.9816) (-3.1755, 2.36235) (-1.95702, -1.64907) 
(2.54713, 1.98495) (-2.7744, 1.03109) (2.37058, -1.81687) (-2.1634, 1.97522) (-3.1755, 2.36235) (-1.9173, -1.65145) 
(2.536, 1.98332) (-2.7744, 1.03109) (2.36335, -1.81416) (-2.0975, 1.97827) (-3.1755, 2.36235) (-1.82193, -1.64331) 
(2.51772, 1.97806) (-2.7744, 1.03109) (2.35112, -1.8059) (-2.05472, 1.9811) (-3.1755, 2.36235) (-1.78145, -1.64667) 
(2.48296, 1.97484) (-2.7744, 1.03109) (2.33313, -1.79057) (-2.00164, 1.98374) (-3.1755, 2.36235) (-1.73597, -1.64616) 
(2.42873, 1.97749) (-2.7744, 1.03109) (2.31011, -1.76991) (-1.94594, 1.98564) (-3.1755, 2.36235) (-1.68523, -1.64547) 
(2.36638, 1.98245) (-2.7744, 1.03109) (2.28222, -1.75401) (-1.89664, 1.98725) (-3.1755, 2.36235) (-1.63732, -1.64599) 
(2.26622, 1.99632) (-2.7744, 1.03109) (2.24469, -1.7486) (-1.83667, 1.98888) (-3.1755, 2.36235) (-1.57479, -1.6445) 
(2.18017, 2.01007) (-2.7744, 1.03109) (2.21283, -1.75144) (-1.79272, 1.9911) (-3.1755, 2.36235) (-1.52967, -1.64378) 
(2.07421, 2.02067) (-2.7744, 1.03109) (2.16667, -1.76255) (-1.73985, 1.99144) (-3.1755, 2.36235) (-1.4746, -1.64322) 
(1.96885, 2.02108) (-2.7744, 1.03109) (2.11406, -1.78601) (-1.68363, 1.99111) (-3.1755, 2.36235) (-1.41393, -1.64325) 
(1.91613, 2.01861) (-2.7744, 1.03109) (2.08526, -1.80041) (-1.65243, 1.99238) (-3.1755, 2.36235) (-1.38049, -1.64302) 
(1.84037, 2.01428) (-2.7744, 1.03109) (2.04155, -1.8192) (-1.60867, 1.99109) (-3.1755, 2.36235) (-1.33256, -1.64324) 
(1.69467, 2.00175) (-2.7744, 1.03109) (1.96, -1.83968) (-1.52786, 1.99448) (-3.1755, 2.36235) (-1.25078, -1.64283) 
(1.57305, 1.98614) (-2.7744, 1.03109) (1.88508, -1.84399) (-1.46354, 1.99658) (-3.1755, 2.36235) (-1.18805, -1.6423) 
(1.47936, 1.97727) (-2.7744, 1.03109) (1.82538, -1.8428) (-1.41325, 1.99852) (-3.1755, 2.36235) (-1.1368, -1.64188) 
(1.37634, 1.97833) (-2.7744, 1.03109) (1.7539, -1.84105) (-1.35434, 2.00077) (-3.1755, 2.36235) (-1.07528, -1.64161) 
(1.29037, 1.98373) (-2.7744, 1.03109) (1.68646, -1.83632) (-1.30428, 2.0024) (-3.1755, 2.36235) (-1.02489, -1.642) 
(1.18976, 1.99151) (-2.7744, 1.03109) (1.60168, -1.82698) (-1.25052, 2.00326) (-3.1755, 2.36235) (-0.969581, -1.6415) 
(1.07006, 2.01083) (-2.7744, 1.03109) (1.52152, -1.81766) (-1.19205, 2.00612) (-3.1755, 2.36235) (-0.910877, -1.64265) 
(0.963966, 2.03873) (-2.7744, 1.03109) (1.44903, -1.82027) (-1.15627, 2.00828) (-3.1755, 2.36235) (-0.860757, -1.64222) 
(0.89595, 2.0616) (-2.7744, 1.03109) (1.40402, -1.8252) (-1.13026, 2.01568) (-3.1755, 2.36235) (-0.826539, -1.64007) 
(0.777739, 2.09642) (-2.7744, 1.03109) (1.32883, -1.83127) (-1.07609, 2.02598) (-3.1755, 2.36235) (-0.786714, -1.63736) 
(0.639049, 2.11442) (-2.7744, 1.03109) (1.23738, -1.8383) (-1.02081, 2.03568) (-3.1755, 2.36235) (-0.732878, -1.62126) 
(0.533925, 2.11831) (-2.7744, 1.03109) (1.1566, -1.85192) (-0.97274, 2.03177) (-3.1755, 2.36235) (-0.686888, -1.60057) 
(0.449709, 2.1125) (-2.7744, 1.03109) (1.08086, -1.87145) (-0.940162, 2.02342) (-3.1755, 2.36235) (-0.646601, -1.58055) 
(0.363472, 2.10063) (-2.7744, 1.03109) (1.01479, -1.89108) (-0.907474, 2.00998) (-3.1755, 2.36235) (-0.60162, -1.56051) 
(0.259497, 2.08275) (-2.7744, 1.03109) (0.948586, -1.90184) (-0.875995, 1.9886) (-3.1755, 2.36235) (-0.545916, -1.53906) 
(0.165284, 2.0749) (-2.7744, 1.03109) (0.895736, -1.89445) (-0.850794, 1.96413) (-3.1755, 2.36235) (-0.495426, -1.52997) 
(0.0553298, 2.08407) (-2.7744, 1.03109) (0.843626, -1.87401) (-0.830957, 1.93947) (-3.1755, 2.36235) (-0.444338, -1.52274) 
(-0.0443229, 2.10112) (-2.7744, 1.03109) (0.804969, -1.84109) (-0.815914, 1.91591) (-3.1755, 2.36235) (-0.402239, -1.51574) 
(-0.0950968, 2.11087) (-2.7744, 1.03109) (0.788166, -1.81992) (-0.810615, 1.90285) (-3.1755, 2.36235) (-0.381622, -1.5105) 
(-0.229208, 2.14424) (-2.7744, 1.03109) (0.73467, -1.75109) (-0.799318, 1.86702) (-3.1755, 2.36235) (-0.323864, -1.49623) 
(-0.32973, 2.17474) (-2.7744, 1.03109) (0.701836, -1.69709) (-0.795497, 1.84179) (-3.1755, 2.36235) (-0.281562, -1.48267) 
(-0.441454, 2.21141) (-2.7744, 1.03109) (0.651734, -1.63186) (-0.789061, 1.81065) (-3.1755, 2.36235) (-0.241373, -1.46775) 
(-0.551393, 2.23483) (-2.7744, 1.03109) (0.608994, -1.5768) (-0.775666, 1.76823) (-3.1755, 2.36235) (-0.199615, -1.46354) 
(-0.635572, 2.2456) (-2.7744, 1.03109) (0.576594, -1.53649) (-0.762124, 1.73543) (-3.1755, 2.36235) (-0.169678, -1.46613) 
(-0.72744, 2.24999) (-2.7744, 1.03109) (0.533992, -1.50223) (-0.746655, 1.70533) (-3.1755, 2.36235) (-0.131793, -1.47478) 
(-0.814512, 2.24546) (-2.7744, 1.03109) (0.48628, -1.47636) (-0.72601, 1.68658) (-3.1755, 2.36235) (-0.0985414, -1.48972) 
(-0.923767, 2.23019) (-2.7744, 1.03109) (0.41395, -1.45765) (-0.695125, 1.66003) (-3.1755, 2.36235) (-0.0697772, -1.51048) 
(-1.01685, 2.22319) (-2.7744, 1.03109) (0.351871, -1.45061) (-0.6681, 1.64928) (-3.1755, 2.36235) (-0.0514591, -1.53212) 
(-1.06197, 2.22462) (-2.7744, 1.03109) (0.321282, -1.44675) (-0.659326, 1.64581) (-3.1755, 2.36235) (-0.0439251, -1.54343) 
(-1.19141, 2.23882) (-2.7744, 1.03109) (0.238928, -1.43638) (-0.623231, 1.64198) (-3.1755, 2.36235) (-0.0323082, -1.57557) 
(-1.29517, 2.24295) (-2.7744, 1.03109) (0.172631, -1.42669) (-0.601927, 1.64299) (-3.1755, 2.36235) (-0.0293427, -1.60213) 
(-1.40357, 2.24534) (-2.7744, 1.03109) (0.10099, -1.41734) (-0.587274, 1.65133) (-3.1755, 2.36235) (-0.030873, -1.62635) 
(-1.52022, 2.24506) (-2.7744, 1.03109) (0.0311029, -1.40846) (-0.562157, 1.65871) (-3.1755, 2.36235) (-0.0361974, -1.64889) 
(-1.6236, 2.24175) (-2.7744, 1.03109) (-0.0320811, -1.39937) (-0.536825, 1.66911) (-3.1755, 2.36235) (-0.041193, -1.6653) 
(-1.73886, 2.22197) (-2.7744, 1.03109) (-0.113645, -1.39445) (-0.504047, 1.67881) (-3.1755, 2.36235) (-0.0471879, -1.6919) 
(-1.80536, 2.19815) (-2.7744, 1.03109) (-0.167411, -1.40408) (-0.480272, 1.68453) (-3.1755, 2.36235) (-0.0490371, -1.71211) 
(-1.87857, 2.16933) (-2.7744, 1.03109) (-0.227392, -1.41991) (-0.446769, 1.6906) (-3.1755, 2.36235) (-0.0465429, -1.72119) 
(-1.95611, 2.13818) (-2.7744, 1.03109) (-0.293598, -1.43816) (-0.406175, 1.69694) (-3.1755, 2.36235) (-0.0403907, -1.7311) 
(-1.9965, 2.12057) (-2.7744, 1.03109) (-0.329564, -1.45105) (-0.384951, 1.69958) (-3.1755, 2.36235) (-0.035927, -1.73884) 
(-2.04348, 2.09642) (-2.7744, 1.03109) (-0.370157, -1.46933) (-0.357297, 1.70194) (-3.1755, 2.36235) (-0.0307712, -1.74684) 
(-2.1586, 2.037) (-2.7744, 1.03109) (-0.491227, -1.53737) (-0.284723, 1.71311) (-3.1755, 2.36235) (-0.0104218, -1.76556) 
(-2.22579, 2.01096) (-2.7744, 1.03109) (-0.566074, -1.56895) (-0.234537, 1.72275) (-3.1755, 2.36235) (0.00621452, -1.77446) 
(-2.26738, 1.99478) (-2.7744, 1.03109) (-0.631923, -1.58744) (-0.191165, 1.73022) (-3.1755, 2.36235) (0.0196562, -1.7801) 
(-2.3132, 1.97993) (-2.7744, 1.03109) (-0.709604, -1.60369) (-0.141085, 1.73907) (-3.1755, 2.36235) (0.0334831, -1.78193) 
(-2.36458, 1.97169) (-2.7744, 1.03109) (-0.800568, -1.62006) (-0.0866783, 1.74797) (-3.1755, 2.36235) (0.0482617, -1.78133) 
(-2.41481, 1.97055) (-2.7744, 1.03109) (-0.893294, -1.6327) (-0.0372982, 1.7561) (-3.1755, 2.36235) (0.062235, -1.77803) 
(-2.46889, 1.96559) (-2.7744, 1.03109) (-1.00063, -1.64495) (0.0186034, 1.76445) (-3.1755, 2.36235) (0.0780404, -1.77481) 
(-2.51095, 1.95821) (-2.7744, 1.03109) (-1.08799, -1.65223) (0.0673184, 1.77248) (-3.1755, 2.36235) (0.0924156, -1.77025) 
(-2.54507, 1.94524) (-2.7744, 1.03109) (-1.15411, -1.66785) (0.112148, 1.7799) (-3.1755, 2.36235) (0.113182, -1.76534) 
(-2.57455, 1.92798) (-2.7744, 1.03109) (-1.21436, -1.69057) (0.155431, 1.78711) (-3.1755, 2.36235) (0.136494, -1.7616) 
(-2.60666, 1.90187) (-2.7744, 1.03109) (-1.31854, -1.71551) (0.228393, 1.79876) (-3.1755, 2.36235) (0.17591, -1.75701) 
(-2.62002, 1.89651) (-2.7744, 1.03109) (-1.40014, -1.73162) (0.281759, 1.80748) (-3.1755, 2.36235) (0.206936, -1.75663) 
(-2.62773, 1.9059) (-2.7744, 1.03109) (-1.47113, -1.75228) (0.33486, 1.81593) (-3.1755, 2.36235) (0.246295, -1.75855) 
(-2.62901, 1.9239) (-2.7744, 1.03109) (-1.54269, -1.7803) (0.38457, 1.82291) (-3.1755, 2.36235) (0.281214, -1.75759) 
(-2.62694, 1.95893) (-2.7744, 1.03109) (-1.63435, -1.81069) (0.44225, 1.83117) (-3.1755, 2.36235) (0.317048, -1.75821) 
(-2.62023, 1.99823) (-2.7744, 1.03109) (-1.71495, -1.82601) (0.491808, 1.83789) (-3.1755, 2.36235) (0.350038, -1.75626) 
(-2.60223, 2.05123) (-2.7744, 1.03109) (-1.78662, -1.83576) (0.549921, 1.84677) (-3.1755, 2.36235) (0.398887, -1.753) 
(-2.58589, 2.08772) (-2.7744, 1.03109) (-1.83852, -1.84336) (0.596489, 1.85323) (-3.1755, 2.36235) (0.43803, -1.75042) 
(-2.56855, 2.11653) (-2.7744, 1.03109) (-1.8829, -1.84508) (0.642373, 1.85997) (-3.1755, 2.36235) (0.476371, -1.74798) 
(-2.54263, 2.14911) (-2.7744, 1.03109) (-1.93891, -1.83003) (0.710845, 1.87025) (-3.1755, 2.36235) (0.536509, -1.74544) 
(-2.52771, 2.16904) (-2.7744, 1.03109) (-1.98135, -1.81147) (0.768352, 1.87738) (-3.1755, 2.36235) (0.587706, -1.74266) 
(-2.52005, 2.18017) (-2.7744, 1.03109) (-2.00546, -1.8003) (0.816783, 1.88448) (-3.1755, 2.36235) (0.634189, -1.74069) 
(-2.51729, 2.18487) (-2.7744, 1.03109) (-2.01524, -1.80069) (0.866391, 1.89135) (-3.1755, 2.36235) (0.685388, -1.73914) 
(-2.51735, 2.18144) (-2.7744, 1.03109) (-2.01001, -1.8024) (0.925997, 1.90073) (-3.1755, 2.36235) (0.747758, -1.73686) 
(-2.51913, 2.17239) (-2.7744, 1.03109) (-1.99399, -1.80089) (0.98529, 1.90946) (-3.1755, 2.36235) (0.809852, -1.73326) 
(-2.52229, 2.1609) (-2.7744, 1.03109) (-1.97399, -1.80121) (1.04015, 1.91698) (-3.1755, 2.36235) (0.866068, -1.73163) 
(-2.5257, 2.14771) (-2.7744, 1.03109) (-1.96342, -1.7917) (1.10312, 1.92552) (-3.1755, 2.36235) (0.924413, -1.72982) 
(-2.5281, 2.13498) (-2.7744, 1.03109) (-1.96428, -1.78715) (1.15535, 1.93235) (-3.1755, 2.36235) (0.9738, -1.72756) 
(-2.53083, 2.12551) (-2.7744, 1.03109) (-1.97038, -1.78626) (1.19351, 1.93749) (-3.1755, 2.36235) (1.00962, -1.72622) 
(-2.53669, 2.11124) (-2.7744, 1.03109) (-1.99881, -1.7885) (1.26783, 1.94763) (-3.1755, 2.36235) (1.0818, -1.72315) 
(-2.54045, 2.10505) (-2.7744, 1.03109) (-2.02419, -1.80284) (1.32375, 1.95513) (-3.1755, 2.36235) (1.13853, -1.72282) 
(-2.54263, 2.10124) (-2.7744, 1.03109) (-2.04965, -1.82308) (1.38457, 1.96142) (-3.1755, 2.36235) (1.20044, -1.72109) 
(-2.54331, 2.10035) (-2.7744, 1.03109) (-2.06724, -1.83798) (1.43723, 1.96737) (-3.1755, 2.36235) (1.25478, -1.71883) 
(-2.54408, 2.09972) (-2.7744, 1.03109) (-2.07724, -1.83999) (1.49547, 1.97249) (-3.1755, 2.36235) (1.31502, -1.71614) 
(-2.5441, 2.09937) (-2.7744, 1.03109) (-2.0816, -1.82658) (1.54198, 1.97758) (-3.1755, 2.36235) (1.36063, -1.71579) 
(-2.54333, 2.10028) (-2.7744, 1.03109) (-2.08686, -1.79615) (1.60415, 1.98337) (-3.1755, 2.36235) (1.4205, -1.71509) 
(-2.54264, 2.1029) (-2.7744, 1.03109) (-2.09193, -1.76228) (1.66143, 1.98937) (-3.1755, 2.36235) (1.4755, -1.7138) 
(-2.54376, 2.10688) (-2.7744, 1.03109) (-2.09164, -1.72059) (1.72201, 1.99692) (-3.1755, 2.36235) (1.53572, -1.71278) 
(-2.54483, 2.10935) (-2.7744, 1.03109) (-2.08919, -1.70047) (1.74981, 1.99976) (-3.1755, 2.36235) (1.56411, -1.71274) 
(-2.54724, 2.11641) (-2.7744, 1.03109) (-2.08131, -1.65712) (1.8335, 2.00901) (-3.1755, 2.36235) (1.64932, -1.71234) 
(-2.54798, 2.11952) (-2.7744, 1.03109) (-2.07673, -1.6357) (1.88021, 2.01305) (-3.1755, 2.36235) (1.69626, -1.71185) 
(-2.54891, 2.12353) (-2.7744, 1.03109) (-2.06654, -1.61287) (1.94958, 2.02086) (-3.1755, 2.36235) (1.76301, -1.71214) 
(-2.55027, 2.126) (-2.7744, 1.03109) (-2.05999, -1.6) (2.00406, 2.026) (-3.1755, 2.36235) (1.81455, -1.71248) 
(-2.55247, 2.12657) (-2.7744, 1.03109) (-2.05751, -1.58534) (2.05603, 2.03204) (-3.1755, 2.36235) (1.86633, -1.71334) 
(-2.55624, 2.12601) (-2.7744, 1.03109) (-2.05667, -1.57774) (2.10978, 2.03681) (-3.1755, 2.36235) (1.92816, -1.71282) 
(-2.55983, 2.12553) (-2.7744, 1.03109) (-2.05413, -1.57973) (2.16194, 2.04288) (-3.1755, 2.36235) (1.98596, -1.7127) 
(-2.56254, 2.12473) (-2.7744, 1.03109) (-2.05422, -1.58598) (2.20798, 2.04777) (-3.1755, 2.36235) (2.03736, -1.71314) 
(-2.56532, 2.12303) (-2.7744, 1.03109) (-2.05224, -1.59498) (2.25724, 2.05228) (-3.1755, 2.36235) (2.10047, -1.71393) 
(-2.5664, 2.12184) (-2.7744, 1.03109) (-2.05013, -1.59957) (2.26579, 2.05366) (-3.1755, 2.36235) (2.13036, -1.71429) 
(-2.56829, 2.12071) (-2.7744, 1.03109) (-2.04856, -1.60818) (2.26437, 2.05283) (-3.1755, 2.36235) (2.1789, -1.71484) 
(-2.57084, 2.11903) (-2.7744, 1.03109) (-2.04893, -1.63137) (2.25798, 2.05286) (-3.1755, 2.36235) (2.24968, -1.71725) 
(-2.57254, 2.11889) (-2.7744, 1.03109) (-2.04716, -1.64368) (2.26537, 2.05366) (-3.1755, 2.36235) (2.27585, -1.71751) 
(-2.57405, 2.11807) (-2.7744, 1.03109) (-2.04457, -1.65008) (2.26622, 2.05351) (-3.1755, 2.36235) (2.27393, -1.71846) 
(-2.57486, 2.11697) (-2.7744, 1.03109) (-2.04146, -1.65105) (2.26565, 2.05334) (-3.1755, 2.36235) (2.26255, -1.717) 
(-2.57522, 2.11533) (-2.7744, 1.03109) (-2.03977, -1.6471) (2.26623, 2.05374) (-3.1755, 2.36235) (2.26444, -1.71731) 
(-2.57551, 2.11381) (-2.7744, 1.03109) (-2.03923, -1.63961) (2.26597, 2.05358) (-3.1755, 2.36235) (2.26766, -1.71757) 
(-2.5752, 2.11233) (-2.7744, 1.03109) (-2.03727, -1.63407) (2.26587, 2.0535) (-3.1755, 2.36235) (2.27228, -1.71769) 
(-2.57537, 2.11183) (-2.7744, 1.03109) (-2.03146, -1.63218) (2.26594, 2.0536) (-3.1755, 2.36235) (2.27276, -1.71754) 
(-2.57565, 2.112) (-2.7744, 1.03109) (-2.02871, -1.63273) (2.26596, 2.0535) (-3.1755, 2.36235) (2.27203, -1.71773) 
(-2.57623, 2.1128) (-2.7744, 1.03109) (-2.026, -1.64197) (2.26592, 2.05354) (-3.1755, 2.36235) (2.27224, -1.71772) 
(-2.57635, 2.11329) (-2.7744, 1.03109) (-2.02613, -1.64784) (2.26592, 2.05359) (-3.1755, 2.36235) (2.27232, -1.7177) 
(-2.57588, 2.11357) (-2.7744, 1.03109) (-2.02681, -1.65277) (2.26593, 2.0536) (-3.1755, 2.36235) (2.27206, -1.71769) 
(-2.5753, 2.11396) (-2.7744, 1.03109) (-2.02766, -1.65579) (2.26592, 2.05355) (-3.1755, 2.36235) (2.27221, -1.71768) 
(-2.57453, 2.114) (-2.7744, 1.03109) (-2.0274, -1.65752) (2.26591, 2.05356) (-3.1755, 2.36235) (2.27214, -1.71766) 
(-2.57383, 2.11419) (-2.7744, 1.03109) (-2.02722, -1.65933) (2.26592, 2.0536) (-3.1755, 2.36235) (2.27212, -1.71769) 
(-2.57355, 2.11414) (-2.7744, 1.03109) (-2.02601, -1.66054) (2.26594, 2.05358) (-3.1755, 2.36235) (2.27219, -1.71769) 
(-2.57348, 2.11422) (-2.7744, 1.03109) (-2.02427, -1.66113) (2.26592, 2.05358) (-3.1755, 2.36235) (2.27211, -1.71767) 
(-2.57391, 2.11426) (-2.7744, 1.03109) (-2.02471, -1.66182) (2.26592, 2.05359) (-3.1755, 2.36235) (2.27214, -1.71767) 
(-2.57407, 2.1143) (-2.7744, 1.03109) (-2.02581, -1.6623) (2.26589, 2.05359) (-3.1755, 2.36235) (2.27213, -1.71767) 
(-2.57455, 2.11423) (-2.7744, 1.03109) (-2.02796, -1.66805) (2.26591, 2.0536) (-3.1755, 2.36235) (2.27211, -1.71769) 
(-2.57469, 2.11429) (-2.7744, 1.03109) (-2.02966, -1.67761) (2.26591, 2.05359) (-3.1755, 2.36235) (2.27212, -1.71768) 
(-2.57429, 2.11401) (-2.7744, 1.03109) (-2.03099, -1.6838) (2.26591, 2.05361) (-3.1755, 2.36235) (2.27213, -1.71767) 
(-2.57365, 2.11365) (-2.7744, 1.03109) (-2.03139, -1.68554) (2.2659, 2.05359) (-3.1755, 2.36235) (2.2721, -1.71768) 
(-2.57316, 2.11334) (-2.7744, 1.03109) (-2.03127, -1.68507) (2.26592, 2.05358) (-3.1755, 2.36235) (2.27212, -1.71769) 
(-2.57247, 2.11252) (-2.7744, 1.03109) (-2.03061, -1.68193) (2.26591, 2.05359) (-3.1755, 2.36235) (2.27213, -1.71767) 
(-2.57169, 2.11205) (-2.7744, 1.03109) (-2.0295, -1.67468) (2.2659, 2.05357) (-3.1755, 2.36235) (2.27211, -1.71769) 
(-2.57128, 2.11163) (-2.7744, 1.03109) (-2.02904, -1.6683) (2.26589, 2.05359) (-3.1755, 2.36235) (2.27212, -1.71766) 
(-2.571, 2.1113) (-2.7744, 1.03109) (-2.02777, -1.66412) (2.2659, 2.05358) (-3.1755, 2.36235) (2.27212, -1.71766) 
(-2.57095, 2.11114) (-2.7744, 1.03109) (-2.02634, -1.66202) (2.26591, 2.0536) (-3.1755, 2.36235) (2.27212, -1.71768) 
(-2.5705, 2.11075) (-2.7744, 1.03109) (-2.02481, -1.66011) (2.26592, 2.05359) (-3.1755, 2.36235) (2.2721, -1.71767) 
(-2.5706, 2.11222) (-2.7744, 1.03109) (-2.02363, -1.65988) (2.26589, 2.05358) (-3.1755, 2.36235) (2.27211, -1.71768) 
(-2.5714, 2.1178) (-2.7744, 1.03109) (-2.02282, -1.66035) (2.26591, 2.05359) (-3.1755, 2.36235) (2.2721, -1.71768) 
(-2.57173, 2.12319) (-2.7744, 1.03109) (-2.0211, -1.661) (2.2659, 2.05358) (-3.1755, 2.36235) (2.27211, -1.71767) 
(-2.57268, 2.12569) (-2.7744, 1.03109) (-2.01801, -1.66112) (2.26589, 2.05359) (-3.1755, 2.36235) (2.2721, -1.71768) 
(-2.57439, 2.12598) (-2.7744, 1.03109) (-2.01456, -1.66134) (2.26589, 2.05359) (-3.1755, 2.36235) (2.2721, -1.71768) 
(-2.57635, 2.12564) (-2.7744, 1.03109) (-2.01127, -1.66259) (2.26589, 2.05357) (-3.1755, 2.36235) (2.27212, -1.71766) 
(-2.57731, 2.12496) (-2.7744, 1.03109) (-2.00656, -1.66407) (2.26589, 2.05359) (-3.1755, 2.36235) (2.27209, -1.71767) 
