(2.28035, 2.10321) (-2.7744, 1.03109) (2.05504, -1.74936) (-2.26019, 1.97862) (-3.1755, 2.36235) (-2.01627, -1.60866) 
(2.25832, 2.06731) (-2.7744, 1.03109) (2.00656, -1.7468) (-2.25864, 1.9787) (-3.1755, 2.36235) (-2.01935, -1.60906) 
(2.23939, 2.03326) (-2.7744, 1.03109) (1.96318, -1.74267) (-2.2125, 1.98049) (-3.1755, 2.36235) (-1.98792, -1.61245) 
(2.21821, 1.99627) (-2.7744, 1.03109) (1.92142, -1.73528) (-2.13713, 1.98746) (-3.1755, 2.36235) (-1.90458, -1.61054) 
(2.19981, 1.96186) (-2.7744, 1.03109) (1.88543, -1.72315) (-2.08353, 1.98858) (-3.1755, 2.36235) (-1.83804, -1.60318) 
(2.18046, 1.93192) (-2.7744, 1.03109) (1.85572, -1.70811) (-2.04255, 1.99072) (-3.1755, 2.36235) (-1.79684, -1.61145) 
(2.15366, 1.9057) (-2.7744, 1.03109) (1.81449, -1.6899) (-1.97989, 1.99189) (-3.1755, 2.36235) (-1.74314, -1.61142) 
(2.12863, 1.9023) (-2.7744, 1.03109) (1.77473, -1.67778) (-1.92422, 1.99322) (-3.1755, 2.36235) (-1.69495, -1.61108) 
(2.08584, 1.9154) (-2.7744, 1.03109) (1.72515, -1.66511) (-1.86868, 1.9955) (-3.1755, 2.36235) (-1.6431, -1.60983) 
(2.02732, 1.94554) (-2.7744, 1.03109) (1.66979, -1.65998) (-1.81736, 1.99628) (-3.1755, 2.36235) (-1.5899, -1.60895) 
(1.97404, 1.98106) (-2.7744, 1.03109) (1.62618, -1.66051) (-1.77585, 1.9975) (-3.1755, 2.36235) (-1.54837, -1.61066) 
(1.90954, 2.03499) (-2.7744, 1.03109) (1.57873, -1.66061) (-1.7329, 1.9977) (-3.1755, 2.36235) (-1.5033, -1.60848) 
(1.78786, 2.12139) (-2.7744, 1.03109) (1.49881, -1.66409) (-1.65709, 1.9981) (-3.1755, 2.36235) (-1.42515, -1.60935) 
(1.70234, 2.14437) (-2.7744, 1.03109) (1.44341, -1.67139) (-1.60901, 1.99786) (-3.1755, 2.36235) (-1.37553, -1.60958) 
(1.60152, 2.14048) (-2.7744, 1.03109) (1.37234, -1.68649) (-1.55141, 1.9985) (-3.1755, 2.36235) (-1.31551, -1.61169) 
(1.50032, 2.12081) (-2.7744, 1.03109) (1.30315, -1.70308) (-1.49045, 2.00004) (-3.1755, 2.36235) (-1.25627, -1.61093) 
(1.41237, 2.09953) (-2.7744, 1.03109) (1.24742, -1.71351) (-1.43999, 2.00198) (-3.1755, 2.36235) (-1.2054, -1.61038) 
(1.32036, 2.07477) (-2.7744, 1.03109) (1.19326, -1.721) (-1.3895, 2.00287) (-3.1755, 2.36235) (-1.15433, -1.61064) 
(1.2092, 2.04721) (-2.7744, 1.03109) (1.13645, -1.72373) (-1.3299, 2.00454) (-3.1755, 2.36235) (-1.09556, -1.60977) 
(1.10094, 2.0318) (-2.7744, 1.03109) (1.08227, -1.72446) (-1.27486, 2.00581) (-3.1755, 2.36235) (-1.05504, -1.60376) 
(1.02651, 2.03401) (-2.7744, 1.03109) (1.03975, -1.72347) (-1.23581, 2.00774) (-3.1755, 2.36235) (-1.0183, -1.59606) 
(0.934293, 2.04933) (-2.7744, 1.03109) (0.982226, -1.71865) (-1.19702, 2.01304) (-3.1755, 2.36235) (-0.975103, -1.58155) 
(0.830549, 2.06446) (-2.7744, 1.03109) (0.90507, -1.70597) (-1.13619, 2.0328) (-3.1755, 2.36235) (-0.922176, -1.56318) 
(0.745715, 2.07872) (-2.7744, 1.03109) (0.843474, -1.69526) (-1.09406, 2.05529) (-3.1755, 2.36235) (-0.876865, -1.54566) 
(0.655927, 2.09942) (-2.7744, 1.03109) (0.785124, -1.68698) (-1.05526, 2.07929) (-3.1755, 2.36235) (-0.82994, -1.5245) 
(0.555076, 2.12746) (-2.7744, 1.03109) (0.724455, -1.68142) (-1.02485, 2.10683) (-3.1755, 2.36235) (-0.780265, -1.50283) 
(0.458964, 2.15132) (-2.7744, 1.03109) (0.668295, -1.68259) (-0.994543, 2.13438) (-3.1755, 2.36235) (-0.731582, -1.48002) 
(0.361787, 2.1599) (-2.7744, 1.03109) (0.614021, -1.68697) (-0.970972, 2.16601) (-3.1755, 2.36235) (-0.692602, -1.45759) 
(0.27943, 2.15181) (-2.7744, 1.03109) (0.564685, -1.69303) (-0.952043, 2.19166) (-3.1755, 2.36235) (-0.657427, -1.43745) 
(0.189798, 2.12869) (-2.7744, 1.03109) (0.505406, -1.7032) (-0.937741, 2.22549) (-3.1755, 2.36235) (-0.607009, -1.4075) 
(0.12786, 2.10375) (-2.7744, 1.03109) (0.463543, -1.71183) (-0.927722, 2.25044) (-3.1755, 2.36235) (-0.568058, -1.38501) 
(0.0305681, 2.05044) (-2.7744, 1.03109) (0.391983, -1.72869) (-0.904268, 2.29827) (-3.1755, 2.36235) (-0.510668, -1.35603) 
(-0.0515644, 2.00765) (-2.7744, 1.03109) (0.335153, -1.7343) (-0.887508, 2.33235) (-3.1755, 2.36235) (-0.466141, -1.3361) 
(-0.124805, 1.97626) (-2.7744, 1.03109) (0.273776, -1.73413) (-0.868795, 2.35597) (-3.1755, 2.36235) (-0.424379, -1.31866) 
(-0.202946, 1.95836) (-2.7744, 1.03109) (0.214381, -1.73261) (-0.844883, 2.37939) (-3.1755, 2.36235) (-0.37702, -1.30093) 
(-0.282982, 1.94736) (-2.7744, 1.03109) (0.155907, -1.73083) (-0.820585, 2.39399) (-3.1755, 2.36235) (-0.327598, -1.28347) 
(-0.373976, 1.94222) (-2.7744, 1.03109) (0.0979212, -1.72747) (-0.794018, 2.40136) (-3.1755, 2.36235) (-0.276249, -1.2663) 
(-0.469037, 1.94469) (-2.7744, 1.03109) (0.0404809, -1.72107) (-0.767838, 2.40902) (-3.1755, 2.36235) (-0.228239, -1.24668) 
(-0.572053, 1.95978) (-2.7744, 1.03109) (-0.0273975, -1.70996) (-0.728732, 2.41903) (-3.1755, 2.36235) (-0.182523, -1.22626) 
(-0.649176, 1.97708) (-2.7744, 1.03109) (-0.0861708, -1.70008) (-0.697146, 2.42563) (-3.1755, 2.36235) (-0.142083, -1.20631) 
(-0.714939, 1.9835) (-2.7744, 1.03109) (-0.130179, -1.69379) (-0.6773, 2.4348) (-3.1755, 2.36235) (-0.114732, -1.19004) 
(-0.822137, 1.97959) (-2.7744, 1.03109) (-0.209472, -1.68844) (-0.647513, 2.44672) (-3.1755, 2.36235) (-0.069305, -1.16163) 
(-0.906813, 1.97072) (-2.7744, 1.03109) (-0.26846, -1.68913) (-0.612813, 2.45963) (-3.1755, 2.36235) (-0.0329926, -1.14463) 
(-1.00965, 1.95941) (-2.7744, 1.03109) (-0.333935, -1.69135) (-0.586156, 2.46758) (-3.1755, 2.36235) (0.0115503, -1.13217) 
(-1.10534, 1.94803) (-2.7744, 1.03109) (-0.388215, -1.69494) (-0.560054, 2.46497) (-3.1755, 2.36235) (0.0521607, -1.1309) 
(-1.20386, 1.93859) (-2.7744, 1.03109) (-0.443114, -1.70055) (-0.544503, 2.46264) (-3.1755, 2.36235) (0.0847406, -1.13403) 
(-1.30012, 1.93842) (-2.7744, 1.03109) (-0.514382, -1.71054) (-0.523319, 2.45254) (-3.1755, 2.36235) (0.120215, -1.1435) 
(-1.38429, 1.95064) (-2.7744, 1.03109) (-0.578795, -1.71859) (-0.49554, 2.44158) (-3.1755, 2.36235) (0.157514, -1.15647) 
(-1.46903, 1.96073) (-2.7744, 1.03109) (-0.643543, -1.71897) (-0.47147, 2.43479) (-3.1755, 2.36235) (0.19567, -1.17167) 
(-1.56058, 1.97686) (-2.7744, 1.03109) (-0.710039, -1.7139) (-0.443745, 2.42857) (-3.1755, 2.36235) (0.2294, -1.18522) 
(-1.63123, 1.9927) (-2.7744, 1.03109) (-0.755193, -1.70819) (-0.422624, 2.42554) (-3.1755, 2.36235) (0.258382, -1.19299) 
(-1.69418, 2.00856) (-2.7744, 1.03109) (-0.797756, -1.70344) (-0.399251, 2.42144) (-3.1755, 2.36235) (0.283189, -1.19984) 
(-1.83207, 2.04784) (-2.7744, 1.03109) (-0.914191, -1.69278) (-0.346629, 2.4159) (-3.1755, 2.36235) (0.348168, -1.20936) 
(-1.90912, 2.06649) (-2.7744, 1.03109) (-0.98546, -1.68466) (-0.307151, 2.41165) (-3.1755, 2.36235) (0.397602, -1.21508) 
(-1.9762, 2.07692) (-2.7744, 1.03109) (-1.05658, -1.67435) (-0.264195, 2.40721) (-3.1755, 2.36235) (0.448541, -1.22257) 
(-2.05203, 2.08471) (-2.7744, 1.03109) (-1.1234, -1.66171) (-0.217528, 2.39904) (-3.1755, 2.36235) (0.497309, -1.23384) 
(-2.12568, 2.08319) (-2.7744, 1.03109) (-1.18665, -1.65797) (-0.173148, 2.3908) (-3.1755, 2.36235) (0.538166, -1.24455) 
(-2.19085, 2.074) (-2.7744, 1.03109) (-1.24088, -1.65932) (-0.131268, 2.38346) (-3.1755, 2.36235) (0.578384, -1.25516) 
(-2.27968, 2.0578) (-2.7744, 1.03109) (-1.30699, -1.66167) (-0.0763249, 2.37407) (-3.1755, 2.36235) (0.637339, -1.27135) 
(-2.35948, 2.04245) (-2.7744, 1.03109) (-1.36999, -1.66388) (-0.026694, 2.36478) (-3.1755, 2.36235) (0.693559, -1.28557) 
(-2.42216, 2.03859) (-2.7744, 1.03109) (-1.42958, -1.67103) (0.020345, 2.35769) (-3.1755, 2.36235) (0.74506, -1.29737) 
(-2.46186, 2.04251) (-2.7744, 1.03109) (-1.48347, -1.68041) (0.0630871, 2.35221) (-3.1755, 2.36235) (0.78989, -1.3078) 
(-2.50503, 2.05396) (-2.7744, 1.03109) (-1.55724, -1.7005) (0.124556, 2.3422) (-3.1755, 2.36235) (0.85417, -1.32221) 
(-2.54327, 2.0755) (-2.7744, 1.03109) (-1.62729, -1.71738) (0.180459, 2.33266) (-3.1755, 2.36235) (0.914197, -1.3367) 
(-2.57499, 2.10479) (-2.7744, 1.03109) (-1.70041, -1.72413) (0.23332, 2.32591) (-3.1755, 2.36235) (0.972555, -1.35146) 
(-2.58769, 2.14157) (-2.7744, 1.03109) (-1.7649, -1.72412) (0.286615, 2.317) (-3.1755, 2.36235) (1.0336, -1.36639) 
(-2.59266, 2.17969) (-2.7744, 1.03109) (-1.82167, -1.72214) (0.341492, 2.3086) (-3.1755, 2.36235) (1.0909, -1.38099) 
(-2.61171, 2.2166) (-2.7744, 1.03109) (-1.88091, -1.72089) (0.397681, 2.29996) (-3.1755, 2.36235) (1.14836, -1.3949) 
(-2.63015, 2.25264) (-2.7744, 1.03109) (-1.93215, -1.71839) (0.443251, 2.29395) (-3.1755, 2.36235) (1.19716, -1.4077) 
(-2.66175, 2.28216) (-2.7744, 1.03109) (-2.00087, -1.71245) (0.506153, 2.28629) (-3.1755, 2.36235) (1.26683, -1.42402) 
(-2.69616, 2.30389) (-2.7744, 1.03109) (-2.05553, -1.70438) (0.554731, 2.27956) (-3.1755, 2.36235) (1.31823, -1.43773) 
(-2.75622, 2.32493) (-2.7744, 1.03109) (-2.10642, -1.69127) (0.614061, 2.27058) (-3.1755, 2.36235) (1.38006, -1.45287) 
(-2.8239, 2.35023) (-2.7744, 1.03109) (-2.15434, -1.68653) (0.667266, 2.26262) (-3.1755, 2.36235) (1.43762, -1.46704) 
(-2.89402, 2.38973) (-2.7744, 1.03109) (-2.2073, -1.69139) (0.7255, 2.25248) (-3.1755, 2.36235) (1.50018, -1.48287) 
(-2.94559, 2.42046) (-2.7744, 1.03109) (-2.24905, -1.69834) (0.773768, 2.24509) (-3.1755, 2.36235) (1.55155, -1.4958) 
(-2.97896, 2.44179) (-2.7744, 1.03109) (-2.29109, -1.70254) (0.823375, 2.23833) (-3.1755, 2.36235) (1.60314, -1.50995) 
(-3.00542, 2.45509) (-2.7744, 1.03109) (-2.34056, -1.71228) (0.883718, 2.22968) (-3.1755, 2.36235) (1.66543, -1.52572) 
(-3.01945, 2.46) (-2.7744, 1.03109) (-2.37974, -1.72591) (0.933479, 2.22309) (-3.1755, 2.36235) (1.71784, -1.54045) 
(-3.0238, 2.46221) (-2.7744, 1.03109) (-2.4245, -1.75082) (0.998026, 2.21443) (-3.1755, 2.36235) (1.7857, -1.55963) 
(-3.0238, 2.46221) (-2.7744, 1.03109) (-2.45371, -1.77355) (1.04882, 2.20586) (-3.1755, 2.36235) (1.83858, -1.57464) 
(-3.0238, 2.46221) (-2.7744, 1.03109) (-2.47816, -1.78773) (1.0923, 2.1998) (-3.1755, 2.36235) (1.88296, -1.58614) 
(-3.0238, 2.46221) (-2.7744, 1.03109) (-2.47807, -1.7877) (1.09219, 2.19982) (-3.1755, 2.36235) (1.88284, -1.58611) 
(-3.0238, 2.46221) (-2.7744, 1.03109) (-2.47807, -1.7877) (1.09219, 2.19982) (-3.1755, 2.36235) (1.88284, -1.58611) 
(-3.0238, 2.46221) (-2.7744, 1.03109) (-2.58823, -1.80815) (1.27636, 2.17251) (-3.1755, 2.36235) (2.07142, -1.63823) 
(-3.0238, 2.46221) (-2.7744, 1.03109) (-2.62249, -1.80839) (1.32311, 2.16642) (-3.1755, 2.36235) (2.12832, -1.65447) 
(-3.0238, 2.46221) (-2.7744, 1.03109) (-2.65341, -1.8057) (1.3751, 2.16101) (-3.1755, 2.36235) (2.18069, -1.6692) 
(-3.0238, 2.46221) (-2.7744, 1.03109) (-2.67947, -1.79369) (1.4381, 2.15412) (-3.1755, 2.36235) (2.23859, -1.68662) 
(-3.0238, 2.46221) (-2.7744, 1.03109) (-2.69233, -1.7735) (1.49338, 2.14578) (-3.1755, 2.36235) (2.26452, -1.69423) 
(-3.0238, 2.46221) (-2.7744, 1.03109) (-2.70577, -1.74452) (1.54729, 2.13851) (-3.1755, 2.36235) (2.25937, -1.69269) 
(-3.0238, 2.46221) (-2.7744, 1.03109) (-2.71905, -1.71878) (1.59781, 2.13022) (-3.1755, 2.36235) (2.25028, -1.68991) 
(-2.86259, 2.15341) (-2.7744, 1.03109) (-2.73726, -1.70029) (1.6489, 2.12199) (-3.1755, 2.36235) (2.25341, -1.6909) 
(-2.8435, 2.14071) (-2.7744, 1.03109) (-2.75792, -1.68479) (1.71171, 2.11388) (-3.1755, 2.36235) (2.25868, -1.69242) 
(-2.82969, 2.1377) (-2.7744, 1.03109) (-2.77068, -1.67908) (1.76988, 2.10592) (-3.1755, 2.36235) (2.25988, -1.69257) 
(-2.81174, 2.1458) (-2.7744, 1.03109) (-2.78021, -1.68048) (1.8368, 2.09737) (-3.1755, 2.36235) (2.25913, -1.69243) 
(-2.79686, 2.16063) (-2.7744, 1.03109) (-2.78472, -1.68727) (1.88775, 2.09097) (-3.1755, 2.36235) (2.25984, -1.6927) 
(-2.76645, 2.18756) (-2.7744, 1.03109) (-2.78824, -1.69418) (1.95085, 2.08357) (-3.1755, 2.36235) (2.25963, -1.69263) 
(-2.73349, 2.21562) (-2.7744, 1.03109) (-2.79435, -1.69952) (2.00398, 2.07901) (-3.1755, 2.36235) (2.25973, -1.69256) 
(-2.70107, 2.24538) (-2.7744, 1.03109) (-2.8002, -1.70677) (2.05843, 2.07522) (-3.1755, 2.36235) (2.2597, -1.69262) 
(-2.6695, 2.27492) (-2.7744, 1.03109) (-2.80308, -1.71388) (2.11561, 2.06954) (-3.1755, 2.36235) (2.25969, -1.69264) 
(-2.65034, 2.29216) (-2.7744, 1.03109) (-2.80573, -1.71833) (2.15645, 2.06461) (-3.1755, 2.36235) (2.25967, -1.69261) 
(-2.63714, 2.30215) (-2.7744, 1.03109) (-2.80918, -1.7223) (2.20359, 2.06247) (-3.1755, 2.36235) (2.25968, -1.6926) 
(-2.62956, 2.30219) (-2.7744, 1.03109) (-2.81135, -1.72416) (2.21553, 2.05974) (-3.1755, 2.36235) (2.25966, -1.69263) 
(-2.62313, 2.28924) (-2.7744, 1.03109) (-2.81278, -1.72543) (2.20839, 2.06257) (-3.1755, 2.36235) (2.25968, -1.69265) 
(-2.61929, 2.27412) (-2.7744, 1.03109) (-2.81204, -1.72487) (2.20906, 2.06004) (-3.1755, 2.36235) (2.25964, -1.69262) 
(-2.61573, 2.25458) (-2.7744, 1.03109) (-2.80974, -1.7237) (2.21589, 2.06072) (-3.1755, 2.36235) (2.25967, -1.69261) 
(-2.61225, 2.23579) (-2.7744, 1.03109) (-2.80879, -1.72208) (2.21481, 2.06049) (-3.1755, 2.36235) (2.25966, -1.69262) 
(-2.60795, 2.21512) (-2.7744, 1.03109) (-2.80697, -1.71793) (2.215, 2.06027) (-3.1755, 2.36235) (2.25966, -1.69262) 
(-2.60661, 2.20322) (-2.7744, 1.03109) (-2.80641, -1.71291) (2.21517, 2.06047) (-3.1755, 2.36235) (2.25965, -1.69263) 
(-2.60823, 2.19353) (-2.7744, 1.03109) (-2.80653, -1.70519) (2.21492, 2.06047) (-3.1755, 2.36235) (2.25965, -1.69263) 
(-2.60981, 2.1962) (-2.7744, 1.03109) (-2.80792, -1.69683) (2.21502, 2.06035) (-3.1755, 2.36235) (2.25966, -1.69262) 
(-2.6117, 2.20128) (-2.7744, 1.03109) (-2.80976, -1.69081) (2.21509, 2.06044) (-3.1755, 2.36235) (2.25965, -1.69262) 
(-2.61535, 2.20778) (-2.7744, 1.03109) (-2.81424, -1.68823) (2.21505, 2.06043) (-3.1755, 2.36235) (2.25965, -1.69262) 
(-2.61875, 2.21078) (-2.7744, 1.03109) (-2.82013, -1.69758) (2.21502, 2.0604) (-3.1755, 2.36235) (2.25964, -1.69262) 
(-2.62178, 2.21223) (-2.7744, 1.03109) (-2.82622, -1.70949) (2.21506, 2.06039) (-3.1755, 2.36235) (2.25965, -1.69261) 
(-2.62408, 2.21469) (-2.7744, 1.03109) (-2.83777, -1.7187) (2.21501, 2.06043) (-3.1755, 2.36235) (2.25965, -1.69262) 
(-2.62609, 2.21659) (-2.7744, 1.03109) (-2.85352, -1.7216) (2.21504, 2.06042) (-3.1755, 2.36235) (2.25964, -1.69262) 
(-2.62731, 2.21754) (-2.7744, 1.03109) (-2.86839, -1.72257) (2.21503, 2.0604) (-3.1755, 2.36235) (2.25965, -1.69263) 
(-2.62987, 2.21812) (-2.7744, 1.03109) (-2.87873, -1.71998) (2.21501, 2.0604) (-3.1755, 2.36235) (2.25963, -1.69262) 
(-2.63122, 2.21945) (-2.7744, 1.03109) (-2.87625, -1.71619) (2.21501, 2.06043) (-3.1755, 2.36235) (2.25964, -1.69262) 
(-2.63109, 2.22214) (-2.7744, 1.03109) (-2.84799, -1.72034) (2.215, 2.06042) (-3.1755, 2.36235) (2.25964, -1.69261) 
(-2.63179, 2.22341) (-2.7744, 1.03109) (-2.81915, -1.72328) (2.21502, 2.06041) (-3.1755, 2.36235) (2.25963, -1.69262) 
(-2.63339, 2.22535) (-2.7744, 1.03109) (-2.78335, -1.7257) (2.21501, 2.06041) (-3.1755, 2.36235) (2.25963, -1.69261) 
