(2.4229, 2.01508) (-2.39222, 2.21491) (2.57285, -1.92205) (-2.32722, 1.98235) (-3.12174, 1.8092) (-2.05231, -1.6175) 
(2.42317, 2.01214) (-2.39222, 2.21491) (2.56797, -1.92316) (-2.32721, 1.98236) (-3.12174, 1.8092) (-2.05231, -1.61751) 
(2.42334, 2.00979) (-2.39222, 2.21491) (2.56368, -1.9227) (-2.32624, 1.97969) (-3.12174, 1.8092) (-2.05787, -1.61446) 
(2.42359, 2.00771) (-2.39222, 2.21491) (2.55623, -1.9229) (-2.3197, 1.97466) (-3.12174, 1.8092) (-2.06176, -1.61186) 
(2.42573, 2.00687) (-2.39222, 2.21491) (2.55076, -1.9232) (-2.31106, 1.96765) (-3.12174, 1.8092) (-2.05565, -1.60665) 
(2.42596, 2.00452) (-2.39222, 2.21491) (2.5397, -1.92095) (-2.30194, 1.95661) (-3.12174, 1.8092) (-2.04845, -1.59655) 
(2.42181, 1.9994) (-2.39222, 2.21491) (2.52471, -1.91801) (-2.29582, 1.9466) (-3.12174, 1.8092) (-2.04166, -1.58689) 
(2.41135, 1.98774) (-2.39222, 2.21491) (2.50394, -1.91199) (-2.28464, 1.92792) (-3.12174, 1.8092) (-2.03636, -1.57455) 
(2.39571, 1.96993) (-2.39222, 2.21491) (2.47428, -1.90298) (-2.27591, 1.9125) (-3.12174, 1.8092) (-2.03157, -1.55853) 
(2.37659, 1.95085) (-2.39222, 2.21491) (2.4502, -1.89267) (-2.26563, 1.89897) (-3.12174, 1.8092) (-2.02604, -1.54077) 
(2.34765, 1.92672) (-2.39222, 2.21491) (2.42591, -1.87896) (-2.25418, 1.88211) (-3.12174, 1.8092) (-2.0213, -1.52353) 
(2.31692, 1.90725) (-2.39222, 2.21491) (2.40306, -1.86643) (-2.24029, 1.87192) (-3.12174, 1.8092) (-2.01445, -1.50205) 
(2.26801, 1.89016) (-2.39222, 2.21491) (2.37205, -1.84946) (-2.22075, 1.85697) (-3.12174, 1.8092) (-2.00133, -1.47219) 
(2.2241, 1.88699) (-2.39222, 2.21491) (2.33609, -1.83504) (-2.20158, 1.84184) (-3.12174, 1.8092) (-1.98784, -1.44721) 
(2.17427, 1.8933) (-2.39222, 2.21491) (2.29835, -1.82115) (-2.17774, 1.82554) (-3.12174, 1.8092) (-1.9728, -1.42079) 
(2.14062, 1.90331) (-2.39222, 2.21491) (2.28024, -1.81468) (-2.16412, 1.81318) (-3.12174, 1.8092) (-1.9636, -1.40264) 
(2.05009, 1.9455) (-2.39222, 2.21491) (2.25555, -1.80536) (-2.1218, 1.78267) (-3.12174, 1.8092) (-1.93735, -1.35361) 
(1.99382, 1.97307) (-2.39222, 2.21491) (2.24058, -1.80101) (-2.09592, 1.76086) (-3.12174, 1.8092) (-1.92195, -1.32178) 
(1.92894, 1.99964) (-2.39222, 2.21491) (2.20538, -1.79682) (-2.06222, 1.73483) (-3.12174, 1.8092) (-1.90402, -1.28334) 
(1.86285, 2.01275) (-2.39222, 2.21491) (2.15752, -1.79976) (-2.02361, 1.70489) (-3.12174, 1.8092) (-1.88086, -1.23505) 
(1.80087, 2.01262) (-2.39222, 2.21491) (2.10831, -1.80939) (-1.99043, 1.67752) (-3.12174, 1.8092) (-1.86083, -1.19449) 
(1.72495, 2.00814) (-2.39222, 2.21491) (2.04415, -1.81923) (-1.95347, 1.64701) (-3.12174, 1.8092) (-1.83844, -1.147) 
(1.64747, 2.0005) (-2.39222, 2.21491) (1.99339, -1.82142) (-1.91823, 1.61753) (-3.12174, 1.8092) (-1.81912, -1.10253) 
(1.57424, 1.98869) (-2.39222, 2.21491) (1.95005, -1.81929) (-1.8831, 1.58987) (-3.12174, 1.8092) (-1.79877, -1.06251) 
(1.45143, 1.96194) (-2.39222, 2.21491) (1.88259, -1.81111) (-1.82684, 1.54341) (-3.12174, 1.8092) (-1.76569, -0.997643) 
(1.38349, 1.94834) (-2.39222, 2.21491) (1.84276, -1.80419) (-1.79424, 1.51749) (-3.12174, 1.8092) (-1.74863, -0.961579) 
(1.28825, 1.94043) (-2.39222, 2.21491) (1.77986, -1.78601) (-1.74511, 1.47749) (-3.12174, 1.8092) (-1.71997, -0.904278) 
(1.21012, 1.94465) (-2.39222, 2.21491) (1.72534, -1.7575) (-1.70246, 1.44368) (-3.12174, 1.8092) (-1.69789, -0.855365) 
(1.13291, 1.95384) (-2.39222, 2.21491) (1.67286, -1.72556) (-1.6612, 1.41172) (-3.12174, 1.8092) (-1.68234, -0.807045) 
(1.06117, 1.96501) (-2.39222, 2.21491) (1.629, -1.71373) (-1.62507, 1.38023) (-3.12174, 1.8092) (-1.66927, -0.76536) 
(0.974998, 1.984) (-2.39222, 2.21491) (1.58028, -1.70913) (-1.58115, 1.34254) (-3.12174, 1.8092) (-1.66212, -0.720482) 
(0.888692, 2.00951) (-2.39222, 2.21491) (1.54032, -1.70724) (-1.53358, 1.30509) (-3.12174, 1.8092) (-1.65703, -0.671235) 
(0.802868, 2.02785) (-2.39222, 2.21491) (1.51805, -1.71279) (-1.48978, 1.26919) (-3.12174, 1.8092) (-1.65166, -0.625352) 
(0.731896, 2.03814) (-2.39222, 2.21491) (1.50317, -1.72211) (-1.45047, 1.237) (-3.12174, 1.8092) (-1.64896, -0.586346) 
(0.664024, 2.03884) (-2.39222, 2.21491) (1.48854, -1.7299) (-1.41074, 1.20825) (-3.12174, 1.8092) (-1.64101, -0.546206) 
(0.591488, 2.03056) (-2.39222, 2.21491) (1.47308, -1.73373) (-1.36256, 1.16879) (-3.12174, 1.8092) (-1.63055, -0.495663) 
(0.524588, 2.01957) (-2.39222, 2.21491) (1.45852, -1.73465) (-1.31598, 1.13178) (-3.12174, 1.8092) (-1.61748, -0.444221) 
(0.476856, 2.00728) (-2.39222, 2.21491) (1.44604, -1.73406) (-1.27885, 1.10163) (-3.12174, 1.8092) (-1.60657, -0.400574) 
(0.4179, 1.98088) (-2.39222, 2.21491) (1.43236, -1.73137) (-1.23289, 1.06375) (-3.12174, 1.8092) (-1.59018, -0.338874) 
(0.371976, 1.94855) (-2.39222, 2.21491) (1.42716, -1.72912) (-1.19033, 1.02984) (-3.12174, 1.8092) (-1.57786, -0.287305) 
(0.320737, 1.91022) (-2.39222, 2.21491) (1.42278, -1.72813) (-1.14237, 0.988413) (-3.12174, 1.8092) (-1.56443, -0.23416) 
(0.279982, 1.89351) (-2.39222, 2.21491) (1.41891, -1.7271) (-1.09985, 0.954265) (-3.12174, 1.8092) (-1.55049, -0.190065) 
(0.234734, 1.88447) (-2.39222, 2.21491) (1.41506, -1.72589) (-1.05204, 0.914149) (-3.12174, 1.8092) (-1.53336, -0.137041) 
(0.203046, 1.87839) (-2.39222, 2.21491) (1.41126, -1.72543) (-1.01038, 0.879857) (-3.12174, 1.8092) (-1.51678, -0.0900183) 
(0.174696, 1.87244) (-2.39222, 2.21491) (1.40778, -1.7245) (-0.971542, 0.845635) (-3.12174, 1.8092) (-1.4991, -0.0460353) 
(0.14173, 1.86833) (-2.39222, 2.21491) (1.40282, -1.72319) (-0.92103, 0.806308) (-3.12174, 1.8092) (-1.47582, 0.00348623) 
(0.110155, 1.86967) (-2.39222, 2.21491) (1.39683, -1.72208) (-0.876512, 0.769488) (-3.12174, 1.8092) (-1.45376, 0.0477195) 
(0.0873115, 1.86791) (-2.39222, 2.21491) (1.39111, -1.7204) (-0.829623, 0.730363) (-3.12174, 1.8092) (-1.42544, 0.099362) 
(0.0800821, 1.86454) (-2.39222, 2.21491) (1.38786, -1.72003) (-0.787991, 0.697959) (-3.12174, 1.8092) (-1.39896, 0.134821) 
(0.0740894, 1.86167) (-2.39222, 2.21491) (1.38546, -1.72115) (-0.740249, 0.658208) (-3.12174, 1.8092) (-1.36221, 0.178332) 
(0.0649953, 1.86067) (-2.39222, 2.21491) (1.3851, -1.72268) (-0.707525, 0.631167) (-3.12174, 1.8092) (-1.33903, 0.203395) 
(0.0492572, 1.85921) (-2.39222, 2.21491) (1.38675, -1.72432) (-0.656074, 0.589331) (-3.12174, 1.8092) (-1.30701, 0.239089) 
(0.0390585, 1.8519) (-2.39222, 2.21491) (1.38938, -1.72488) (-0.608328, 0.55073) (-3.12174, 1.8092) (-1.2868, 0.270617) 
(0.0376159, 1.84671) (-2.39222, 2.21491) (1.39273, -1.72541) (-0.574479, 0.522453) (-3.12174, 1.8092) (-1.26699, 0.301084) 
(0.0384265, 1.84169) (-2.39222, 2.21491) (1.40115, -1.72598) (-0.534027, 0.489917) (-3.12174, 1.8092) (-1.24322, 0.336719) 
(0.0373448, 1.83642) (-2.39222, 2.21491) (1.40808, -1.72622) (-0.507671, 0.467339) (-3.12174, 1.8092) (-1.22735, 0.361436) 
(0.0262243, 1.81776) (-2.39222, 2.21491) (1.42508, -1.72738) (-0.435048, 0.413119) (-3.12174, 1.8092) (-1.20819, 0.400859) 
(0.0130828, 1.79872) (-2.39222, 2.21491) (1.43759, -1.72912) (-0.383566, 0.370748) (-3.12174, 1.8092) (-1.20187, 0.435342) 
(0.00131092, 1.783) (-2.39222, 2.21491) (1.44874, -1.73134) (-0.337017, 0.333645) (-3.12174, 1.8092) (-1.20161, 0.468169) 
(-0.0221879, 1.7648) (-2.39222, 2.21491) (1.45987, -1.73338) (-0.286558, 0.29303) (-3.12174, 1.8092) (-1.20489, 0.50603) 
(-0.0608707, 1.74259) (-2.39222, 2.21491) (1.4697, -1.73371) (-0.243122, 0.257374) (-3.12174, 1.8092) (-1.20884, 0.54586) 
(-0.101957, 1.72171) (-2.39222, 2.21491) (1.47792, -1.73316) (-0.201317, 0.223608) (-3.12174, 1.8092) (-1.21212, 0.579185) 
(-0.157128, 1.69547) (-2.39222, 2.21491) (1.48683, -1.73207) (-0.149577, 0.183409) (-3.12174, 1.8092) (-1.20852, 0.626305) 
(-0.199054, 1.67681) (-2.39222, 2.21491) (1.4922, -1.73105) (-0.109528, 0.148018) (-3.12174, 1.8092) (-1.20171, 0.658744) 
(-0.238181, 1.65868) (-2.39222, 2.21491) (1.49618, -1.7304) (-0.0609007, 0.107723) (-3.12174, 1.8092) (-1.19082, 0.69868) 
(-0.260016, 1.64642) (-2.39222, 2.21491) (1.49681, -1.73034) (-0.0226609, 0.0758823) (-3.12174, 1.8092) (-1.17853, 0.734877) 
(-0.283903, 1.62803) (-2.39222, 2.21491) (1.4934, -1.73105) (0.032774, 0.0305985) (-3.12174, 1.8092) (-1.16961, 0.778897) 
(-0.303142, 1.61429) (-2.39222, 2.21491) (1.48999, -1.73157) (0.0754764, -0.00399253) (-3.12174, 1.8092) (-1.17301, 0.809739) 
(-0.320684, 1.60254) (-2.39222, 2.21491) (1.48729, -1.73203) (0.112961, -0.0341981) (-3.12174, 1.8092) (-1.17306, 0.846338) 
(-0.341682, 1.58522) (-2.39222, 2.21491) (1.48485, -1.73219) (0.167903, -0.07684) (-3.12174, 1.8092) (-1.17388, 0.899159) 
(-0.355465, 1.56937) (-2.39222, 2.21491) (1.48219, -1.73147) (0.209336, -0.111166) (-3.12174, 1.8092) (-1.17404, 0.944937) 
(-0.369185, 1.5487) (-2.39222, 2.21491) (1.47647, -1.72852) (0.256495, -0.149515) (-3.12174, 1.8092) (-1.17166, 0.99681) 
(-0.383039, 1.52108) (-2.39222, 2.21491) (1.46826, -1.72407) (0.305161, -0.189183) (-3.12174, 1.8092) (-1.16682, 1.05049) 
(-0.407133, 1.48462) (-2.39222, 2.21491) (1.46579, -1.72206) (0.350354, -0.227095) (-3.12174, 1.8092) (-1.15849, 1.10807) 
(-0.428206, 1.45734) (-2.39222, 2.21491) (1.47813, -1.7266) (0.391015, -0.257976) (-3.12174, 1.8092) (-1.15076, 1.15833) 
(-0.444005, 1.44882) (-2.39222, 2.21491) (1.4992, -1.73715) (0.442241, -0.29744) (-3.12174, 1.8092) (-1.13664, 1.22101) 
(-0.454619, 1.46238) (-2.39222, 2.21491) (1.51201, -1.74165) (0.479501, -0.324301) (-3.12174, 1.8092) (-1.12735, 1.2681) 
(-0.474933, 1.50353) (-2.39222, 2.21491) (1.52461, -1.74553) (0.532919, -0.359872) (-3.12174, 1.8092) (-1.11412, 1.33067) 
(-0.500068, 1.54657) (-2.39222, 2.21491) (1.53105, -1.74883) (0.579193, -0.389008) (-3.12174, 1.8092) (-1.1033, 1.38499) 
(-0.531722, 1.59032) (-2.39222, 2.21491) (1.5332, -1.7502) (0.625682, -0.419314) (-3.12174, 1.8092) (-1.09369, 1.43386) 
(-0.556167, 1.62653) (-2.39222, 2.21491) (1.52998, -1.74966) (0.666886, -0.445273) (-3.12174, 1.8092) (-1.08884, 1.47514) 
(-0.571212, 1.67064) (-2.39222, 2.21491) (1.52501, -1.74773) (0.719482, -0.476724) (-3.12174, 1.8092) (-1.08536, 1.52781) 
(-0.565453, 1.71871) (-2.39222, 2.21491) (1.51858, -1.74482) (0.772199, -0.508273) (-3.12174, 1.8092) (-1.08605, 1.5768) 
(-0.539818, 1.7852) (-2.39222, 2.21491) (1.49244, -1.7343) (0.826291, -0.543256) (-3.12174, 1.8092) (-1.0966, 1.61438) 
(-0.505924, 1.83587) (-2.39222, 2.21491) (1.44538, -1.71775) (0.863565, -0.568059) (-3.12174, 1.8092) (-1.10716, 1.6441) 
(-0.456916, 1.88786) (-2.39222, 2.21491) (1.37429, -1.69298) (0.91092, -0.600836) (-3.12174, 1.8092) (-1.12855, 1.68443) 
(-0.425504, 1.92362) (-2.39222, 2.21491) (1.32537, -1.68165) (0.950032, -0.630389) (-3.12174, 1.8092) (-1.14312, 1.71532) 
(-0.414325, 1.98888) (-2.39222, 2.21491) (1.27531, -1.67754) (0.997656, -0.666324) (-3.12174, 1.8092) (-1.15856, 1.75362) 
(-0.425512, 2.0566) (-2.39222, 2.21491) (1.232, -1.67887) (1.03521, -0.699483) (-3.12174, 1.8092) (-1.16126, 1.78698) 
(-0.447593, 2.11003) (-2.39222, 2.21491) (1.19509, -1.68022) (1.06512, -0.726917) (-3.12174, 1.8092) (-1.16266, 1.81923) 
(-0.503764, 2.18554) (-2.39222, 2.21491) (1.13592, -1.67494) (1.11342, -0.77191) (-3.12174, 1.8092) (-1.15367, 1.85692) 
(-0.569712, 2.25155) (-2.39222, 2.21491) (1.07827, -1.66339) (1.15464, -0.811428) (-3.12174, 1.8092) (-1.14392, 1.87129) 
(-0.642949, 2.31222) (-2.39222, 2.21491) (1.0187, -1.64526) (1.19628, -0.850603) (-3.12174, 1.8092) (-1.12786, 1.89058) 
(-0.707049, 2.35581) (-2.39222, 2.21491) (0.955945, -1.62637) (1.23543, -0.886224) (-3.12174, 1.8092) (-1.10631, 1.90896) 
(-0.759198, 2.38887) (-2.39222, 2.21491) (0.893884, -1.61882) (1.27497, -0.922249) (-3.12174, 1.8092) (-1.08686, 1.92027) 
(-0.798467, 2.4249) (-2.39222, 2.21491) (0.835889, -1.62233) (1.32407, -0.966248) (-3.12174, 1.8092) (-1.06217, 1.92664) 
(-0.816695, 2.45792) (-2.39222, 2.21491) (0.792368, -1.62721) (1.36587, -1.00314) (-3.12174, 1.8092) (-1.04015, 1.92791) 
(-0.828376, 2.50257) (-2.39222, 2.21491) (0.748554, -1.63532) (1.41426, -1.04691) (-3.12174, 1.8092) (-1.01202, 1.92675) 
(-0.828966, 2.54482) (-2.39222, 2.21491) (0.702636, -1.63706) (1.46138, -1.09084) (-3.12174, 1.8092) (-0.986702, 1.9222) 
(-0.824655, 2.57846) (-2.39222, 2.21491) (0.66445, -1.63948) (1.50505, -1.13222) (-3.12174, 1.8092) (-0.967794, 1.91858) 
(-0.818756, 2.60956) (-2.39222, 2.21491) (0.620556, -1.64613) (1.546, -1.16897) (-3.12174, 1.8092) (-0.951782, 1.91913) 
(-0.806453, 2.63605) (-2.39222, 2.21491) (0.561929, -1.65408) (1.58603, -1.205) (-3.12174, 1.8092) (-0.946492, 1.92273) 
(-0.793918, 2.65167) (-2.39222, 2.21491) (0.49407, -1.66156) (1.63388, -1.24778) (-3.12174, 1.8092) (-0.932648, 1.92988) 
(-0.788157, 2.65962) (-2.39222, 2.21491) (0.430913, -1.6641) (1.67464, -1.28565) (-3.12174, 1.8092) (-0.918613, 1.93936) 
(-0.784375, 2.66529) (-2.39222, 2.21491) (0.365682, -1.66382) (1.71587, -1.32216) (-3.12174, 1.8092) (-0.904733, 1.94949) 
(-0.780432, 2.66896) (-2.39222, 2.21491) (0.315102, -1.65864) (1.75295, -1.35568) (-3.12174, 1.8092) (-0.889259, 1.96078) 
(-0.77458, 2.66824) (-2.39222, 2.21491) (0.239856, -1.65044) (1.80719, -1.4051) (-3.12174, 1.8092) (-0.868886, 1.97431) 
(-0.770411, 2.66429) (-2.39222, 2.21491) (0.17816, -1.64024) (1.84753, -1.44199) (-3.12174, 1.8092) (-0.849342, 1.98532) 
(-0.76639, 2.6579) (-2.39222, 2.21491) (0.0986994, -1.62175) (1.88806, -1.47941) (-3.12174, 1.8092) (-0.818005, 2.00012) 
(-0.764499, 2.65232) (-2.39222, 2.21491) (0.0366937, -1.60873) (1.92517, -1.51502) (-3.12174, 1.8092) (-0.785475, 2.0136) 
(-0.762781, 2.64877) (-2.39222, 2.21491) (-0.0131838, -1.60715) (1.94409, -1.53128) (-3.12174, 1.8092) (-0.759438, 2.0247) 
(-0.760533, 2.64684) (-2.39222, 2.21491) (-0.0846917, -1.60741) (1.94167, -1.53027) (-3.12174, 1.8092) (-0.728879, 2.03933) 
(-0.757862, 2.64601) (-2.39222, 2.21491) (-0.140656, -1.61087) (1.93801, -1.52466) (-3.12174, 1.8092) (-0.695249, 2.05534) 
(-0.756592, 2.64153) (-2.39222, 2.21491) (-0.200974, -1.61393) (1.93885, -1.5264) (-3.12174, 1.8092) (-0.663153, 2.0706) 
(-0.757979, 2.63067) (-2.39222, 2.21491) (-0.281324, -1.62124) (1.94375, -1.53164) (-3.12174, 1.8092) (-0.621015, 2.09059) 
(-0.757301, 2.62335) (-2.39222, 2.21491) (-0.388985, -1.64101) (1.94306, -1.53027) (-3.12174, 1.8092) (-0.578063, 2.11277) 
(-0.753268, 2.61598) (-2.39222, 2.21491) (-0.500856, -1.66074) (1.94319, -1.53026) (-3.12174, 1.8092) (-0.536935, 2.13321) 
(-0.743781, 2.60526) (-2.39222, 2.21491) (-0.606575, -1.67667) (1.94309, -1.53041) (-3.12174, 1.8092) (-0.48867, 2.15797) 
(-0.734079, 2.59926) (-2.39222, 2.21491) (-0.697362, -1.68131) (1.94298, -1.53038) (-3.12174, 1.8092) (-0.449781, 2.17296) 
(-0.724701, 2.59555) (-2.39222, 2.21491) (-0.779573, -1.67482) (1.94305, -1.53045) (-3.12174, 1.8092) (-0.407997, 2.18827) 
