(2.26466, 2.00631) (-3.27099, 2.28561) (2.24693, -1.85241) (-2.35302, 2.17195) (-3.32121, 2.68918) (-2.34317, -1.46644) 
(2.26657, 2.00644) (-3.27099, 2.28561) (2.24673, -1.8518) (-2.35302, 2.17196) (-3.32121, 2.68918) (-2.34316, -1.46644) 
(2.26734, 2.00678) (-3.27099, 2.28561) (2.24567, -1.85065) (-2.35109, 2.1712) (-3.32121, 2.68918) (-2.34345, -1.46671) 
(2.26778, 2.00788) (-3.27099, 2.28561) (2.24489, -1.8483) (-2.34612, 2.16996) (-3.32121, 2.68918) (-2.34305, -1.46718) 
(2.26791, 2.00919) (-3.27099, 2.28561) (2.24434, -1.84573) (-2.33738, 2.16935) (-3.32121, 2.68918) (-2.336, -1.46754) 
(2.26747, 2.00964) (-3.27099, 2.28561) (2.24345, -1.8427) (-2.32626, 2.16785) (-3.32121, 2.68918) (-2.32345, -1.46849) 
(2.26709, 2.00969) (-3.27099, 2.28561) (2.24115, -1.84055) (-2.31697, 2.16683) (-3.32121, 2.68918) (-2.31029, -1.46915) 
(2.26532, 2.00915) (-3.27099, 2.28561) (2.23341, -1.83945) (-2.30067, 2.16557) (-3.32121, 2.68918) (-2.29353, -1.4711) 
(2.25926, 2.00585) (-3.27099, 2.28561) (2.21872, -1.84278) (-2.28108, 2.16355) (-3.32121, 2.68918) (-2.27501, -1.47217) 
(2.25197, 2.00069) (-3.27099, 2.28561) (2.20147, -1.84967) (-2.26383, 2.16237) (-3.32121, 2.68918) (-2.2628, -1.47238) 
(2.2366, 1.99027) (-3.27099, 2.28561) (2.16928, -1.85923) (-2.23694, 2.16049) (-3.32121, 2.68918) (-2.23873, -1.47352) 
(2.22115, 1.97988) (-3.27099, 2.28561) (2.14115, -1.86396) (-2.21738, 2.15873) (-3.32121, 2.68918) (-2.21904, -1.4742) 
(2.19705, 1.97014) (-3.27099, 2.28561) (2.11207, -1.8624) (-2.19202, 2.1565) (-3.32121, 2.68918) (-2.19322, -1.47585) 
(2.15566, 1.96719) (-3.27099, 2.28561) (2.07867, -1.84937) (-2.15796, 2.15377) (-3.32121, 2.68918) (-2.16375, -1.47761) 
(2.10263, 1.96891) (-3.27099, 2.28561) (2.04798, -1.82512) (-2.12348, 2.15142) (-3.32121, 2.68918) (-2.13092, -1.47925) 
(2.0515, 1.9761) (-3.27099, 2.28561) (2.0272, -1.79514) (-2.09526, 2.14785) (-3.32121, 2.68918) (-2.10073, -1.48196) 
(1.9762, 1.99258) (-3.27099, 2.28561) (2.00614, -1.74394) (-2.05455, 2.14418) (-3.32121, 2.68918) (-2.06203, -1.48427) 
(1.90875, 2.01004) (-3.27099, 2.28561) (1.98878, -1.69161) (-2.0198, 2.1421) (-3.32121, 2.68918) (-2.02858, -1.48595) 
(1.82057, 2.03119) (-3.27099, 2.28561) (1.96337, -1.62343) (-1.96848, 2.13758) (-3.32121, 2.68918) (-1.97967, -1.48831) 
(1.75344, 2.04434) (-3.27099, 2.28561) (1.93979, -1.57411) (-1.93029, 2.1349) (-3.32121, 2.68918) (-1.94052, -1.49072) 
(1.68663, 2.0514) (-3.27099, 2.28561) (1.91057, -1.53152) (-1.88812, 2.13153) (-3.32121, 2.68918) (-1.90062, -1.49287) 
(1.60844, 2.05162) (-3.27099, 2.28561) (1.86788, -1.48814) (-1.84054, 2.12671) (-3.32121, 2.68918) (-1.85284, -1.49524) 
(1.54069, 2.04563) (-3.27099, 2.28561) (1.8216, -1.44936) (-1.79286, 2.12128) (-3.32121, 2.68918) (-1.80227, -1.49861) 
(1.46099, 2.02888) (-3.27099, 2.28561) (1.75885, -1.40504) (-1.7388, 2.11626) (-3.32121, 2.68918) (-1.74259, -1.50273) 
(1.39373, 2.00872) (-3.27099, 2.28561) (1.7014, -1.3727) (-1.68878, 2.11213) (-3.32121, 2.68918) (-1.69163, -1.50659) 
(1.30494, 1.98004) (-3.27099, 2.28561) (1.62147, -1.33174) (-1.62448, 2.10658) (-3.32121, 2.68918) (-1.62646, -1.51019) 
(1.23736, 1.9619) (-3.27099, 2.28561) (1.56946, -1.29746) (-1.57373, 2.10324) (-3.32121, 2.68918) (-1.57788, -1.51274) 
(1.17592, 1.95048) (-3.27099, 2.28561) (1.52451, -1.25911) (-1.52329, 2.09958) (-3.32121, 2.68918) (-1.52933, -1.51544) 
(1.10218, 1.94654) (-3.27099, 2.28561) (1.47164, -1.20785) (-1.45953, 2.09518) (-3.32121, 2.68918) (-1.46524, -1.51924) 
(1.04829, 1.94894) (-3.27099, 2.28561) (1.42707, -1.16471) (-1.40907, 2.09148) (-3.32121, 2.68918) (-1.41259, -1.52161) 
(0.991542, 1.95739) (-3.27099, 2.28561) (1.37772, -1.11126) (-1.35429, 2.08767) (-3.32121, 2.68918) (-1.35633, -1.52406) 
(0.939002, 1.97244) (-3.27099, 2.28561) (1.32947, -1.05348) (-1.3012, 2.08393) (-3.32121, 2.68918) (-1.30089, -1.52755) 
(0.889504, 1.98818) (-3.27099, 2.28561) (1.27656, -0.98918) (-1.24678, 2.07889) (-3.32121, 2.68918) (-1.24188, -1.53173) 
(0.847525, 1.99529) (-3.27099, 2.28561) (1.22957, -0.939784) (-1.19615, 2.08536) (-3.32121, 2.68918) (-1.18588, -1.53484) 
(0.811006, 1.99605) (-3.27099, 2.28561) (1.17967, -0.901298) (-1.15529, 2.09066) (-3.32121, 2.68918) (-1.13455, -1.53828) 
(0.775127, 1.99114) (-3.27099, 2.28561) (1.13351, -0.874424) (-1.10982, 2.09116) (-3.32121, 2.68918) (-1.08277, -1.54016) 
(0.736587, 1.98) (-3.27099, 2.28561) (1.07202, -0.844461) (-1.06268, 2.09452) (-3.32121, 2.68918) (-1.02273, -1.54358) 
(0.707638, 1.9742) (-3.27099, 2.28561) (1.01734, -0.826492) (-1.02268, 2.10355) (-3.32121, 2.68918) (-0.970819, -1.54642) 
(0.671287, 1.97951) (-3.27099, 2.28561) (0.95071, -0.816986) (-0.979184, 2.11534) (-3.32121, 2.68918) (-0.908725, -1.5508) 
(0.637151, 1.9975) (-3.27099, 2.28561) (0.883282, -0.813507) (-0.939117, 2.12889) (-3.32121, 2.68918) (-0.851379, -1.5539) 
(0.606213, 2.02411) (-3.27099, 2.28561) (0.824886, -0.81276) (-0.900542, 2.14289) (-3.32121, 2.68918) (-0.798732, -1.55798) 
(0.568099, 2.07101) (-3.27099, 2.28561) (0.761157, -0.806912) (-0.852028, 2.15958) (-3.32121, 2.68918) (-0.737485, -1.56194) 
(0.536903, 2.11918) (-3.27099, 2.28561) (0.710015, -0.796404) (-0.80825, 2.1747) (-3.32121, 2.68918) (-0.685961, -1.56528) 
(0.505162, 2.17501) (-3.27099, 2.28561) (0.638861, -0.775689) (-0.752496, 2.19431) (-3.32121, 2.68918) (-0.623866, -1.56834) 
(0.480617, 2.21275) (-3.27099, 2.28561) (0.572491, -0.750477) (-0.713885, 2.2037) (-3.32121, 2.68918) (-0.571924, -1.5711) 
(0.455466, 2.24607) (-3.27099, 2.28561) (0.491412, -0.710146) (-0.663575, 2.20653) (-3.32121, 2.68918) (-0.504655, -1.57336) 
(0.438004, 2.26546) (-3.27099, 2.28561) (0.42057, -0.668553) (-0.622169, 2.20214) (-3.32121, 2.68918) (-0.446419, -1.57708) 
(0.423222, 2.27533) (-3.27099, 2.28561) (0.347955, -0.628179) (-0.584024, 2.19216) (-3.32121, 2.68918) (-0.388519, -1.58078) 
(0.413977, 2.28132) (-3.27099, 2.28561) (0.277214, -0.598851) (-0.550714, 2.17975) (-3.32121, 2.68918) (-0.335471, -1.58362) 
(0.402387, 2.28375) (-3.27099, 2.28561) (0.22031, -0.582819) (-0.511722, 2.16375) (-3.32121, 2.68918) (-0.283952, -1.58762) 
(0.386899, 2.27575) (-3.27099, 2.28561) (0.145837, -0.576289) (-0.464834, 2.14295) (-3.32121, 2.68918) (-0.217182, -1.59205) 
(0.37827, 2.25528) (-3.27099, 2.28561) (0.0788217, -0.576169) (-0.424518, 2.12599) (-3.32121, 2.68918) (-0.164222, -1.59469) 
(0.379104, 2.21568) (-3.27099, 2.28561) (-0.0022313, -0.586383) (-0.37498, 2.10278) (-3.32121, 2.68918) (-0.101978, -1.59814) 
(0.384801, 2.17781) (-3.27099, 2.28561) (-0.0620534, -0.600405) (-0.341312, 2.08528) (-3.32121, 2.68918) (-0.0589585, -1.59983) 
(0.401087, 2.10416) (-3.27099, 2.28561) (-0.164727, -0.624878) (-0.292406, 2.05927) (-3.32121, 2.68918) (0.00896466, -1.60439) 
(0.410276, 2.04176) (-3.27099, 2.28561) (-0.23952, -0.638606) (-0.257334, 2.03311) (-3.32121, 2.68918) (0.0616177, -1.60814) 
(0.424766, 1.97914) (-3.27099, 2.28561) (-0.321556, -0.638583) (-0.221669, 2.00634) (-3.32121, 2.68918) (0.124212, -1.61134) 
(0.4363, 1.94406) (-3.27099, 2.28561) (-0.380686, -0.63276) (-0.192117, 1.9899) (-3.32121, 2.68918) (0.172781, -1.61412) 
(0.449815, 1.90996) (-3.27099, 2.28561) (-0.473795, -0.617958) (-0.148967, 1.96771) (-3.32121, 2.68918) (0.243976, -1.61861) 
(0.45356, 1.89586) (-3.27099, 2.28561) (-0.542639, -0.602046) (-0.112923, 1.96356) (-3.32121, 2.68918) (0.296844, -1.6219) 
(0.453264, 1.88188) (-3.27099, 2.28561) (-0.613828, -0.580903) (-0.0828754, 1.9624) (-3.32121, 2.68918) (0.351215, -1.62448) 
(0.455259, 1.86557) (-3.27099, 2.28561) (-0.711003, -0.551852) (-0.0477528, 1.96801) (-3.32121, 2.68918) (0.415124, -1.62839) 
(0.45765, 1.85337) (-3.27099, 2.28561) (-0.784657, -0.531679) (-0.0240974, 1.97745) (-3.32121, 2.68918) (0.469641, -1.63159) 
(0.458201, 1.84204) (-3.27099, 2.28561) (-0.863186, -0.524925) (0.00378804, 1.99103) (-3.32121, 2.68918) (0.53306, -1.63486) 
(0.458294, 1.83443) (-3.27099, 2.28561) (-0.92414, -0.530792) (0.0198309, 2.00742) (-3.32121, 2.68918) (0.588374, -1.63813) 
(0.454057, 1.82769) (-3.27099, 2.28561) (-0.992205, -0.542373) (0.0339657, 2.02201) (-3.32121, 2.68918) (0.64697, -1.6414) 
(0.445127, 1.82235) (-3.27099, 2.28561) (-1.06621, -0.567582) (0.0406758, 2.04362) (-3.32121, 2.68918) (0.708177, -1.64462) 
(0.436887, 1.81945) (-3.27099, 2.28561) (-1.12578, -0.596668) (0.0470031, 2.06049) (-3.32121, 2.68918) (0.756052, -1.64701) 
(0.42454, 1.81595) (-3.27099, 2.28561) (-1.22292, -0.649153) (0.0480058, 2.08606) (-3.32121, 2.68918) (0.830499, -1.65074) 
(0.416081, 1.81352) (-3.27099, 2.28561) (-1.28967, -0.680552) (0.0453817, 2.10559) (-3.32121, 2.68918) (0.887418, -1.65395) 
(0.402699, 1.81073) (-3.27099, 2.28561) (-1.36936, -0.699571) (0.0404598, 2.12768) (-3.32121, 2.68918) (0.954085, -1.65778) 
(0.38987, 1.80644) (-3.27099, 2.28561) (-1.43739, -0.707401) (0.0383078, 2.15015) (-3.32121, 2.68918) (1.00907, -1.65936) 
(0.376815, 1.80033) (-3.27099, 2.28561) (-1.5112, -0.715227) (0.0343012, 2.16975) (-3.32121, 2.68918) (1.06296, -1.66241) 
(0.359446, 1.79231) (-3.27099, 2.28561) (-1.60343, -0.722356) (0.039213, 2.18661) (-3.32121, 2.68918) (1.12662, -1.66644) 
(0.335744, 1.78383) (-3.27099, 2.28561) (-1.68974, -0.721327) (0.0423585, 2.20726) (-3.32121, 2.68918) (1.18454, -1.67017) 
(0.299805, 1.77858) (-3.27099, 2.28561) (-1.7754, -0.716976) (0.0518718, 2.22069) (-3.32121, 2.68918) (1.23923, -1.67332) 
(0.241277, 1.78201) (-3.27099, 2.28561) (-1.8732, -0.710286) (0.0642696, 2.2362) (-3.32121, 2.68918) (1.30457, -1.67725) 
(0.174868, 1.78791) (-3.27099, 2.28561) (-1.94305, -0.706032) (0.076658, 2.24714) (-3.32121, 2.68918) (1.35983, -1.68062) 
(0.0811733, 1.80009) (-3.27099, 2.28561) (-2.00458, -0.706731) (0.0939423, 2.25887) (-3.32121, 2.68918) (1.43019, -1.68428) 
(0.00423883, 1.81081) (-3.27099, 2.28561) (-2.03846, -0.710972) (0.108017, 2.26465) (-3.32121, 2.68918) (1.48069, -1.68717) 
(-0.101824, 1.82226) (-3.27099, 2.28561) (-2.088, -0.721234) (0.128919, 2.26984) (-3.32121, 2.68918) (1.54956, -1.69114) 
(-0.157709, 1.82528) (-3.27099, 2.28561) (-2.11396, -0.731949) (0.141138, 2.27122) (-3.32121, 2.68918) (1.58913, -1.69382) 
(-0.256153, 1.82814) (-3.27099, 2.28561) (-2.16015, -0.759146) (0.162878, 2.2693) (-3.32121, 2.68918) (1.65901, -1.69708) 
(-0.354669, 1.82605) (-3.27099, 2.28561) (-2.20385, -0.784463) (0.181763, 2.26374) (-3.32121, 2.68918) (1.72449, -1.70035) 
(-0.449825, 1.82085) (-3.27099, 2.28561) (-2.23435, -0.812172) (0.200004, 2.25662) (-3.32121, 2.68918) (1.78293, -1.70353) 
(-0.537761, 1.81478) (-3.27099, 2.28561) (-2.25288, -0.836455) (0.216816, 2.24906) (-3.32121, 2.68918) (1.83688, -1.70624) 
(-0.645146, 1.81107) (-3.27099, 2.28561) (-2.26603, -0.871399) (0.240149, 2.24078) (-3.32121, 2.68918) (1.90273, -1.70949) 
(-0.730115, 1.81457) (-3.27099, 2.28561) (-2.2712, -0.90529) (0.259785, 2.23605) (-3.32121, 2.68918) (1.9601, -1.71182) 
(-0.839087, 1.82605) (-3.27099, 2.28561) (-2.27106, -0.952924) (0.291882, 2.23003) (-3.32121, 2.68918) (2.03063, -1.71605) 
(-0.915939, 1.83706) (-3.27099, 2.28561) (-2.26931, -0.988817) (0.317994, 2.2267) (-3.32121, 2.68918) (2.07827, -1.71776) 
(-1.02635, 1.85775) (-3.27099, 2.28561) (-2.26958, -1.04183) (0.351891, 2.22325) (-3.32121, 2.68918) (2.14173, -1.72083) 
(-1.11499, 1.8786) (-3.27099, 2.28561) (-2.27243, -1.08777) (0.386445, 2.2196) (-3.32121, 2.68918) (2.18732, -1.72331) 
(-1.20799, 1.90569) (-3.27099, 2.28561) (-2.27617, -1.1313) (0.420444, 2.21535) (-3.32121, 2.68918) (2.23439, -1.72547) 
(-1.31951, 1.94108) (-3.27099, 2.28561) (-2.28619, -1.18077) (0.466804, 2.21002) (-3.32121, 2.68918) (2.26101, -1.72742) 
(-1.39338, 1.96333) (-3.27099, 2.28561) (-2.30062, -1.20645) (0.498745, 2.20516) (-3.32121, 2.68918) (2.25708, -1.7266) 
(-1.47269, 1.98347) (-3.27099, 2.28561) (-2.31685, -1.2246) (0.539784, 2.19775) (-3.32121, 2.68918) (2.25031, -1.72624) 
(-1.57429, 2.0059) (-3.27099, 2.28561) (-2.34238, -1.23413) (0.590742, 2.18978) (-3.32121, 2.68918) (2.25512, -1.72646) 
(-1.6536, 2.02059) (-3.27099, 2.28561) (-2.36422, -1.23054) (0.635316, 2.18161) (-3.32121, 2.68918) (2.25689, -1.72664) 
(-1.75289, 2.03416) (-3.27099, 2.28561) (-2.39257, -1.21416) (0.693634, 2.171) (-3.32121, 2.68918) (2.2563, -1.72655) 
(-1.82449, 2.04279) (-3.27099, 2.28561) (-2.41095, -1.19775) (0.737294, 2.16363) (-3.32121, 2.68918) (2.25605, -1.72656) 
(-1.91313, 2.05788) (-3.27099, 2.28561) (-2.43038, -1.17526) (0.798093, 2.15392) (-3.32121, 2.68918) (2.25615, -1.72654) 
(-1.97803, 2.07332) (-3.27099, 2.28561) (-2.43837, -1.16348) (0.844213, 2.14737) (-3.32121, 2.68918) (2.25614, -1.72653) 
(-2.0338, 2.09076) (-3.27099, 2.28561) (-2.44615, -1.15789) (0.89376, 2.14093) (-3.32121, 2.68918) (2.25608, -1.72654) 
(-2.09934, 2.11187) (-3.27099, 2.28561) (-2.45108, -1.1622) (0.952931, 2.13278) (-3.32121, 2.68918) (2.25606, -1.72654) 
(-2.15324, 2.13226) (-3.27099, 2.28561) (-2.45239, -1.17473) (1.00519, 2.12549) (-3.32121, 2.68918) (2.25607, -1.72655) 
(-2.20619, 2.15736) (-3.27099, 2.28561) (-2.45405, -1.19445) (1.05983, 2.1179) (-3.32121, 2.68918) (2.25605, -1.72655) 
(-2.25421, 2.18284) (-3.27099, 2.28561) (-2.45525, -1.22262) (1.11715, 2.11132) (-3.32121, 2.68918) (2.25606, -1.72654) 
(-2.29414, 2.20301) (-3.27099, 2.28561) (-2.4574, -1.25417) (1.17261, 2.10457) (-3.32121, 2.68918) (2.25603, -1.72654) 
(-2.32198, 2.21426) (-3.27099, 2.28561) (-2.45605, -1.28017) (1.22175, 2.09712) (-3.32121, 2.68918) (2.25604, -1.72654) 
(-2.34363, 2.22162) (-3.27099, 2.28561) (-2.45465, -1.30546) (1.27515, 2.0895) (-3.32121, 2.68918) (2.25605, -1.72653) 
(-2.35931, 2.22448) (-3.27099, 2.28561) (-2.45195, -1.32258) (1.32358, 2.08429) (-3.32121, 2.68918) (2.25604, -1.72654) 
(-2.37573, 2.22305) (-3.27099, 2.28561) (-2.45225, -1.33452) (1.38123, 2.07749) (-3.32121, 2.68918) (2.25603, -1.72654) 
(-2.38756, 2.21886) (-3.27099, 2.28561) (-2.45235, -1.33909) (1.43084, 2.07024) (-3.32121, 2.68918) (2.25603, -1.72654) 
(-2.3997, 2.21093) (-3.27099, 2.28561) (-2.45446, -1.33897) (1.49208, 2.06415) (-3.32121, 2.68918) (2.25602, -1.72654) 
(-2.4095, 2.20447) (-3.27099, 2.28561) (-2.45567, -1.33528) (1.54182, 2.05948) (-3.32121, 2.68918) (2.25602, -1.72654) 
(-2.42501, 2.1959) (-3.27099, 2.28561) (-2.4534, -1.3288) (1.59632, 2.05341) (-3.32121, 2.68918) (2.25602, -1.72654) 
(-2.448, 2.18856) (-3.27099, 2.28561) (-2.45056, -1.32144) (1.65604, 2.04719) (-3.32121, 2.68918) (2.25601, -1.72654) 
(-2.47187, 2.18065) (-3.27099, 2.28561) (-2.45067, -1.31422) (1.70558, 2.04409) (-3.32121, 2.68918) (2.256, -1.72654) 
(-2.49717, 2.1683) (-3.27099, 2.28561) (-2.45106, -1.3071) (1.75492, 2.03939) (-3.32121, 2.68918) (2.256, -1.72654) 
(-2.52215, 2.1577) (-3.27099, 2.28561) (-2.45048, -1.29916) (1.81991, 2.03594) (-3.32121, 2.68918) (2.256, -1.72654) 
(-2.53377, 2.15736) (-3.27099, 2.28561) (-2.45156, -1.29358) (1.87882, 2.03194) (-3.32121, 2.68918) (2.256, -1.72654) 
(-2.53896, 2.16565) (-3.27099, 2.28561) (-2.45117, -1.28982) (1.92535, 2.03084) (-3.32121, 2.68918) (2.256, -1.72654) 
(-2.54233, 2.17866) (-3.27099, 2.28561) (-2.44963, -1.2858) (1.97979, 2.02711) (-3.32121, 2.68918) (2.256, -1.72655) 
(-2.54351, 2.19348) (-3.27099, 2.28561) (-2.44926, -1.2836) (2.03485, 2.02667) (-3.32121, 2.68918) (2.25599, -1.72653) 
(-2.54278, 2.20698) (-3.27099, 2.28561) (-2.44988, -1.28259) (2.07782, 2.02631) (-3.32121, 2.68918) (2.25599, -1.72653) 
(-2.5407, 2.2276) (-3.27099, 2.28561) (-2.45055, -1.2825) (2.13692, 2.02622) (-3.32121, 2.68918) (2.25598, -1.72654) 
(-2.53942, 2.24449) (-3.27099, 2.28561) (-2.4512, -1.28417) (2.18109, 2.02627) (-3.32121, 2.68918) (2.25598, -1.72655) 
(-2.53748, 2.26261) (-3.27099, 2.28561) (-2.45315, -1.28768) (2.22866, 2.02738) (-3.32121, 2.68918) (2.25599, -1.72654) 
(-2.53554, 2.27727) (-3.27099, 2.28561) (-2.45712, -1.29327) (2.26202, 2.02772) (-3.32121, 2.68918) (2.25598, -1.72653) 
(-2.53376, 2.28542) (-3.27099, 2.28561) (-2.46042, -1.30071) (2.26984, 2.02851) (-3.32121, 2.68918) (2.25597, -1.72654) 
(-2.53225, 2.28918) (-3.27099, 2.28561) (-2.46452, -1.3124) (2.25795, 2.0281) (-3.32121, 2.68918) (2.25598, -1.72653) 
(-2.5313, 2.28769) (-3.27099, 2.28561) (-2.46514, -1.32155) (2.25897, 2.02766) (-3.32121, 2.68918) (2.25596, -1.72656) 
(-2.531, 2.28407) (-3.27099, 2.28561) (-2.46299, -1.32917) (2.26709, 2.02828) (-3.32121, 2.68918) (2.25595, -1.72655) 
(-2.53224, 2.27716) (-3.27099, 2.28561) (-2.45863, -1.33796) (2.26517, 2.02815) (-3.32121, 2.68918) (2.25595, -1.72655) 
(-2.53299, 2.27186) (-3.27099, 2.28561) (-2.45651, -1.3438) (2.26543, 2.02813) (-3.32121, 2.68918) (2.25595, -1.72656) 
(-2.53353, 2.26506) (-3.27099, 2.28561) (-2.45558, -1.35032) (2.26539, 2.02824) (-3.32121, 2.68918) (2.25597, -1.72653) 
(-2.53299, 2.25859) (-3.27099, 2.28561) (-2.45406, -1.35503) (2.26527, 2.02833) (-3.32121, 2.68918) (2.25596, -1.72655) 
(-2.53361, 2.25082) (-3.27099, 2.28561) (-2.45554, -1.35984) (2.26524, 2.02812) (-3.32121, 2.68918) (2.25595, -1.72654) 
(-2.53415, 2.24163) (-3.27099, 2.28561) (-2.45857, -1.36388) (2.26527, 2.02815) (-3.32121, 2.68918) (2.25595, -1.72654) 
(-2.53372, 2.2347) (-3.27099, 2.28561) (-2.46043, -1.3659) (2.26522, 2.02817) (-3.32121, 2.68918) (2.25596, -1.72654) 
(-2.53232, 2.2262) (-3.27099, 2.28561) (-2.46267, -1.36896) (2.26525, 2.02817) (-3.32121, 2.68918) (2.25595, -1.72655) 
(-2.53119, 2.2163) (-3.27099, 2.28561) (-2.46324, -1.37268) (2.26525, 2.02826) (-3.32121, 2.68918) (2.25594, -1.72654) 
(-2.53149, 2.20796) (-3.27099, 2.28561) (-2.45928, -1.37385) (2.26524, 2.02823) (-3.32121, 2.68918) (2.25594, -1.72655) 
(-2.53035, 2.19912) (-3.27099, 2.28561) (-2.4505, -1.37309) (2.2652, 2.02807) (-3.32121, 2.68918) (2.25594, -1.72654) 
(-2.53008, 2.18922) (-3.27099, 2.28561) (-2.44114, -1.37106) (2.26523, 2.02816) (-3.32121, 2.68918) (2.25595, -1.72654) 
(-2.52947, 2.18022) (-3.27099, 2.28561) (-2.43329, -1.37097) (2.26521, 2.02815) (-3.32121, 2.68918) (2.25593, -1.72655) 
(-2.52632, 2.17437) (-3.27099, 2.28561) (-2.42569, -1.37106) (2.2652, 2.02819) (-3.32121, 2.68918) (2.25595, -1.72654) 
(-2.5242, 2.17172) (-3.27099, 2.28561) (-2.42186, -1.37191) (2.26522, 2.02816) (-3.32121, 2.68918) (2.25596, -1.72653) 
(-2.51747, 2.16775) (-3.27099, 2.28561) (-2.41992, -1.37227) (2.26521, 2.02819) (-3.32121, 2.68918) (2.25594, -1.72654) 
(-2.51245, 2.16525) (-3.27099, 2.28561) (-2.41991, -1.37271) (2.26522, 2.02816) (-3.32121, 2.68918) (2.25594, -1.72655) 
(-2.5067, 2.16472) (-3.27099, 2.28561) (-2.42189, -1.37169) (2.26522, 2.02816) (-3.32121, 2.68918) (2.25593, -1.72655) 
(-2.50704, 2.16652) (-3.27099, 2.28561) (-2.42218, -1.3701) (2.26522, 2.02821) (-3.32121, 2.68918) (2.25594, -1.72654) 
(-2.50648, 2.16767) (-3.27099, 2.28561) (-2.41653, -1.37044) (2.26523, 2.0282) (-3.32121, 2.68918) (2.25596, -1.72654) 
(-2.50744, 2.16768) (-3.27099, 2.28561) (-2.40827, -1.36887) (2.26517, 2.02809) (-3.32121, 2.68918) (2.25593, -1.72655) 
