(2.03979, -1.66906) (-2.01618, -1.64066) (0.0296934, 2.54282) (-2.15291, 1.84953) (2.07206, 1.87172) (0.0726469, -2.06033) 
(2.03503, -1.67062) (-2.0258, -1.62993) (0.0308975, 2.54058) (-2.15656, 1.85278) (2.0729, 1.87265) (0.0726516, -2.06031) 
(2.03181, -1.67182) (-2.03507, -1.61755) (0.0332059, 2.5381) (-2.13471, 1.83559) (2.05263, 1.85447) (0.0726612, -2.06002) 
(2.02902, -1.6725) (-2.04274, -1.60605) (0.0347987, 2.53471) (-2.07711, 1.78798) (2.01801, 1.807) (0.072056, -2.06165) 
(2.02341, -1.67347) (-2.04771, -1.59627) (0.036005, 2.52973) (-2.02685, 1.75043) (1.98472, 1.77743) (0.0733434, -2.02333) 
(2.0112, -1.67562) (-2.04922, -1.58925) (0.0375621, 2.52486) (-1.99308, 1.72137) (1.96003, 1.75057) (0.0716358, -1.96256) 
(1.98245, -1.6776) (-2.04613, -1.57798) (0.0418104, 2.51455) (-1.94934, 1.68475) (1.92323, 1.71884) (0.0747859, -1.91052) 
(1.94571, -1.67453) (-2.03462, -1.56441) (0.0526176, 2.49864) (-1.90947, 1.65066) (1.88807, 1.68849) (0.0719418, -1.86616) 
(1.90129, -1.65536) (-2.01124, -1.54976) (0.0752915, 2.47263) (-1.8621, 1.61318) (1.84309, 1.6534) (0.0687149, -1.81459) 
(1.86512, -1.62934) (-1.98504, -1.54034) (0.0915925, 2.44774) (-1.82211, 1.58163) (1.80332, 1.623) (0.0664758, -1.76472) 
(1.81784, -1.5803) (-1.94612, -1.53342) (0.104762, 2.42126) (-1.77597, 1.54331) (1.75748, 1.58804) (0.0634819, -1.70396) 
(1.78205, -1.52037) (-1.90762, -1.53031) (0.110822, 2.40084) (-1.73867, 1.51218) (1.72041, 1.55935) (0.0607322, -1.65707) 
(1.74861, -1.43486) (-1.85893, -1.52785) (0.110732, 2.37818) (-1.69377, 1.47743) (1.67964, 1.52368) (0.0597307, -1.60084) 
(1.71829, -1.36549) (-1.81927, -1.52381) (0.10461, 2.35775) (-1.65748, 1.4483) (1.64456, 1.49668) (0.0587669, -1.55727) 
(1.66473, -1.28107) (-1.77015, -1.51197) (0.091185, 2.32722) (-1.61361, 1.41128) (1.60203, 1.45852) (0.0574437, -1.50077) 
(1.62228, -1.23401) (-1.73599, -1.49941) (0.0804268, 2.30218) (-1.5845, 1.3846) (1.57174, 1.43309) (0.0552732, -1.46021) 
(1.57811, -1.19803) (-1.70191, -1.48055) (0.0688124, 2.27623) (-1.55394, 1.36006) (1.54258, 1.40632) (0.0537686, -1.41851) 
(1.47122, -1.13096) (-1.63246, -1.44104) (0.0418087, 2.21937) (-1.48941, 1.30887) (1.48293, 1.35588) (0.0467725, -1.33969) 
(1.39499, -1.09288) (-1.58762, -1.41038) (0.0282604, 2.18274) (-1.45015, 1.27499) (1.44422, 1.3217) (0.0430583, -1.30209) 
(1.3033, -1.05275) (-1.54276, -1.36979) (0.0199932, 2.14756) (-1.40605, 1.24025) (1.40439, 1.29053) (0.0319069, -1.26428) 
(1.2208, -1.00271) (-1.49562, -1.30987) (0.018174, 2.11279) (-1.35788, 1.20355) (1.36099, 1.25477) (0.0173463, -1.21962) 
(1.18024, -0.960266) (-1.46049, -1.25786) (0.0228951, 2.08704) (-1.3175, 1.16978) (1.32906, 1.22453) (0.0100381, -1.18638) 
(1.14288, -0.906561) (-1.42368, -1.20853) (0.0310241, 2.05932) (-1.27963, 1.13834) (1.30094, 1.18928) (0.00547825, -1.14716) 
(1.10099, -0.842137) (-1.38204, -1.16505) (0.0434872, 2.02631) (-1.2389, 1.10708) (1.27021, 1.15103) (0.00707416, -1.10995) 
(1.03726, -0.766331) (-1.329, -1.12465) (0.0620793, 1.99104) (-1.20089, 1.0786) (1.24244, 1.1136) (0.0118362, -1.07535) 
(0.984429, -0.695587) (-1.28331, -1.10035) (0.0813083, 1.96516) (-1.16546, 1.05658) (1.22065, 1.08489) (0.0173596, -1.04799) 
(0.920901, -0.604714) (-1.22251, -1.07406) (0.108074, 1.93248) (-1.12448, 1.02992) (1.19385, 1.04041) (0.0242072, -1.01245) 
(0.858713, -0.534271) (-1.15838, -1.05062) (0.130008, 1.89973) (-1.08562, 1.00576) (1.16863, 0.99722) (0.0313209, -0.975318) 
(0.79239, -0.479303) (-1.09274, -1.03413) (0.146692, 1.86828) (-1.04939, 0.984674) (1.15489, 0.960685) (0.035982, -0.946907) 
(0.718333, -0.420041) (-1.01092, -1.01718) (0.158444, 1.8299) (-1.01043, 0.961746) (1.12737, 0.924168) (0.0369758, -0.911281) 
(0.647942, -0.370418) (-0.937297, -0.999808) (0.163385, 1.80098) (-0.986789, 0.935002) (1.1084, 0.888269) (0.038466, -0.872989) 
(0.563064, -0.328458) (-0.87067, -0.970583) (0.166264, 1.77009) (-0.960545, 0.902527) (1.08518, 0.850651) (0.0407153, -0.832906) 
(0.494736, -0.302693) (-0.831375, -0.943225) (0.16504, 1.74904) (-0.951034, 0.878391) (1.0753, 0.825197) (0.0429871, -0.806327) 
(0.391839, -0.256626) (-0.778323, -0.894996) (0.155466, 1.71919) (-0.939926, 0.843949) (1.05945, 0.779828) (0.0494899, -0.763071) 
(0.312492, -0.202449) (-0.732569, -0.844066) (0.142744, 1.69292) (-0.935393, 0.810628) (1.04481, 0.737091) (0.0582954, -0.72017) 
(0.266398, -0.158975) (-0.700817, -0.80273) (0.13274, 1.67476) (-0.934729, 0.790722) (1.0427, 0.713714) (0.0660818, -0.690228) 
(0.186233, -0.0681791) (-0.648238, -0.717291) (0.10749, 1.63694) (-0.926001, 0.756374) (1.02615, 0.675516) (0.0848539, -0.63848) 
(0.136216, 0.00162023) (-0.61844, -0.658949) (0.0869124, 1.60894) (-0.921536, 0.733965) (1.01094, 0.650543) (0.0970261, -0.607992) 
(0.0756987, 0.102861) (-0.579888, -0.581868) (0.0628222, 1.57069) (-0.916993, 0.704051) (0.980657, 0.615111) (0.117258, -0.566902) 
(0.0249014, 0.197411) (-0.541546, -0.523762) (0.0450011, 1.5354) (-0.910039, 0.664775) (0.953552, 0.592159) (0.131114, -0.536088) 
(-0.0324932, 0.279563) (-0.495776, -0.464115) (0.0314263, 1.50105) (-0.901608, 0.624279) (0.930194, 0.553762) (0.138376, -0.50227) 
(-0.0794213, 0.337762) (-0.454982, -0.421518) (0.0249494, 1.47522) (-0.891674, 0.587229) (0.914766, 0.525508) (0.144935, -0.472086) 
(-0.133873, 0.399209) (-0.408277, -0.376237) (0.0227818, 1.45212) (-0.879749, 0.549801) (0.907678, 0.488708) (0.148107, -0.446231) 
(-0.195327, 0.46049) (-0.35532, -0.332231) (0.022879, 1.4308) (-0.865516, 0.505216) (0.898064, 0.452095) (0.144798, -0.43046) 
(-0.262081, 0.51991) (-0.295932, -0.29423) (0.0238104, 1.40956) (-0.849669, 0.463942) (0.89174, 0.412813) (0.142425, -0.40004) 
(-0.32114, 0.569931) (-0.241436, -0.263895) (0.0266443, 1.39007) (-0.834165, 0.425284) (0.885112, 0.37744) (0.137526, -0.379459) 
(-0.391003, 0.640061) (-0.161325, -0.217611) (0.0362083, 1.36706) (-0.810643, 0.366746) (0.875934, 0.323901) (0.140065, -0.357117) 
(-0.433196, 0.716443) (-0.0888634, -0.169039) (0.0487918, 1.34728) (-0.792066, 0.315068) (0.865352, 0.272894) (0.152001, -0.336239) 
(-0.459439, 0.785306) (-0.0376458, -0.120718) (0.059347, 1.33081) (-0.773878, 0.267205) (0.853117, 0.225624) (0.16318, -0.313277) 
(-0.498415, 0.864912) (0.0165824, -0.0535923) (0.0713003, 1.31324) (-0.754282, 0.214971) (0.838809, 0.174557) (0.177535, -0.298286) 
(-0.543741, 0.950871) (0.0661502, 0.0152215) (0.0817909, 1.29736) (-0.73483, 0.170621) (0.822383, 0.124612) (0.195675, -0.283376) 
(-0.58414, 1.0199) (0.103615, 0.0714696) (0.0881799, 1.28677) (-0.715201, 0.136523) (0.812566, 0.0876472) (0.211211, -0.274869) 
(-0.664602, 1.12423) (0.163821, 0.175624) (0.0992806, 1.27189) (-0.683956, 0.081224) (0.79614, 0.0266345) (0.23853, -0.265604) 
(-0.730517, 1.1903) (0.217745, 0.268327) (0.108477, 1.25931) (-0.662226, 0.037111) (0.781553, -0.0204857) (0.261207, -0.263495) 
(-0.803599, 1.24044) (0.275579, 0.34371) (0.116129, 1.24505) (-0.641626, -0.00284067) (0.773532, -0.0696435) (0.279593, -0.267334) 
(-0.860114, 1.2743) (0.32127, 0.392221) (0.12058, 1.23294) (-0.624404, -0.0326894) (0.76713, -0.105315) (0.292107, -0.268626) 
(-0.924531, 1.31279) (0.377801, 0.442307) (0.125049, 1.21876) (-0.60927, -0.0596035) (0.767437, -0.140745) (0.304599, -0.271633) 
(-1.0438, 1.37121) (0.481539, 0.510964) (0.129501, 1.18904) (-0.571023, -0.109214) (0.780691, -0.208826) (0.334583, -0.271979) 
(-1.13183, 1.41042) (0.558301, 0.55861) (0.128022, 1.1651) (-0.549061, -0.133219) (0.796137, -0.246237) (0.34202, -0.268728) 
(-1.20604, 1.45374) (0.63302, 0.601615) (0.124147, 1.13772) (-0.523384, -0.156473) (0.81401, -0.277413) (0.354036, -0.262603) 
(-1.28484, 1.51481) (0.726566, 0.658203) (0.116174, 1.10047) (-0.485609, -0.185536) (0.841316, -0.307035) (0.367826, -0.252449) 
(-1.34939, 1.56175) (0.796349, 0.701598) (0.105465, 1.06394) (-0.450301, -0.209742) (0.868174, -0.327975) (0.378987, -0.243082) 
(-1.4236, 1.6127) (0.863187, 0.754979) (0.0892862, 1.02339) (-0.414456, -0.237234) (0.900132, -0.352195) (0.38144, -0.232937) 
(-1.51292, 1.66885) (0.932024, 0.82308) (0.0680055, 0.97807) (-0.373893, -0.270934) (0.930829, -0.364887) (0.38061, -0.229008) 
(-1.59497, 1.71358) (0.986437, 0.880295) (0.0533196, 0.944652) (-0.342895, -0.299519) (0.955523, -0.384171) (0.377561, -0.225714) 
(-1.67329, 1.74846) (1.0359, 0.93462) (0.0451223, 0.916172) (-0.312255, -0.329394) (0.976004, -0.394423) (0.378506, -0.216646) 
(-1.75749, 1.77735) (1.09449, 1.00373) (0.0411267, 0.878917) (-0.275046, -0.366733) (0.992205, -0.414976) (0.378561, -0.204396) 
(-1.8444, 1.78315) (1.17325, 1.09684) (0.0444766, 0.831251) (-0.224579, -0.417249) (1.01077, -0.437123) (0.377656, -0.183924) 
(-1.88683, 1.77656) (1.22561, 1.15129) (0.0472949, 0.799112) (-0.190303, -0.452764) (1.01507, -0.455509) (0.378375, -0.165266) 
(-1.92554, 1.76356) (1.299, 1.21566) (0.0526583, 0.753337) (-0.145874, -0.49616) (1.02651, -0.479008) (0.380354, -0.139575) 
(-1.94678, 1.74509) (1.36368, 1.26611) (0.0608088, 0.715193) (-0.107507, -0.532467) (1.03466, -0.492652) (0.382017, -0.115596) 
(-1.95694, 1.71998) (1.43282, 1.31688) (0.0733326, 0.675355) (-0.0653501, -0.570813) (1.04181, -0.509518) (0.38958, -0.0890151) 
(-1.96743, 1.6857) (1.51026, 1.37028) (0.0858326, 0.626762) (-0.0193203, -0.611206) (1.05208, -0.516113) (0.401585, -0.0518911) 
(-1.9818, 1.66576) (1.58675, 1.41362) (0.0944863, 0.575571) (0.024394, -0.648585) (1.05544, -0.522116) (0.415684, -0.0177004) 
(-2.00081, 1.65276) (1.66561, 1.45669) (0.0993411, 0.519993) (0.0646713, -0.680114) (1.06067, -0.533551) (0.431418, 0.0088281) 
(-2.01518, 1.64833) (1.71907, 1.48932) (0.0987433, 0.473751) (0.095152, -0.703073) (1.05857, -0.541366) (0.445391, 0.0269694) 
(-2.04684, 1.65044) (1.80378, 1.54603) (0.0924137, 0.39513) (0.150549, -0.739615) (1.05764, -0.557678) (0.468719, 0.046462) 
(-2.07823, 1.66738) (1.86385, 1.59627) (0.0867841, 0.337532) (0.194765, -0.767695) (1.05502, -0.568519) (0.492953, 0.0613597) 
(-2.1121, 1.68687) (1.91153, 1.64026) (0.0795168, 0.285964) (0.237308, -0.794392) (1.05548, -0.576005) (0.5131, 0.067907) 
(-2.15112, 1.69778) (1.96055, 1.68474) (0.0665393, 0.229346) (0.283867, -0.822176) (1.05543, -0.585751) (0.536202, 0.0722769) 
(-2.18375, 1.69906) (2.01238, 1.73488) (0.0469272, 0.161201) (0.334589, -0.855488) (1.05162, -0.598356) (0.561235, 0.0777842) 
(-2.19991, 1.70039) (2.05324, 1.77646) (0.0310278, 0.103911) (0.379206, -0.885375) (1.0467, -0.608116) (0.579509, 0.0840599) 
(-2.21122, 1.70873) (2.09664, 1.82106) (0.0291586, 0.0463347) (0.429675, -0.917337) (1.03365, -0.619273) (0.585966, 0.0896794) 
(-2.21753, 1.72493) (2.14173, 1.86465) (0.0373603, -0.0154074) (0.482968, -0.951779) (1.0186, -0.631265) (0.591777, 0.0998802) 
(-2.21562, 1.74471) (2.18069, 1.90824) (0.0473341, -0.0676155) (0.52716, -0.981453) (1.00321, -0.639814) (0.602276, 0.112851) 
(-2.20831, 1.76412) (2.2013, 1.93804) (0.0543489, -0.108464) (0.561398, -1.00608) (0.99181, -0.649659) (0.607947, 0.124211) 
(-2.18591, 1.80519) (2.23091, 1.99083) (0.0667961, -0.177704) (0.611654, -1.04615) (0.979215, -0.66252) (0.613586, 0.145334) 
(-2.16038, 1.84012) (2.24893, 2.03622) (0.0805527, -0.235064) (0.64867, -1.08104) (0.968693, -0.674719) (0.614261, 0.163999) 
(-2.13481, 1.86775) (2.25786, 2.07822) (0.096073, -0.286076) (0.672228, -1.11041) (0.964628, -0.682246) (0.612339, 0.180253) 
(-2.10845, 1.89074) (2.26357, 2.10766) (0.113445, -0.338017) (0.697426, -1.15161) (0.959182, -0.692918) (0.605948, 0.196923) 
(-2.08701, 1.90505) (2.2677, 2.11725) (0.126117, -0.388558) (0.716126, -1.18622) (0.957164, -0.701789) (0.600683, 0.208452) 
(-2.07195, 1.91439) (2.27767, 2.11083) (0.137474, -0.453344) (0.736488, -1.22069) (0.957293, -0.720068) (0.592815, 0.223554) 
(-2.0702, 1.91715) (2.28977, 2.09595) (0.145632, -0.510384) (0.759293, -1.25228) (0.960466, -0.735156) (0.585889, 0.238793) 
(-2.07546, 1.91536) (2.30424, 2.07782) (0.150267, -0.572953) (0.783794, -1.2737) (0.968099, -0.75447) (0.572664, 0.266486) 
(-2.08514, 1.9107) (2.32437, 2.05999) (0.149783, -0.639231) (0.81367, -1.29295) (0.978288, -0.770951) (0.561641, 0.296227) 
(-2.09389, 1.90906) (2.34109, 2.04678) (0.145596, -0.690642) (0.840476, -1.30573) (0.990159, -0.784037) (0.554638, 0.319456) 
(-2.1032, 1.90701) (2.35451, 2.03051) (0.138777, -0.749694) (0.865946, -1.31805) (1.0031, -0.796356) (0.547469, 0.346217) 
(-2.11534, 1.89872) (2.36243, 2.0022) (0.125649, -0.853196) (0.918559, -1.34111) (1.02783, -0.812423) (0.536811, 0.393175) 
(-2.12264, 1.8931) (2.36301, 1.98473) (0.127368, -0.91569) (0.962954, -1.36007) (1.04754, -0.820805) (0.526218, 0.435954) 
(-2.12966, 1.8893) (2.366, 1.96875) (0.139651, -0.976143) (1.00315, -1.37827) (1.06814, -0.826051) (0.514443, 0.474004) 
(-2.13619, 1.88699) (2.36905, 1.95839) (0.155048, -1.03762) (1.05272, -1.39794) (1.09253, -0.827359) (0.501154, 0.5168) 
(-2.13989, 1.88592) (2.36974, 1.95131) (0.165596, -1.09187) (1.09408, -1.41177) (1.1125, -0.825159) (0.490628, 0.554564) 
(-2.14157, 1.8855) (2.36515, 1.94585) (0.176559, -1.15197) (1.1385, -1.41752) (1.13301, -0.819796) (0.475945, 0.603104) 
(-2.14029, 1.885) (2.3576, 1.94482) (0.189856, -1.21473) (1.18314, -1.42223) (1.15327, -0.810361) (0.460951, 0.650015) 
(-2.13861, 1.88627) (2.34981, 1.9473) (0.205032, -1.27821) (1.23524, -1.42699) (1.17257, -0.798294) (0.446588, 0.699538) 
(-2.13911, 1.88884) (2.34131, 1.95073) (0.216955, -1.32485) (1.27268, -1.43024) (1.185, -0.787296) (0.436819, 0.737502) 
(-2.14078, 1.89368) (2.32876, 1.95768) (0.226515, -1.37359) (1.31897, -1.43613) (1.1981, -0.772579) (0.424041, 0.785657) 
(-2.14501, 1.90304) (2.30635, 1.9664) (0.222529, -1.44646) (1.39123, -1.4475) (1.21351, -0.747004) (0.401556, 0.861493) 
(-2.14815, 1.90826) (2.29072, 1.97386) (0.214841, -1.49307) (1.43878, -1.45674) (1.22019, -0.728114) (0.388537, 0.911054) 
(-2.15212, 1.91321) (2.27371, 1.98397) (0.204525, -1.54994) (1.49051, -1.4684) (1.22399, -0.705708) (0.375667, 0.962645) 
(-2.15685, 1.91764) (2.25549, 1.99283) (0.189544, -1.61537) (1.55358, -1.48288) (1.22451, -0.682453) (0.359469, 1.01933) 
(-2.16086, 1.92093) (2.23848, 1.99981) (0.169454, -1.68107) (1.61106, -1.49506) (1.21883, -0.665255) (0.344202, 1.07188) 
(-2.1637, 1.92281) (2.22583, 2.00758) (0.146899, -1.74451) (1.66309, -1.50582) (1.21474, -0.649045) (0.330514, 1.12029) 
(-2.16586, 1.92406) (2.2162, 2.01472) (0.127552, -1.80245) (1.70683, -1.51507) (1.2062, -0.643663) (0.319422, 1.16472) 
(-2.1669, 1.92495) (2.20486, 2.01746) (0.111305, -1.87206) (1.76935, -1.52836) (1.20321, -0.627259) (0.301362, 1.22609) 
(-2.16679, 1.92485) (2.19882, 2.01754) (0.111164, -1.9168) (1.80611, -1.53475) (1.19781, -0.616286) (0.290336, 1.26573) 
(-2.16606, 1.92428) (2.1923, 2.01901) (0.122042, -1.97677) (1.86615, -1.5464) (1.19879, -0.597076) (0.273432, 1.3296) 
(-2.16479, 1.92362) (2.18541, 2.0168) (0.133266, -2.02082) (1.91382, -1.55507) (1.20062, -0.58196) (0.261162, 1.38171) 
(-2.16309, 1.92228) (2.17981, 2.01027) (0.143287, -2.06413) (1.93016, -1.55789) (1.20568, -0.565133) (0.245078, 1.438) 
(-2.16168, 1.92107) (2.17781, 2.00535) (0.152554, -2.08773) (1.92227, -1.55672) (1.21057, -0.554035) (0.232501, 1.48153) 
(-2.15979, 1.91907) (2.17607, 1.99889) (0.170953, -2.11075) (1.91762, -1.55585) (1.2196, -0.541019) (0.218211, 1.53875) 
(-2.1581, 1.91795) (2.17442, 1.99457) (0.188833, -2.12595) (1.9253, -1.55689) (1.22931, -0.529328) (0.204393, 1.59273) 
(-2.15601, 1.91678) (2.17338, 1.99276) (0.20077, -2.14697) (1.92642, -1.5577) (1.24058, -0.520024) (0.190488, 1.64828) 
(-2.15355, 1.91556) (2.17367, 1.99245) (0.211367, -2.17236) (1.9258, -1.55731) (1.25292, -0.51257) (0.176765, 1.70476) 
(-2.15095, 1.91435) (2.17441, 1.99122) (0.219299, -2.18787) (1.92637, -1.55725) (1.26874, -0.506657) (0.161774, 1.76727) 
(-2.14878, 1.91269) (2.17515, 1.98946) (0.221156, -2.19474) (1.92623, -1.55756) (1.27856, -0.503105) (0.151806, 1.81369) 
(-2.14593, 1.9108) (2.17541, 1.98685) (0.219493, -2.20472) (1.92611, -1.5574) (1.29609, -0.502946) (0.137084, 1.87599) 
(-2.14394, 1.90891) (2.17546, 1.98509) (0.217252, -2.21079) (1.92623, -1.55734) (1.31123, -0.504068) (0.124126, 1.92813) 
(-2.14295, 1.90727) (2.1755, 1.98468) (0.220598, -2.20535) (1.92622, -1.55748) (1.32391, -0.509396) (0.11348, 1.97672) 
(-2.14202, 1.90569) (2.17553, 1.98569) (0.226039, -2.19364) (1.92613, -1.55748) (1.33688, -0.517687) (0.102417, 2.02574) 
(-2.14162, 1.90309) (2.17604, 1.98663) (0.235419, -2.1817) (1.92621, -1.55741) (1.35335, -0.528981) (0.0873206, 2.09133) 
(-2.14143, 1.90134) (2.1763, 1.98756) (0.244068, -2.17142) (1.9262, -1.55735) (1.36564, -0.540564) (0.0754568, 2.14545) 
(-2.14139, 1.90023) (2.17591, 1.98855) (0.246622, -2.16003) (1.92611, -1.5575) (1.38289, -0.55083) (0.066185, 2.19233) 
(-2.14152, 1.8991) (2.17544, 1.98944) (0.245229, -2.15536) (1.92618, -1.55742) (1.40252, -0.557929) (0.0569157, 2.23953) 
(-2.1416, 1.89889) (2.17468, 1.98981) (0.240875, -2.15774) (1.92618, -1.55742) (1.42244, -0.564372) (0.0526067, 2.25938) 
(-2.14214, 1.89969) (2.17414, 1.98976) (0.235595, -2.16256) (1.9262, -1.5574) (1.43785, -0.565296) (0.0526406, 2.25952) 
(-2.14284, 1.90174) (2.17419, 1.99027) (0.228912, -2.16856) (1.92621, -1.55741) (1.45576, -0.565893) (0.0550464, 2.24973) 
(-2.14334, 1.90517) (2.17528, 1.99149) (0.218378, -2.18257) (1.92619, -1.55742) (1.48177, -0.560779) (0.0541178, 2.25352) 
(-2.14321, 1.90555) (2.17602, 1.99223) (0.212335, -2.19481) (1.92617, -1.55742) (1.50473, -0.552024) (0.0535716, 2.25682) 
(-2.14257, 1.90532) (2.17685, 1.99273) (0.208864, -2.20444) (1.92617, -1.55745) (1.52292, -0.541469) (0.0535887, 2.25552) 
(-2.14212, 1.90488) (2.17818, 1.99357) (0.204272, -2.20522) (1.92618, -1.55736) (1.54132, -0.5272) (0.053555, 2.25587) 
(-2.14179, 1.90409) (2.17917, 1.99413) (0.195021, -2.1958) (1.92619, -1.55739) (1.55521, -0.51306) (0.053605, 2.25604) 
(-2.14104, 1.90193) (2.18077, 1.99403) (0.173017, -2.17694) (1.92615, -1.55739) (1.56756, -0.49371) (0.0536978, 2.25568) 
(-2.14018, 1.89824) (2.18208, 1.99381) (0.151787, -2.15805) (1.92617, -1.55742) (1.57478, -0.476055) (0.0535722, 2.25586) 
(-2.13942, 1.89309) (2.18397, 1.99479) (0.128215, -2.13243) (1.92617, -1.55741) (1.58067, -0.455924) (0.0536716, 2.25574) 
(-2.13866, 1.89046) (2.18532, 1.99558) (0.11132, -2.11271) (1.92608, -1.55748) (1.58248, -0.441451) (0.0536515, 2.25579) 
(-2.13781, 1.88852) (2.18712, 1.99612) (0.0914527, -2.08765) (1.92612, -1.55743) (1.58303, -0.42374) (0.0536377, 2.2558) 
(-2.13742, 1.88655) (2.19035, 1.99707) (0.0646672, -2.04698) (1.92615, -1.55746) (1.57688, -0.390057) (0.0536273, 2.25579) 
(-2.1377, 1.8866) (2.19125, 1.99804) (0.0546684, -2.02629) (1.92614, -1.55742) (1.56904, -0.370153) (0.0536538, 2.25573) 
(-2.13843, 1.88756) (2.19129, 1.9981) (0.0489853, -2.01196) (1.92615, -1.55738) (1.55848, -0.353375) (0.0536646, 2.25578) 
(-2.13884, 1.88859) (2.19121, 1.99712) (0.0462094, -2.00304) (1.92618, -1.55737) (1.54318, -0.336099) (0.0536873, 2.25577) 
(-2.13987, 1.89022) (2.19128, 1.99612) (0.0501805, -2.00264) (1.9261, -1.55747) (1.52369, -0.320115) (0.0536829, 2.25578) 
(-2.14144, 1.89154) (2.19098, 1.99505) (0.0592829, -2.00518) (1.92612, -1.55745) (1.50676, -0.310849) (0.0536653, 2.25574) 
(-2.14181, 1.89274) (2.19085, 1.99394) (0.0742641, -2.00842) (1.92615, -1.55743) (1.48394, -0.300678) (0.0536557, 2.25576) 
(-2.14194, 1.8935) (2.19127, 1.9935) (0.0891326, -2.00821) (1.92612, -1.55748) (1.45776, -0.298034) (0.0536746, 2.25575) 
(-2.14224, 1.89434) (2.19158, 1.99298) (0.101932, -2.00843) (1.92617, -1.55738) (1.43288, -0.293429) (0.0536511, 2.25573) 
(-2.14264, 1.89485) (2.19247, 1.99214) (0.111618, -2.01163) (1.92617, -1.55738) (1.40691, -0.297374) (0.0536288, 2.25573) 
(-2.14283, 1.89506) (2.19369, 1.99127) (0.107893, -2.01372) (1.92616, -1.55737) (1.38951, -0.296691) (0.0536465, 2.25574) 
(-2.1429, 1.89536) (2.19515, 1.99047) (0.0977357, -2.01862) (1.92612, -1.55749) (1.37748, -0.299892) (0.0536514, 2.25573) 
(-2.14304, 1.89579) (2.19638, 1.99109) (0.0897869, -2.02352) (1.92614, -1.55746) (1.36167, -0.29676) (0.0536403, 2.25573) 
(-2.14341, 1.89698) (2.19772, 1.99152) (0.0799838, -2.02619) (1.92616, -1.55739) (1.34609, -0.290808) (0.0536714, 2.25572) 
(-2.14365, 1.89819) (2.19858, 1.99078) (0.0718579, -2.02994) (1.92611, -1.55748) (1.33341, -0.285369) (0.0536625, 2.25573) 
(-2.14421, 1.89955) (2.19911, 1.98946) (0.0645776, -2.032) (1.92611, -1.55746) (1.32258, -0.277461) (0.0536483, 2.25573) 
(-2.14933, 1.91037) (2.19873, 1.98851) (0.0569766, -2.03195) (1.9261, -1.55748) (1.31042, -0.267427) (0.0536459, 2.25573) 
(-2.1517, 1.92654) (2.19847, 1.98819) (0.0516708, -2.03078) (1.92613, -1.55745) (1.30173, -0.256556) (0.0536624, 2.25574) 
(-2.1524, 1.9376) (2.19914, 1.9876) (0.0490364, -2.02953) (1.92609, -1.5575) (1.29405, -0.244206) (0.0536602, 2.25573) 
(-2.15186, 1.9443) (2.19947, 1.98674) (0.0470921, -2.02791) (1.92613, -1.55747) (1.28905, -0.228513) (0.0536674, 2.25572) 
(-2.14858, 1.94646) (2.19877, 1.98592) (0.0461521, -2.02691) (1.92609, -1.55746) (1.28541, -0.212808) (0.0536599, 2.25573) 
(-2.14604, 1.94677) (2.19746, 1.9846) (0.0456483, -2.02581) (1.92615, -1.55737) (1.28589, -0.198341) (0.0536538, 2.25572) 
(-2.14441, 1.94642) (2.19577, 1.98385) (0.0452034, -2.02405) (1.92617, -1.55738) (1.29035, -0.183774) (0.0536752, 2.25571) 
(-2.1435, 1.94533) (2.19385, 1.98348) (0.0450048, -2.02264) (1.92613, -1.55744) (1.299, -0.169385) (0.053682, 2.25573) 
(-2.14294, 1.94287) (2.192, 1.98288) (0.0439102, -2.02167) (1.9261, -1.55745) (1.30373, -0.15008) (0.0536721, 2.2557) 
(-2.14342, 1.93854) (2.19069, 1.98235) (0.0430585, -2.02116) (1.92612, -1.55747) (1.30988, -0.129772) (0.0536658, 2.25571) 
(-2.14462, 1.93361) (2.18977, 1.98242) (0.0423787, -2.02166) (1.92612, -1.55745) (1.31072, -0.110221) (0.0536498, 2.2557) 
(-2.14538, 1.92844) (2.1891, 1.98341) (0.042134, -2.02298) (1.92611, -1.55746) (1.30973, -0.0894048) (0.0536499, 2.2557) 
(-2.14512, 1.92371) (2.18901, 1.98418) (0.0422861, -2.02373) (1.92609, -1.55746) (1.30658, -0.0752254) (0.0536697, 2.25572) 
(-2.14406, 1.91432) (2.18941, 1.98594) (0.043147, -2.02592) (1.92609, -1.55745) (1.29654, -0.0520516) (0.0536625, 2.2557) 
(-2.1431, 1.90964) (2.19017, 1.98735) (0.0442831, -2.02884) (1.92611, -1.55746) (1.28596, -0.0321534) (0.0536667, 2.2557) 
(-2.1414, 1.90619) (2.19155, 1.98859) (0.0455182, -2.03164) (1.92612, -1.55749) (1.27377, -0.018159) (0.05366, 2.25569) 
(-2.14003, 1.9026) (2.19238, 1.99025) (0.0467841, -2.03379) (1.9261, -1.55748) (1.25824, -0.00793974) (0.0536513, 2.25571) 
(-2.13947, 1.89902) (2.19299, 1.99083) (0.0479486, -2.03536) (1.9261, -1.55747) (1.24407, 0.00210232) (0.0536563, 2.25571) 
(-2.13881, 1.89686) (2.19371, 1.99094) (0.0492968, -2.03626) (1.92612, -1.55746) (1.23108, 0.0046457) (0.0536689, 2.25571) 
(-2.13808, 1.89512) (2.1943, 1.99167) (0.0507624, -2.03665) (1.92616, -1.55738) (1.22401, 0.00809191) (0.0536539, 2.2557) 
(-2.13695, 1.89387) (2.19529, 1.9925) (0.0527608, -2.0364) (1.92609, -1.55746) (1.20586, 0.018888) (0.0536818, 2.25572) 
(-2.13603, 1.89301) (2.19613, 1.9921) (0.0548363, -2.0361) (1.92613, -1.55745) (1.1964, 0.0293784) (0.0536625, 2.25571) 
(-2.13521, 1.89275) (2.1967, 1.99141) (0.0569715, -2.03587) (1.92612, -1.55746) (1.1868, 0.0407219) (0.0536718, 2.25569) 
(-2.13479, 1.89275) (2.19729, 1.99087) (0.05836, -2.03571) (1.92612, -1.55745) (1.18124, 0.0490282) (0.0536978, 2.25571) 
(-2.13406, 1.8933) (2.19816, 1.98911) (0.0608571, -2.03567) (1.92609, -1.55747) (1.17309, 0.0693565) (0.053675, 2.25569) 
(-2.13411, 1.89359) (2.19843, 1.98746) (0.0624025, -2.03495) (1.92609, -1.55749) (1.17125, 0.0826898) (0.0536792, 2.25571) 
(-2.13399, 1.89334) (2.19839, 1.9862) (0.0631602, -2.03387) (1.92608, -1.55749) (1.16986, 0.098235) (0.0536592, 2.25569) 
(-2.13368, 1.8928) (2.19799, 1.98573) (0.0636451, -2.03235) (1.9261, -1.55745) (1.17123, 0.111713) (0.0536863, 2.2557) 
(-2.13371, 1.89197) (2.19729, 1.98499) (0.0639291, -2.03074) (1.92608, -1.55749) (1.17379, 0.126775) (0.0536761, 2.25569) 
(-2.13401, 1.89113) (2.19638, 1.98374) (0.0639085, -2.02944) (1.92611, -1.55748) (1.17964, 0.140482) (0.053668, 2.2557) 
(-2.135, 1.89045) (2.19595, 1.98274) (0.0642569, -2.02832) (1.92608, -1.55747) (1.18587, 0.15239) (0.0536616, 2.25568) 
(-2.13587, 1.89028) (2.19601, 1.9822) (0.0649417, -2.02725) (1.92609, -1.55748) (1.1942, 0.162639) (0.0536653, 2.25569) 
(-2.13638, 1.89031) (2.19592, 1.98194) (0.0658446, -2.0265) (1.92609, -1.55744) (1.20235, 0.171025) (0.0536694, 2.25569) 
(-2.13661, 1.89039) (2.19592, 1.98184) (0.066441, -2.02586) (1.92611, -1.55747) (1.20984, 0.176545) (0.05365, 2.25567) 
(-2.13684, 1.89092) (2.19604, 1.98267) (0.0673032, -2.02359) (1.92611, -1.55748) (1.23195, 0.187507) (0.053676, 2.25568) 
(-2.13708, 1.89123) (2.19597, 1.98336) (0.0668018, -2.02287) (1.92609, -1.5575) (1.24561, 0.190986) (0.0536624, 2.25567) 
(-2.13767, 1.89126) (2.196, 1.9834) (0.0661059, -2.02264) (1.92608, -1.55746) (1.25857, 0.192147) (0.0536706, 2.25569) 
(-2.13874, 1.892) (2.19618, 1.9834) (0.0652139, -2.02343) (1.9261, -1.55748) (1.27569, 0.190401) (0.0536738, 2.25568) 
(-2.13986, 1.89267) (2.19651, 1.98348) (0.0642217, -2.02407) (1.9261, -1.55747) (1.28919, 0.186833) (0.0536978, 2.2557) 
(-2.14071, 1.89276) (2.19724, 1.98356) (0.0635683, -2.02446) (1.92608, -1.55746) (1.30217, 0.181629) (0.0537017, 2.25569) 
(-2.14146, 1.89221) (2.19803, 1.9834) (0.0638633, -2.02674) (1.9261, -1.55747) (1.31612, 0.172199) (0.0536677, 2.25568) 
(-2.14164, 1.89078) (2.19886, 1.98325) (0.0637117, -2.0295) (1.92609, -1.55748) (1.32745, 0.161219) (0.0536855, 2.25569) 
(-2.14131, 1.88888) (2.19957, 1.9837) (0.0627107, -2.02999) (1.92611, -1.55748) (1.33559, 0.150985) (0.0536627, 2.25566) 
(-2.14117, 1.88732) (2.20031, 1.98457) (0.061497, -2.02987) (1.92613, -1.55742) (1.34442, 0.13389) (0.0536843, 2.25567) 
(-2.14127, 1.88647) (2.20081, 1.98454) (0.0603757, -2.03043) (1.92607, -1.55748) (1.34846, 0.117174) (0.053658, 2.25567) 
(-2.14113, 1.88581) (2.20108, 1.98413) (0.059825, -2.0312) (1.92609, -1.55747) (1.35031, 0.102856) (0.0536907, 2.25569) 
(-2.14111, 1.88543) (2.20084, 1.98361) (0.0589723, -2.03115) (1.92609, -1.55747) (1.34882, 0.0875921) (0.0536558, 2.25567) 
(-2.14109, 1.88531) (2.20031, 1.98257) (0.0584164, -2.03102) (1.92607, -1.55749) (1.34674, 0.0736546) (0.0536631, 2.25567) 
(-2.14104, 1.88506) (2.19994, 1.98118) (0.0582264, -2.03032) (1.92611, -1.55748) (1.343, 0.0602992) (0.0536734, 2.25566) 
(-2.14083, 1.88489) (2.19947, 1.98048) (0.0579409, -2.02935) (1.92611, -1.55747) (1.33752, 0.049023) (0.0536736, 2.25568) 
(-2.1412, 1.88487) (2.1986, 1.98063) (0.0575945, -2.02911) (1.92607, -1.55746) (1.32813, 0.0361354) (0.0536684, 2.25567) 
(-2.14194, 1.88522) (2.19799, 1.98071) (0.0576798, -2.0295) (1.92612, -1.55746) (1.31744, 0.0266525) (0.05366, 2.25566) 
(-2.14243, 1.88548) (2.19775, 1.98037) (0.0574737, -2.02926) (1.9261, -1.55747) (1.30501, 0.0185988) (0.0536642, 2.25566) 
(-2.14271, 1.88587) (2.1977, 1.97995) (0.0578201, -2.02908) (1.9261, -1.55745) (1.28879, 0.0120647) (0.0536701, 2.25566) 
(-2.14292, 1.88622) (2.19786, 1.97969) (0.0581294, -2.02912) (1.92609, -1.55747) (1.26856, 0.0119752) (0.053667, 2.25567) 
(-2.14289, 1.88621) (2.19815, 1.97957) (0.058664, -2.02933) (1.92606, -1.55748) (1.24575, 0.0121641) (0.0536854, 2.25567) 
(-2.14239, 1.88594) (2.19869, 1.9792) (0.0595485, -2.03031) (1.92608, -1.55748) (1.2247, 0.00787415) (0.0536725, 2.25566) 
(-2.14211, 1.88575) (2.19927, 1.97964) (0.0616748, -2.03194) (1.92611, -1.55745) (1.21051, 0.00943429) (0.0536856, 2.25566) 
(-2.14213, 1.88571) (2.20067, 1.98072) (0.0699726, -2.03268) (1.92605, -1.55748) (1.19355, 0.01004) (0.0536899, 2.25569) 
(-2.1423, 1.88569) (2.20239, 1.98199) (0.0845609, -2.03221) (1.92611, -1.55747) (1.1784, 0.0159384) (0.0536766, 2.25567) 
(-2.14284, 1.88608) (2.20362, 1.98265) (0.0986337, -2.03029) (1.92606, -1.55748) (1.16165, 0.0221558) (0.0537144, 2.25568) 
(-2.14346, 1.88685) (2.20522, 1.9827) (0.109109, -2.03781) (1.9261, -1.55745) (1.1496, 0.0338232) (0.0536762, 2.25566) 
(-2.14361, 1.8875) (2.20587, 1.98292) (0.111959, -2.04423) (1.92608, -1.55745) (1.14018, 0.0413553) (0.0536949, 2.25568) 
(-2.14378, 1.88797) (2.20649, 1.98305) (0.108729, -2.04673) (1.92607, -1.55747) (1.13301, 0.053215) (0.053668, 2.25567) 
(-2.14358, 1.889) (2.20647, 1.98247) (0.100644, -2.04344) (1.9261, -1.55746) (1.12278, 0.0774165) (0.0536934, 2.25566) 
(-2.1436, 1.88933) (2.20592, 1.98229) (0.0962217, -2.04515) (1.92611, -1.55745) (1.1206, 0.0929606) (0.0536689, 2.25565) 
(-2.14329, 1.88943) (2.20472, 1.98232) (0.0918769, -2.04065) (1.92609, -1.55747) (1.11981, 0.108178) (0.0536776, 2.25564) 
(-2.14225, 1.88876) (2.20262, 1.98174) (0.092518, -2.03363) (1.92608, -1.55747) (1.12331, 0.126754) (0.0536796, 2.25566) 
(-2.13972, 1.88856) (2.2008, 1.98088) (0.0937724, -2.03336) (1.92608, -1.55752) (1.12823, 0.14221) (0.0536617, 2.25565) 
(-2.1359, 1.88796) (2.19933, 1.98008) (0.0928135, -2.03398) (1.92607, -1.55748) (1.13392, 0.155208) (0.0536601, 2.25566) 
(-2.13166, 1.88769) (2.19792, 1.97937) (0.0913961, -2.03227) (1.92609, -1.55748) (1.14291, 0.168373) (0.0536741, 2.25566) 
(-2.12956, 1.88728) (2.19725, 1.97816) (0.0904139, -2.02799) (1.92609, -1.55747) (1.15406, 0.179918) (0.0536735, 2.25565) 
(-2.12811, 1.88719) (2.19762, 1.97714) (0.0888208, -2.02649) (1.92607, -1.55747) (1.1664, 0.189131) (0.0536772, 2.25565) 
(-2.12659, 1.8869) (2.19837, 1.97747) (0.0875683, -2.0267) (1.92607, -1.55747) (1.17949, 0.195258) (0.0536569, 2.25567) 
(-2.12496, 1.88643) (2.19914, 1.97803) (0.0869817, -2.02644) (1.92608, -1.55751) (1.19646, 0.20023) (0.0536638, 2.25565) 
(-2.1249, 1.88595) (2.19958, 1.97828) (0.0879033, -2.0257) (1.92609, -1.55746) (1.21391, 0.200834) (0.0536699, 2.25564) 
(-2.12508, 1.88525) (2.2002, 1.97859) (0.0884484, -2.02573) (1.92607, -1.55748) (1.22863, 0.19927) (0.0536841, 2.25564) 
(-2.1253, 1.88363) (2.20115, 1.97892) (0.0884066, -2.02588) (1.92608, -1.55746) (1.24596, 0.19313) (0.053691, 2.25565) 
(-2.12511, 1.88177) (2.20198, 1.9792) (0.0879981, -2.0255) (1.92607, -1.55747) (1.26127, 0.186677) (0.0536739, 2.25565) 
(-2.12494, 1.88051) (2.20228, 1.97931) (0.08889, -2.02438) (1.92608, -1.55749) (1.27503, 0.175594) (0.0536728, 2.25566) 
(-2.12379, 1.8796) (2.20251, 1.97952) (0.089134, -2.02407) (1.92607, -1.55748) (1.28683, 0.160548) (0.0536954, 2.25567) 
(-2.1221, 1.87872) (2.20259, 1.98024) (0.0881094, -2.02445) (1.92608, -1.55747) (1.29612, 0.144705) (0.0536782, 2.25566) 
(-2.121, 1.87815) (2.20264, 1.98065) (0.0870981, -2.02487) (1.92609, -1.55746) (1.30013, 0.130673) (0.0536657, 2.25564) 
(-2.11908, 1.87716) (2.20223, 1.98047) (0.0866331, -2.02423) (1.92606, -1.55746) (1.30326, 0.113656) (0.0536583, 2.25564) 
(-2.11696, 1.87561) (2.20136, 1.98019) (0.0867921, -2.02349) (1.92608, -1.55748) (1.30352, 0.0966177) (0.0537034, 2.25567) 
(-2.1154, 1.8737) (2.20013, 1.97988) (0.086664, -2.02352) (1.92607, -1.55748) (1.30237, 0.0814848) (0.0536754, 2.25565) 
(-2.11392, 1.87187) (2.19909, 1.97927) (0.0863697, -2.02358) (1.92612, -1.55738) (1.29834, 0.0680261) (0.0536802, 2.25566) 
(-2.1125, 1.86907) (2.19829, 1.97824) (0.0863239, -2.02404) (1.92607, -1.55747) (1.29094, 0.0529604) (0.0536757, 2.25564) 
(-2.11142, 1.86604) (2.19795, 1.97794) (0.0873982, -2.02417) (1.92606, -1.55749) (1.28096, 0.0409158) (0.0536521, 2.25565) 
(-2.11133, 1.86343) (2.19769, 1.97806) (0.0886855, -2.0261) (1.92607, -1.55745) (1.27087, 0.0318016) (0.0536575, 2.25564) 
(-2.11212, 1.86053) (2.19721, 1.97753) (0.0895394, -2.0285) (1.92603, -1.55748) (1.25175, 0.0262253) (0.0536991, 2.25567) 
(-2.11328, 1.85799) (2.19682, 1.97644) (0.0895592, -2.03207) (1.92606, -1.55746) (1.22838, 0.0182542) (0.0536678, 2.25564) 
(-2.11449, 1.85627) (2.19682, 1.97544) (0.0894378, -2.03456) (1.92608, -1.55747) (1.20557, 0.0152365) (0.0536764, 2.25565) 
(-2.1166, 1.85313) (2.1968, 1.97428) (0.0891323, -2.03793) (1.92608, -1.55748) (1.16975, 0.00564839) (0.0536736, 2.25566) 
(-2.11844, 1.85051) (2.19687, 1.97407) (0.0907049, -2.0378) (1.92607, -1.55748) (1.13115, -0.00473151) (0.0536692, 2.25563) 
(-2.11961, 1.84818) (2.19737, 1.97403) (0.0915623, -2.03925) (1.92606, -1.55746) (1.09902, -0.0160386) (0.0536694, 2.25565) 
(-2.12036, 1.84618) (2.19787, 1.97433) (0.0924529, -2.04093) (1.92607, -1.55748) (1.07348, -0.0243793) (0.0536816, 2.25566) 
(-2.12081, 1.84382) (2.19873, 1.97582) (0.0950273, -2.04743) (1.92608, -1.55747) (1.02798, -0.0433488) (0.0536653, 2.25564) 
(-2.12159, 1.84294) (2.19917, 1.97685) (0.109185, -2.06018) (1.92605, -1.55745) (0.989118, -0.0591393) (0.0536753, 2.25564) 
(-2.12207, 1.84288) (2.19943, 1.97705) (0.116044, -2.06416) (1.92608, -1.55748) (0.975616, -0.0660122) (0.0536792, 2.25566) 
(-2.12434, 1.8441) (2.20098, 1.97826) (0.132017, -2.07044) (1.92608, -1.55747) (0.905493, -0.0972271) (0.0536912, 2.25566) 
(-2.12502, 1.84528) (2.20202, 1.97878) (0.130703, -2.0712) (1.92609, -1.55746) (0.855341, -0.122815) (0.0536776, 2.25563) 
(-2.12521, 1.8449) (2.20255, 1.97908) (0.127878, -2.07472) (1.92608, -1.55747) (0.817915, -0.140827) (0.0536849, 2.25566) 
(-2.12522, 1.84414) (2.20247, 1.97905) (0.126837, -2.07798) (1.92608, -1.55746) (0.796177, -0.150381) (0.0536661, 2.25565) 
(-2.1269, 1.84241) (2.20277, 1.97838) (0.121577, -2.08771) (1.92608, -1.55746) (0.726219, -0.18089) (0.0536663, 2.25564) 
(-2.1284, 1.83835) (2.20313, 1.97907) (0.116754, -2.09452) (1.92606, -1.55746) (0.668392, -0.206828) (0.0536636, 2.25563) 
(-2.12953, 1.83558) (2.20295, 1.97944) (0.111518, -2.09698) (1.92605, -1.55746) (0.627913, -0.224364) (0.0537002, 2.25567) 
(-2.13055, 1.83315) (2.20212, 1.97892) (0.107623, -2.10023) (1.92609, -1.55748) (0.577461, -0.248185) (0.0536818, 2.25565) 
(-2.13032, 1.83329) (2.20104, 1.9783) (0.105438, -2.0987) (1.92608, -1.55748) (0.53403, -0.268033) (0.0536678, 2.25563) 
(-2.12952, 1.83415) (2.20018, 1.97768) (0.105174, -2.09661) (1.92607, -1.55747) (0.502353, -0.282242) (0.0536714, 2.25563) 
(-2.12761, 1.8373) (2.19906, 1.97617) (0.107928, -2.09279) (1.92609, -1.55748) (0.43009, -0.316298) (0.0536725, 2.25563) 
(-2.12619, 1.84038) (2.19825, 1.9752) (0.109392, -2.09226) (1.92606, -1.55747) (0.384533, -0.338472) (0.0536793, 2.25565) 
(-2.1248, 1.84336) (2.19806, 1.97395) (0.110144, -2.09314) (1.9261, -1.55738) (0.346829, -0.355929) (0.0536613, 2.25564) 
(-2.12302, 1.84654) (2.19856, 1.97368) (0.110572, -2.09392) (1.92605, -1.55747) (0.30333, -0.374082) (0.0537007, 2.25566) 
(-2.12124, 1.85024) (2.19992, 1.97404) (0.113018, -2.0953) (1.92606, -1.55748) (0.24902, -0.401165) (0.0536692, 2.25564) 
(-2.12053, 1.85259) (2.20085, 1.97374) (0.114341, -2.09498) (1.92604, -1.55747) (0.205598, -0.421822) (0.0536992, 2.25564) 
(-2.11979, 1.85462) (2.20168, 1.9736) (0.112407, -2.09082) (1.92611, -1.55747) (0.153634, -0.446754) (0.053678, 2.25562) 
(-2.11848, 1.85459) (2.20287, 1.97364) (0.106785, -2.08643) (1.92607, -1.55747) (0.0961853, -0.472417) (0.0536565, 2.25563) 
(-2.1194, 1.85507) (2.20306, 1.97389) (0.102443, -2.08783) (1.92603, -1.55748) (0.0579583, -0.490274) (0.0536721, 2.25562) 
(-2.12216, 1.85451) (2.20305, 1.97408) (0.099911, -2.09228) (1.9261, -1.55747) (0.00912097, -0.513198) (0.0536754, 2.25563) 
(-2.12373, 1.85218) (2.20323, 1.9741) (0.100016, -2.09625) (1.92607, -1.55746) (-0.0503765, -0.540485) (0.0536953, 2.25566) 
(-2.12453, 1.84884) (2.20316, 1.97497) (0.0997005, -2.0965) (1.92609, -1.55746) (-0.0997433, -0.564793) (0.0537151, 2.25564) 
(-2.12579, 1.84398) (2.20304, 1.97582) (0.0988573, -2.0966) (1.92609, -1.55747) (-0.141325, -0.585376) (0.0536876, 2.25562) 
(-2.12964, 1.8339) (2.20284, 1.97643) (0.0969911, -2.09734) (1.92608, -1.55748) (-0.197186, -0.614471) (0.0536873, 2.25564) 
(-2.13572, 1.82037) (2.20227, 1.97682) (0.0957601, -2.0982) (1.92605, -1.55748) (-0.249862, -0.641352) (0.0536701, 2.25563) 
(-2.1415, 1.80911) (2.20219, 1.97684) (0.0948744, -2.09858) (1.9261, -1.55747) (-0.287676, -0.659297) (0.0536856, 2.25563) 
(-2.15196, 1.78654) (2.20318, 1.97684) (0.0877529, -2.09069) (1.92608, -1.55748) (-0.345996, -0.688312) (0.0536974, 2.25564) 
(-2.16017, 1.76522) (2.20452, 1.9771) (0.0794432, -2.0827) (1.92609, -1.55747) (-0.395345, -0.713637) (0.0536707, 2.25562) 
(-2.16602, 1.74245) (2.20578, 1.97716) (0.0746654, -2.07841) (1.92603, -1.55748) (-0.441081, -0.736093) (0.0536732, 2.25565) 
(-2.17154, 1.70747) (2.20713, 1.97803) (0.0722315, -2.07391) (1.92608, -1.55747) (-0.500717, -0.763231) (0.053689, 2.25563) 
(-2.17287, 1.67683) (2.20777, 1.97945) (0.071717, -2.07185) (1.92608, -1.55745) (-0.543578, -0.784258) (0.0536937, 2.25563) 
(-2.16811, 1.63919) (2.20791, 1.98009) (0.0724134, -2.06986) (1.92602, -1.55748) (-0.594185, -0.807498) (0.0536999, 2.25563) 
(-2.15664, 1.60271) (2.20765, 1.98022) (0.072412, -2.06793) (1.92609, -1.55746) (-0.644891, -0.832633) (0.0536712, 2.25562) 
(-2.1325, 1.56614) (2.20724, 1.9799) (0.0709352, -2.06471) (1.92606, -1.55746) (-0.700538, -0.859954) (0.0536759, 2.25564) 
(-2.09122, 1.53718) (2.20736, 1.9797) (0.0686054, -2.06166) (1.92609, -1.55748) (-0.755175, -0.886913) (0.0536916, 2.25564) 
(-2.05343, 1.5187) (2.20771, 1.9796) (0.0666398, -2.06043) (1.92607, -1.55746) (-0.792029, -0.905605) (0.0536781, 2.25564) 
(-1.987, 1.48543) (2.20828, 1.97879) (0.063189, -2.05953) (1.92608, -1.55743) (-0.848647, -0.936414) (0.0536805, 2.25563) 
(-1.93286, 1.45243) (2.20826, 1.97824) (0.0602341, -2.0591) (1.92607, -1.55747) (-0.898848, -0.961819) (0.0536668, 2.25562) 
(-1.89746, 1.42427) (2.20797, 1.97861) (0.0579929, -2.05911) (1.92604, -1.55748) (-0.935705, -0.981091) (0.0536873, 2.25562) 
(-1.85993, 1.37122) (2.20701, 1.97855) (0.0550545, -2.06076) (1.92603, -1.55746) (-1.00005, -1.01373) (0.0536724, 2.25563) 
(-1.83717, 1.32432) (2.20577, 1.97787) (0.0535498, -2.06139) (1.92609, -1.55747) (-1.05172, -1.03844) (0.0536581, 2.25561) 
(-1.81522, 1.2659) (2.20468, 1.97726) (0.0503762, -2.0587) (1.92605, -1.55747) (-1.10475, -1.06508) (0.0536649, 2.25564) 
(-1.79917, 1.20228) (2.20409, 1.97612) (0.046925, -2.05613) (1.92603, -1.55746) (-1.15021, -1.09003) (0.053688, 2.25562) 
(-1.78637, 1.11794) (2.20369, 1.97423) (0.0428942, -2.05456) (1.92609, -1.55747) (-1.20602, -1.11907) (0.0536732, 2.25562) 
(-1.78003, 1.02473) (2.20372, 1.97153) (0.0392433, -2.05461) (1.92607, -1.55748) (-1.26298, -1.1493) (0.0536823, 2.25563) 
(-1.77488, 0.945597) (2.20287, 1.96869) (0.0355597, -2.05304) (1.92607, -1.55747) (-1.31067, -1.17454) (0.0536805, 2.25563) 
(-1.76989, 0.869224) (2.2006, 1.96703) (0.0320327, -2.05182) (1.92606, -1.55747) (-1.36196, -1.20279) (0.053685, 2.25564) 
(-1.7614, 0.805866) (2.19871, 1.96648) (0.0297829, -2.05176) (1.92603, -1.55746) (-1.41362, -1.22982) (0.0536672, 2.25562) 
(-1.74976, 0.754426) (2.1967, 1.96667) (0.0288986, -2.0518) (1.92608, -1.55745) (-1.46464, -1.2561) (0.0536907, 2.25561) 
(-1.74388, 0.731536) (2.19596, 1.96673) (0.0287293, -2.05185) (1.92609, -1.55747) (-1.49113, -1.27119) (0.0536632, 2.25562) 
(-1.71733, 0.657408) (2.19501, 1.96737) (0.0285277, -2.05185) (1.92604, -1.55749) (-1.56834, -1.31357) (0.0536693, 2.25561) 
(-1.68869, 0.611618) (2.19525, 1.96853) (0.0286241, -2.05076) (1.92606, -1.55746) (-1.61676, -1.33881) (0.0536494, 2.25561) 
(-1.66102, 0.557253) (2.19464, 1.97029) (0.0290476, -2.04956) (1.92607, -1.55746) (-1.66931, -1.36557) (0.0536791, 2.25561) 
(-1.63962, 0.505098) (2.19353, 1.97141) (0.0298572, -2.04857) (1.92608, -1.55747) (-1.71393, -1.38888) (0.0536904, 2.25562) 
(-1.6062, 0.423746) (2.19033, 1.97626) (0.0315009, -2.04776) (1.92611, -1.55738) (-1.78274, -1.42551) (0.0536997, 2.25563) 
(-1.59253, 0.373157) (2.18676, 1.98265) (0.032279, -2.0477) (1.92605, -1.55747) (-1.82683, -1.44888) (0.0536731, 2.25562) 
(-1.58558, 0.340555) (2.18305, 1.9894) (0.0329059, -2.04815) (1.92608, -1.55747) (-1.85838, -1.46604) (0.0536583, 2.25562) 
(-1.58387, 0.281101) (2.17436, 2.00383) (0.0351523, -2.04982) (1.92607, -1.55746) (-1.91871, -1.49806) (0.0536975, 2.25564) 
