(2.05728, -1.66237) (-1.95589, -1.81907) (0.147324, 2.56842) (-2.14479, 1.88048) (1.95803, 1.83809) (0.0759077, -2.20674) 
(2.05445, -1.65805) (-1.95609, -1.81786) (0.148332, 2.56685) (-2.14478, 1.88047) (1.95802, 1.83809) (0.0759095, -2.20672) 
(2.05098, -1.65413) (-1.95549, -1.81648) (0.150512, 2.56437) (-2.14306, 1.88013) (1.95705, 1.83577) (0.0780848, -2.20682) 
(2.04715, -1.64917) (-1.95511, -1.81557) (0.155608, 2.56224) (-2.10895, 1.8525) (1.95283, 1.8309) (0.0819259, -2.17203) 
(2.04263, -1.64365) (-1.95446, -1.8152) (0.162061, 2.55499) (-2.05982, 1.80185) (1.95049, 1.82578) (0.072262, -2.09649) 
(2.03663, -1.64113) (-1.95197, -1.81308) (0.165111, 2.54411) (-2.022, 1.77693) (1.94284, 1.81836) (0.0775977, -2.05078) 
(2.02398, -1.63969) (-1.94605, -1.80714) (0.16259, 2.53297) (-1.98582, 1.74602) (1.93158, 1.80944) (0.0734097, -2.00044) 
(2.00015, -1.63727) (-1.93947, -1.79506) (0.155898, 2.52506) (-1.94741, 1.71583) (1.92209, 1.79839) (0.0711267, -1.95556) 
(1.95747, -1.63385) (-1.93093, -1.77314) (0.143121, 2.51497) (-1.89571, 1.67504) (1.90322, 1.78376) (0.0682329, -1.89683) 
(1.91845, -1.62811) (-1.92239, -1.75016) (0.126022, 2.50297) (-1.85766, 1.64477) (1.88984, 1.7724) (0.0659097, -1.84772) 
(1.87536, -1.6122) (-1.90565, -1.7146) (0.0951759, 2.48437) (-1.81441, 1.61003) (1.86802, 1.75411) (0.0629716, -1.7862) 
(1.84296, -1.59389) (-1.88626, -1.68337) (0.0636494, 2.47154) (-1.7765, 1.57909) (1.85122, 1.74073) (0.0596233, -1.73853) 
(1.80842, -1.57012) (-1.86085, -1.65348) (0.0378334, 2.4532) (-1.73927, 1.548) (1.83118, 1.72389) (0.0582903, -1.69169) 
(1.76752, -1.52766) (-1.81392, -1.6198) (0.0182134, 2.42336) (-1.69543, 1.51301) (1.80735, 1.70202) (0.0567778, -1.63505) 
(1.73788, -1.47068) (-1.75488, -1.59039) (0.006943, 2.39141) (-1.65308, 1.47726) (1.78488, 1.68282) (0.0566349, -1.58134) 
(1.71734, -1.40582) (-1.70342, -1.5639) (0.000432096, 2.35361) (-1.61458, 1.44538) (1.7593, 1.66215) (0.0541868, -1.52921) 
(1.68958, -1.3284) (-1.64881, -1.5211) (2.93694e-05, 2.30124) (-1.57286, 1.40903) (1.72758, 1.63618) (0.0525827, -1.47111) 
(1.66249, -1.26891) (-1.60491, -1.47566) (0.00891305, 2.24773) (-1.53002, 1.37431) (1.69719, 1.60978) (0.0508926, -1.41662) 
(1.62794, -1.2214) (-1.56581, -1.43079) (0.0241584, 2.19539) (-1.49136, 1.3417) (1.66945, 1.58602) (0.0486916, -1.36468) 
(1.57967, -1.17811) (-1.52436, -1.37547) (0.0451456, 2.13457) (-1.44758, 1.30702) (1.63952, 1.56355) (0.0454105, -1.30858) 
(1.51882, -1.12976) (-1.48231, -1.30459) (0.0734284, 2.0635) (-1.39629, 1.26609) (1.60589, 1.53713) (0.0441351, -1.24618) 
(1.45927, -1.08731) (-1.45097, -1.24914) (0.0787932, 2.00799) (-1.35803, 1.23514) (1.58486, 1.5083) (0.0433942, -1.19563) 
(1.43593, -1.07342) (-1.44029, -1.23144) (0.0773053, 1.98778) (-1.34341, 1.22442) (1.57735, 1.4998) (0.0424295, -1.17678) 
(1.32019, -1.0161) (-1.38609, -1.15719) (0.0621565, 1.908) (-1.27888, 1.17169) (1.55171, 1.4468) (0.039823, -1.09632) 
(1.23322, -0.975512) (-1.34384, -1.10724) (0.0449653, 1.84471) (-1.22992, 1.13117) (1.53391, 1.40615) (0.0370068, -1.033) 
(1.16546, -0.933061) (-1.29665, -1.05988) (0.0268806, 1.78239) (-1.18605, 1.09581) (1.51469, 1.3592) (0.0343064, -0.970843) 
(1.10962, -0.886643) (-1.24983, -1.02072) (0.0156381, 1.73402) (-1.14891, 1.06647) (1.5023, 1.32002) (0.0322433, -0.919309) 
(1.04733, -0.826603) (-1.18915, -0.977854) (0.00712903, 1.67775) (-1.10625, 1.03151) (1.48608, 1.27671) (0.0287817, -0.858331) 
(0.990467, -0.76854) (-1.13053, -0.936172) (0.00589487, 1.62629) (-1.0677, 1.00377) (1.47019, 1.2418) (0.0267197, -0.808347) 
(0.941272, -0.710452) (-1.08529, -0.89354) (0.0105365, 1.57163) (-1.03504, 0.975383) (1.45249, 1.20832) (0.0245739, -0.761572) 
(0.898344, -0.645251) (-1.04528, -0.850558) (0.0190769, 1.51501) (-1.01575, 0.955831) (1.43377, 1.17019) (0.0220245, -0.717356) 
(0.84656, -0.560564) (-1.0067, -0.803114) (0.0295877, 1.44555) (-0.992106, 0.920087) (1.40774, 1.1282) (0.0156528, -0.665099) 
(0.83158, -0.535204) (-0.996615, -0.788935) (0.0334302, 1.42366) (-0.985559, 0.90619) (1.3995, 1.11619) (0.0138121, -0.650764) 
(0.754918, -0.435394) (-0.958566, -0.718391) (0.0510016, 1.33465) (-0.95183, 0.844155) (1.36375, 1.04824) (0.00113468, -0.576141) 
(0.703641, -0.389818) (-0.943676, -0.681062) (0.0568586, 1.29234) (-0.937298, 0.811398) (1.34872, 1.01292) (-0.00775506, -0.530796) 
(0.64321, -0.337761) (-0.920226, -0.634773) (0.0641672, 1.24056) (-0.922186, 0.76787) (1.32706, 0.969001) (-0.0206111, -0.475334) 
(0.597654, -0.305102) (-0.900246, -0.602888) (0.0657716, 1.19997) (-0.912251, 0.739175) (1.30885, 0.9337) (-0.0316452, -0.433099) 
(0.54728, -0.280894) (-0.879175, -0.575415) (0.0626812, 1.15961) (-0.907747, 0.706914) (1.29206, 0.89656) (-0.043903, -0.391911) 
(0.479115, -0.26253) (-0.847834, -0.54928) (0.0603738, 1.12151) (-0.905524, 0.67604) (1.27454, 0.854936) (-0.0574586, -0.353453) 
(0.40265, -0.243589) (-0.804645, -0.527936) (0.0648147, 1.08954) (-0.904843, 0.64597) (1.25847, 0.80636) (-0.0757233, -0.316422) 
(0.331913, -0.213035) (-0.75211, -0.511357) (0.0808349, 1.05585) (-0.905492, 0.616646) (1.23901, 0.756438) (-0.0969964, -0.287325) 
(0.276411, -0.17739) (-0.709946, -0.496526) (0.113725, 1.04473) (-0.90392, 0.590142) (1.22952, 0.718304) (-0.119178, -0.264462) 
(0.228838, -0.136629) (-0.677032, -0.478319) (0.164568, 1.0513) (-0.898674, 0.561432) (1.21728, 0.679833) (-0.140316, -0.251137) 
(0.182459, -0.0931568) (-0.655827, -0.459532) (0.226928, 1.06796) (-0.892954, 0.533324) (1.20199, 0.643147) (-0.165279, -0.238248) 
(0.141594, -0.0348989) (-0.640515, -0.440302) (0.309747, 1.08323) (-0.886348, 0.494163) (1.18237, 0.601347) (-0.189551, -0.233022) 
(0.117831, 0.0298959) (-0.628126, -0.419126) (0.377151, 1.09673) (-0.880303, 0.456578) (1.16018, 0.558335) (-0.211724, -0.226118) 
(0.105707, 0.116539) (-0.617292, -0.392516) (0.424062, 1.09275) (-0.876611, 0.410598) (1.13568, 0.512937) (-0.236098, -0.217249) 
(0.100329, 0.22459) (-0.608116, -0.365586) (0.459202, 1.0748) (-0.876797, 0.371535) (1.11275, 0.472119) (-0.258662, -0.205541) 
(0.0916334, 0.321384) (-0.595305, -0.347329) (0.480238, 1.04521) (-0.880462, 0.337144) (1.09653, 0.439924) (-0.265598, -0.190956) 
(0.0684103, 0.414029) (-0.573532, -0.335291) (0.495525, 0.999754) (-0.888286, 0.298408) (1.07424, 0.406634) (-0.278842, -0.173266) 
(0.0339716, 0.487373) (-0.554073, -0.33544) (0.503294, 0.956743) (-0.895674, 0.266193) (1.04785, 0.374273) (-0.289834, -0.152723) 
(-0.0191804, 0.568734) (-0.528741, -0.345111) (0.527822, 0.908162) (-0.904086, 0.228013) (1.0158, 0.33617) (-0.297278, -0.124424) 
(-0.0877021, 0.642389) (-0.501361, -0.359171) (0.564879, 0.865973) (-0.912911, 0.18712) (0.976914, 0.298069) (-0.300061, -0.0965509) 
(-0.162065, 0.691154) (-0.480644, -0.369967) (0.596754, 0.829687) (-0.917454, 0.150192) (0.945614, 0.262869) (-0.297215, -0.0762265) 
(-0.258233, 0.736742) (-0.461391, -0.372577) (0.63025, 0.788138) (-0.919284, 0.110106) (0.912268, 0.226371) (-0.288447, -0.0552549) 
(-0.343446, 0.777882) (-0.446674, -0.367482) (0.660049, 0.754284) (-0.918576, 0.0752915) (0.883831, 0.188809) (-0.277636, -0.0350029) 
(-0.42629, 0.836421) (-0.431572, -0.357224) (0.699539, 0.719235) (-0.913157, 0.0381346) (0.85023, 0.147786) (-0.264474, -0.0111939) 
(-0.488685, 0.891947) (-0.421569, -0.346188) (0.723082, 0.688872) (-0.903887, 0.00421819) (0.824674, 0.111658) (-0.251045, 0.00992263) 
(-0.559273, 0.948767) (-0.413229, -0.325128) (0.734134, 0.64865) (-0.896524, -0.0250598) (0.794811, 0.0689193) (-0.238837, 0.0276723) 
(-0.631581, 1.00673) (-0.409488, -0.289672) (0.73154, 0.602522) (-0.889642, -0.052335) (0.763718, 0.0225838) (-0.227931, 0.0562801) 
(-0.697138, 1.07092) (-0.410979, -0.248005) (0.708713, 0.546328) (-0.883872, -0.0784691) (0.733504, -0.0194992) (-0.21257, 0.0912339) 
(-0.734216, 1.11022) (-0.410868, -0.225493) (0.69188, 0.511753) (-0.882109, -0.0946145) (0.715248, -0.0414339) (-0.206453, 0.108186) 
(-0.823919, 1.19574) (-0.397339, -0.181487) (0.654463, 0.443804) (-0.887091, -0.114274) (0.673893, -0.0959608) (-0.18878, 0.144628) 
(-0.898577, 1.25315) (-0.373809, -0.149546) (0.619455, 0.398334) (-0.892918, -0.136237) (0.638456, -0.139634) (-0.169321, 0.178524) 
(-0.976436, 1.29915) (-0.334091, -0.118072) (0.594758, 0.349198) (-0.90439, -0.154215) (0.603616, -0.185136) (-0.145311, 0.210626) 
(-1.06945, 1.34778) (-0.270597, -0.0845592) (0.585193, 0.287762) (-0.915984, -0.181036) (0.567861, -0.232494) (-0.110498, 0.253421) 
(-1.14625, 1.38213) (-0.214799, -0.0598616) (0.582394, 0.2349) (-0.923185, -0.197839) (0.538508, -0.263507) (-0.0888607, 0.279765) 
(-1.21877, 1.40749) (-0.166229, -0.0316612) (0.583484, 0.185959) (-0.923231, -0.213248) (0.514047, -0.296882) (-0.0777334, 0.300963) 
(-1.321, 1.43305) (-0.114939, 0.00925833) (0.595282, 0.123315) (-0.92519, -0.232009) (0.480471, -0.332733) (-0.0638332, 0.332891) 
(-1.43249, 1.4573) (-0.0760457, 0.058452) (0.614115, 0.0656902) (-0.917616, -0.247776) (0.459619, -0.372476) (-0.0576042, 0.36575) 
(-1.51523, 1.48421) (-0.0572704, 0.104221) (0.618651, 0.019925) (-0.910516, -0.265454) (0.442254, -0.40864) (-0.0583634, 0.387999) 
(-1.5821, 1.51889) (-0.0423532, 0.148329) (0.607051, -0.0357713) (-0.901038, -0.281816) (0.430136, -0.447296) (-0.0631534, 0.410176) 
(-1.60394, 1.53253) (-0.0364994, 0.163355) (0.598709, -0.0519478) (-0.897108, -0.285842) (0.428769, -0.458444) (-0.0648664, 0.418669) 
(-1.70219, 1.599) (0.0212834, 0.234264) (0.548669, -0.134972) (-0.873258, -0.306981) (0.41608, -0.51425) (-0.0772045, 0.456059) 
(-1.74794, 1.63483) (0.0658147, 0.265795) (0.51781, -0.180359) (-0.859625, -0.314833) (0.408389, -0.541316) (-0.0863817, 0.473005) 
(-1.81273, 1.69814) (0.161024, 0.313341) (0.471503, -0.242949) (-0.838195, -0.322857) (0.387387, -0.579582) (-0.105347, 0.505485) 
(-1.86496, 1.75772) (0.258636, 0.35278) (0.443342, -0.284588) (-0.82046, -0.325355) (0.367606, -0.619074) (-0.123461, 0.523354) 
(-1.91023, 1.81088) (0.338431, 0.388896) (0.427839, -0.318405) (-0.805498, -0.3258) (0.349899, -0.646774) (-0.135935, 0.532272) 
(-1.95145, 1.86434) (0.429041, 0.430742) (0.419014, -0.365774) (-0.785769, -0.323142) (0.336465, -0.686406) (-0.148132, 0.53289) 
(-1.99173, 1.90434) (0.501122, 0.471182) (0.418019, -0.410895) (-0.765824, -0.318315) (0.329191, -0.725631) (-0.163634, 0.540259) 
(-2.02796, 1.93438) (0.568414, 0.524858) (0.422691, -0.463905) (-0.744463, -0.313412) (0.321773, -0.766623) (-0.179793, 0.548449) 
(-2.06133, 1.96131) (0.642281, 0.598089) (0.437906, -0.511044) (-0.721254, -0.309369) (0.319332, -0.81087) (-0.200138, 0.561311) 
(-2.08365, 1.98058) (0.692433, 0.659097) (0.452492, -0.537649) (-0.702746, -0.306287) (0.313282, -0.840354) (-0.205944, 0.572418) 
(-2.11214, 1.99988) (0.757257, 0.752134) (0.470406, -0.5688) (-0.674656, -0.305711) (0.308265, -0.876234) (-0.215604, 0.586424) 
(-2.14935, 2.01173) (0.846894, 0.869456) (0.477078, -0.594774) (-0.635649, -0.307308) (0.295393, -0.916415) (-0.226611, 0.611752) 
(-2.18388, 2.01766) (0.922167, 0.946201) (0.469277, -0.612293) (-0.605066, -0.306184) (0.283449, -0.942908) (-0.232314, 0.632783) 
(-2.22599, 2.03095) (1.00752, 1.02592) (0.454283, -0.622356) (-0.563823, -0.305093) (0.262919, -0.977763) (-0.235696, 0.657884) 
(-2.26657, 2.04815) (1.09861, 1.10764) (0.438316, -0.627429) (-0.52261, -0.303483) (0.24269, -1.00925) (-0.23314, 0.679042) 
(-2.30034, 2.06761) (1.19755, 1.19436) (0.421106, -0.628313) (-0.476342, -0.301153) (0.216194, -1.04595) (-0.227046, 0.700359) 
(-2.32155, 2.08194) (1.30197, 1.28172) (0.409112, -0.62238) (-0.424711, -0.298694) (0.191859, -1.085) (-0.220892, 0.719444) 
(-2.33012, 2.08475) (1.39949, 1.37443) (0.402295, -0.617728) (-0.369851, -0.293805) (0.165895, -1.12768) (-0.214556, 0.743996) 
(-2.33024, 2.07483) (1.4735, 1.45271) (0.398091, -0.614317) (-0.328659, -0.291289) (0.149943, -1.16333) (-0.210436, 0.764975) 
(-2.32656, 2.05633) (1.55539, 1.5403) (0.376531, -0.612787) (-0.281256, -0.280595) (0.131798, -1.20026) (-0.205333, 0.793595) 
(-2.32477, 2.03105) (1.62068, 1.61512) (0.34215, -0.615438) (-0.247138, -0.273973) (0.118831, -1.22667) (-0.202328, 0.822173) 
(-2.32168, 1.99732) (1.68308, 1.69214) (0.295245, -0.624507) (-0.214777, -0.264134) (0.100534, -1.24905) (-0.200121, 0.851619) 
(-2.31907, 1.95683) (1.74924, 1.77715) (0.250485, -0.649299) (-0.1843, -0.250943) (0.0804097, -1.27002) (-0.196466, 0.890787) 
(-2.31041, 1.9124) (1.82107, 1.86826) (0.230108, -0.704185) (-0.149126, -0.232563) (0.0525601, -1.2881) (-0.19338, 0.936285) 
(-2.30036, 1.88168) (1.87167, 1.92914) (0.239994, -0.759198) (-0.123622, -0.212219) (0.0311079, -1.29777) (-0.189385, 0.974185) 
(-2.28931, 1.85403) (1.92116, 1.9932) (0.263202, -0.818659) (-0.0982203, -0.196216) (0.00480425, -1.30346) (-0.183156, 1.01543) 
(-2.28795, 1.83899) (1.96519, 2.04921) (0.276386, -0.87341) (-0.0714215, -0.183141) (-0.0297784, -1.31057) (-0.176332, 1.0621) 
(-2.29164, 1.83421) (2.01254, 2.10462) (0.277677, -0.930196) (-0.0445492, -0.169772) (-0.0689543, -1.31629) (-0.168767, 1.1135) 
(-2.29565, 1.84058) (2.04819, 2.14197) (0.268503, -0.980377) (-0.0204816, -0.169501) (-0.101927, -1.3211) (-0.161038, 1.16) 
(-2.29688, 1.85443) (2.08099, 2.16187) (0.246737, -1.03608) (0.000515011, -0.169898) (-0.148886, -1.32672) (-0.153804, 1.21572) 
(-2.29676, 1.86666) (2.10409, 2.17362) (0.223064, -1.07949) (0.020162, -0.176147) (-0.186667, -1.33075) (-0.146169, 1.26518) 
(-2.2965, 1.87532) (2.12925, 2.17632) (0.202093, -1.11817) (0.0364777, -0.183498) (-0.233143, -1.33669) (-0.137807, 1.32166) 
(-2.29464, 1.8821) (2.15973, 2.17644) (0.192071, -1.14932) (0.0513217, -0.196992) (-0.278521, -1.34141) (-0.129425, 1.37519) 
(-2.29063, 1.88926) (2.18995, 2.17353) (0.189178, -1.17875) (0.0657936, -0.209145) (-0.329333, -1.34638) (-0.122084, 1.42794) 
(-2.28542, 1.89634) (2.2169, 2.16787) (0.192936, -1.20439) (0.0750483, -0.223975) (-0.374687, -1.35216) (-0.115221, 1.47599) 
(-2.28107, 1.90396) (2.24546, 2.16381) (0.198271, -1.259) (0.0919221, -0.241675) (-0.432437, -1.36317) (-0.107023, 1.53509) 
(-2.2792, 1.90761) (2.2653, 2.16704) (0.210487, -1.31341) (0.109912, -0.256313) (-0.488972, -1.37117) (-0.0982942, 1.59096) 
(-2.27505, 1.90912) (2.27432, 2.17693) (0.222543, -1.36434) (0.13656, -0.27476) (-0.551065, -1.3804) (-0.0898098, 1.6506) 
(-2.27186, 1.90995) (2.27801, 2.18936) (0.226072, -1.40806) (0.159122, -0.289461) (-0.595945, -1.38598) (-0.0839632, 1.69064) 
(-2.27053, 1.91022) (2.27919, 2.19793) (0.224543, -1.43196) (0.169526, -0.297915) (-0.620621, -1.3893) (-0.0806591, 1.71393) 
(-2.26713, 1.912) (2.28165, 2.24012) (0.194436, -1.52388) (0.22207, -0.332133) (-0.722323, -1.40296) (-0.0662958, 1.81061) 
(-2.26528, 1.91365) (2.28482, 2.25784) (0.16974, -1.56867) (0.250265, -0.351137) (-0.776672, -1.4089) (-0.0590859, 1.85996) 
(-2.26366, 1.91507) (2.28811, 2.27359) (0.135495, -1.6113) (0.282935, -0.373946) (-0.835993, -1.41573) (-0.0494882, 1.91574) 
(-2.26376, 1.91649) (2.2976, 2.28699) (0.0954158, -1.66257) (0.322076, -0.402827) (-0.906748, -1.4233) (-0.0382372, 1.98466) 
(-2.26465, 1.91799) (2.30418, 2.29082) (0.0832095, -1.6985) (0.351259, -0.423736) (-0.955995, -1.42999) (-0.0319532, 2.03155) 
(-2.26604, 1.91891) (2.31426, 2.2896) (0.0659863, -1.74626) (0.395704, -0.456335) (-1.02272, -1.43657) (-0.0221722, 2.09503) 
(-2.26701, 1.919) (2.33216, 2.28522) (0.0480624, -1.77749) (0.431403, -0.481774) (-1.07115, -1.44374) (-0.0154215, 2.13988) 
(-2.26722, 1.91822) (2.3653, 2.27572) (0.0231147, -1.81625) (0.473744, -0.511881) (-1.13091, -1.44938) (-0.00591964, 2.18865) 
(-2.26635, 1.91793) (2.39542, 2.26122) (-0.0062343, -1.8614) (0.519671, -0.545663) (-1.19439, -1.45676) (0.00305542, 2.23855) 
(-2.2659, 1.91785) (2.40891, 2.25309) (-0.0248041, -1.88884) (0.547352, -0.565936) (-1.23341, -1.4617) (0.00970818, 2.26964) 
(-2.26611, 1.91868) (2.42789, 2.23904) (-0.0616481, -1.94894) (0.609468, -0.611882) (-1.31886, -1.47268) (0.0179896, 2.30967) 
(-2.26722, 1.92146) (2.43426, 2.23113) (-0.0765845, -1.98411) (0.650923, -0.640765) (-1.37233, -1.47891) (0.0180508, 2.30799) 
(-2.26937, 1.92608) (2.4357, 2.22774) (-0.0745583, -2.00717) (0.687805, -0.667498) (-1.42277, -1.48506) (0.0161685, 2.30042) 
(-2.27438, 1.93643) (2.43446, 2.2294) (-0.0519456, -2.0319) (0.740735, -0.703978) (-1.49185, -1.49327) (0.0169217, 2.30302) 
(-2.28259, 1.94703) (2.43353, 2.23406) (-0.0246087, -2.04886) (0.781097, -0.732143) (-1.54475, -1.50084) (0.017817, 2.3073) 
(-2.29238, 1.95996) (2.43148, 2.24164) (0.0172604, -2.07132) (0.833341, -0.767723) (-1.61348, -1.5096) (0.0176848, 2.30644) 
(-2.29647, 1.96964) (2.42855, 2.24707) (0.049171, -2.08488) (0.870425, -0.793948) (-1.66129, -1.51688) (0.0176265, 2.30616) 
(-2.29552, 1.98041) (2.4238, 2.25276) (0.0905663, -2.0998) (0.918482, -0.829114) (-1.72401, -1.52455) (0.0176428, 2.30629) 
(-2.29027, 1.98562) (2.42102, 2.25872) (0.121084, -2.10669) (0.959959, -0.857873) (-1.77274, -1.5318) (0.0177155, 2.30628) 
(-2.2893, 1.98186) (2.41786, 2.26529) (0.141987, -2.11453) (1.00612, -0.889647) (-1.82469, -1.53681) (0.0176753, 2.30622) 
(-2.29883, 1.9651) (2.41437, 2.27248) (0.14987, -2.13153) (1.05762, -0.925963) (-1.88265, -1.54139) (0.0176662, 2.30625) 
(-2.31155, 1.94852) (2.41042, 2.27673) (0.147672, -2.14386) (1.0983, -0.95575) (-1.92029, -1.54633) (0.0176603, 2.30621) 
(-2.3252, 1.92611) (2.40639, 2.28161) (0.137414, -2.15502) (1.14682, -0.990394) (-1.93215, -1.54809) (0.0176537, 2.30622) 
(-2.33497, 1.9057) (2.40492, 2.28441) (0.124319, -2.16003) (1.19382, -1.02297) (-1.92352, -1.54732) (0.0176797, 2.3062) 
(-2.34265, 1.8927) (2.40484, 2.28755) (0.114683, -2.16115) (1.2372, -1.05342) (-1.92524, -1.54707) (0.0176528, 2.30621) 
(-2.3433, 1.89179) (2.40451, 2.28887) (0.106158, -2.16043) (1.28454, -1.08701) (-1.92508, -1.54723) (0.0176588, 2.30621) 
(-2.33829, 1.90019) (2.40416, 2.2896) (0.0999423, -2.15828) (1.33162, -1.11979) (-1.92477, -1.54687) (0.0176768, 2.3062) 
(-2.33251, 1.90398) (2.40413, 2.29109) (0.0950088, -2.15694) (1.37738, -1.15164) (-1.92464, -1.54725) (0.0176681, 2.3062) 
(-2.33158, 1.90601) (2.40402, 2.29254) (0.0899019, -2.15586) (1.42248, -1.18329) (-1.92469, -1.5471) (0.0176487, 2.30619) 
(-2.33182, 1.90548) (2.40381, 2.29299) (0.0857378, -2.15401) (1.46424, -1.21363) (-1.92456, -1.54704) (0.0176376, 2.3062) 
(-2.32922, 1.9038) (2.40348, 2.29338) (0.0832287, -2.15285) (1.50663, -1.24278) (-1.92462, -1.54713) (0.0176686, 2.3062) 
(-2.32047, 1.90218) (2.40427, 2.29461) (0.0814844, -2.15228) (1.5527, -1.27483) (-1.92459, -1.54711) (0.0176383, 2.30618) 
(-2.30627, 1.90498) (2.40488, 2.29601) (0.0802021, -2.15209) (1.60281, -1.30975) (-1.92451, -1.54711) (0.0176671, 2.30621) 
(-2.29678, 1.91198) (2.40517, 2.2959) (0.0796641, -2.15171) (1.65334, -1.34571) (-1.92454, -1.54707) (0.0176207, 2.30617) 
(-2.29176, 1.92163) (2.40804, 2.29499) (0.0787293, -2.15172) (1.70409, -1.38047) (-1.92457, -1.54708) (0.0176629, 2.30619) 
(-2.28778, 1.92794) (2.41038, 2.29408) (0.0784001, -2.15191) (1.74525, -1.40864) (-1.92455, -1.54714) (0.0176447, 2.30618) 
(-2.28585, 1.93226) (2.41159, 2.2928) (0.0785768, -2.15075) (1.78289, -1.43471) (-1.92453, -1.54709) (0.0176309, 2.30618) 
(-2.28504, 1.9349) (2.41306, 2.29147) (0.0800016, -2.14729) (1.83223, -1.46895) (-1.92454, -1.54709) (0.0176516, 2.30618) 
(-2.28531, 1.93612) (2.4142, 2.29103) (0.0791848, -2.14634) (1.86889, -1.49373) (-1.92454, -1.54712) (0.0176412, 2.30617) 
