(2.08191, 2.01565) (0, 0) (2.17143, -1.66448) (-2.44387, 2.17488) (0, 0) (-2.381, -1.47283) 
(2.08131, 2.01531) (0, 0) (2.16728, -1.66443) (-2.44571, 2.17492) (0, 0) (-2.38395, -1.47295) 
(2.08186, 2.01473) (0, 0) (2.15951, -1.66362) (-2.41637, 2.17306) (0, 0) (-2.36367, -1.47868) 
(2.08285, 2.0144) (0, 0) (2.15105, -1.66231) (-2.34295, 2.1696) (0, 0) (-2.29964, -1.476) 
(2.08268, 2.01367) (0, 0) (2.13984, -1.6636) (-2.29576, 2.16634) (0, 0) (-2.24513, -1.47521) 
(2.08128, 2.01249) (0, 0) (2.11636, -1.67103) (-2.24353, 2.16257) (0, 0) (-2.20599, -1.48113) 
(2.0762, 2.00892) (0, 0) (2.08239, -1.68616) (-2.19287, 2.15824) (0, 0) (-2.16567, -1.48545) 
(2.06606, 2.00077) (0, 0) (2.04657, -1.71121) (-2.14252, 2.15304) (0, 0) (-2.12067, -1.49089) 
(2.04933, 1.98891) (0, 0) (2.01708, -1.73732) (-2.0927, 2.14755) (0, 0) (-2.07433, -1.49732) 
(2.02417, 1.97331) (0, 0) (1.9802, -1.75177) (-2.03527, 2.14211) (0, 0) (-2.02193, -1.50233) 
(1.99481, 1.96117) (0, 0) (1.93645, -1.75778) (-1.98213, 2.13642) (0, 0) (-1.97963, -1.50347) 
(1.95538, 1.95364) (0, 0) (1.86948, -1.7566) (-1.92573, 2.13264) (0, 0) (-1.93353, -1.50453) 
(1.90901, 1.95326) (0, 0) (1.78996, -1.73627) (-1.87032, 2.12748) (0, 0) (-1.87996, -1.50574) 
(1.86388, 1.95904) (0, 0) (1.72448, -1.70283) (-1.82335, 2.12222) (0, 0) (-1.82991, -1.50747) 
(1.81054, 1.96887) (0, 0) (1.65482, -1.66343) (-1.77423, 2.11678) (0, 0) (-1.77985, -1.51033) 
(1.73791, 1.98743) (0, 0) (1.58738, -1.6283) (-1.71665, 2.11225) (0, 0) (-1.71909, -1.51494) 
(1.65751, 2.00728) (0, 0) (1.51169, -1.61647) (-1.6572, 2.10773) (0, 0) (-1.66514, -1.51843) 
(1.60118, 2.01865) (0, 0) (1.45569, -1.61444) (-1.61119, 2.10429) (0, 0) (-1.62317, -1.52217) 
(1.54005, 2.02448) (0, 0) (1.38799, -1.61234) (-1.56079, 2.10052) (0, 0) (-1.57689, -1.52566) 
(1.4628, 2.02881) (0, 0) (1.29432, -1.61994) (-1.5011, 2.09705) (0, 0) (-1.51913, -1.52912) 
(1.37578, 2.03051) (0, 0) (1.19412, -1.64769) (-1.44128, 2.09269) (0, 0) (-1.46103, -1.5321) 
(1.29087, 2.02394) (0, 0) (1.09762, -1.68439) (-1.38698, 2.08842) (0, 0) (-1.40656, -1.53439) 
(1.21367, 2.01165) (0, 0) (1.00832, -1.71071) (-1.33634, 2.08454) (0, 0) (-1.35725, -1.53616) 
(1.12497, 2.00007) (0, 0) (0.914172, -1.72061) (-1.27698, 2.08055) (0, 0) (-1.29673, -1.5392) 
(1.05544, 1.99983) (0, 0) (0.838844, -1.71793) (-1.22362, 2.0756) (0, 0) (-1.2425, -1.54102) 
(0.971837, 2.00577) (0, 0) (0.756354, -1.71379) (-1.1728, 2.07493) (0, 0) (-1.19087, -1.54156) 
(0.890417, 2.014) (0, 0) (0.674645, -1.70599) (-1.12558, 2.07887) (0, 0) (-1.14247, -1.53662) 
(0.816194, 2.02304) (0, 0) (0.599346, -1.68685) (-1.08381, 2.08967) (0, 0) (-1.09941, -1.52895) 
(0.740859, 2.03793) (0, 0) (0.518228, -1.66182) (-1.04314, 2.10488) (0, 0) (-1.05832, -1.51936) 
(0.644514, 2.05532) (0, 0) (0.39361, -1.6265) (-0.99624, 2.12797) (0, 0) (-1.01346, -1.5035) 
(0.577762, 2.05823) (0, 0) (0.296739, -1.60328) (-0.963166, 2.14797) (0, 0) (-0.981124, -1.48783) 
(0.503837, 2.05533) (0, 0) (0.211042, -1.60469) (-0.92816, 2.17083) (0, 0) (-0.955925, -1.46972) 
(0.42582, 2.05054) (0, 0) (0.135349, -1.62201) (-0.891301, 2.19779) (0, 0) (-0.931914, -1.44311) 
(0.354193, 2.04612) (0, 0) (0.0856761, -1.6506) (-0.853856, 2.22419) (0, 0) (-0.915978, -1.41647) 
(0.270253, 2.03623) (0, 0) (0.0441993, -1.70069) (-0.812294, 2.25615) (0, 0) (-0.901638, -1.38362) 
(0.200211, 2.02488) (0, 0) (0.0148059, -1.75349) (-0.776126, 2.28064) (0, 0) (-0.892622, -1.36) 
(0.132103, 2.01626) (0, 0) (-0.0118088, -1.81426) (-0.736719, 2.30486) (0, 0) (-0.882134, -1.33467) 
(0.0592369, 2.01604) (0, 0) (-0.0432714, -1.89081) (-0.695368, 2.33141) (0, 0) (-0.873688, -1.31103) 
(-0.00957877, 2.01854) (0, 0) (-0.0807238, -1.95191) (-0.656672, 2.35515) (0, 0) (-0.857816, -1.29112) 
(-0.0945044, 2.022) (0, 0) (-0.122503, -1.99294) (-0.606631, 2.38578) (0, 0) (-0.836677, -1.26921) 
(-0.180724, 2.02576) (0, 0) (-0.176063, -2.02234) (-0.557584, 2.41262) (0, 0) (-0.811819, -1.25777) 
(-0.258521, 2.03446) (0, 0) (-0.235755, -2.03785) (-0.520031, 2.43576) (0, 0) (-0.787583, -1.24953) 
(-0.331857, 2.04339) (0, 0) (-0.298061, -2.0349) (-0.484507, 2.46104) (0, 0) (-0.765859, -1.24594) 
(-0.413453, 2.0475) (0, 0) (-0.373523, -2.00974) (-0.453946, 2.48793) (0, 0) (-0.739829, -1.2469) 
(-0.488412, 2.04462) (0, 0) (-0.439624, -1.98007) (-0.432126, 2.51694) (0, 0) (-0.717292, -1.25181) 
(-0.576221, 2.04089) (0, 0) (-0.503632, -1.94838) (-0.413644, 2.55573) (0, 0) (-0.693486, -1.26273) 
(-0.650784, 2.04099) (0, 0) (-0.562084, -1.94605) (-0.403083, 2.58531) (0, 0) (-0.678461, -1.27024) 
(-0.735819, 2.0406) (0, 0) (-0.623835, -1.94868) (-0.387338, 2.61666) (0, 0) (-0.657862, -1.27821) 
(-0.830056, 2.03782) (0, 0) (-0.700846, -1.94959) (-0.371665, 2.64349) (0, 0) (-0.633137, -1.28559) 
(-0.904495, 2.03508) (0, 0) (-0.770671, -1.96227) (-0.35258, 2.6637) (0, 0) (-0.610024, -1.28906) 
(-0.98142, 2.03955) (0, 0) (-0.8388, -1.98773) (-0.333533, 2.67622) (0, 0) (-0.581509, -1.29199) 
(-1.06704, 2.04877) (0, 0) (-0.907354, -2.02071) (-0.312785, 2.68661) (0, 0) (-0.548186, -1.29574) 
(-1.158, 2.05536) (0, 0) (-0.983753, -2.0538) (-0.290767, 2.68777) (0, 0) (-0.507263, -1.3014) 
(-1.25164, 2.06661) (0, 0) (-1.05457, -2.06779) (-0.268478, 2.69114) (0, 0) (-0.466338, -1.30676) 
(-1.34339, 2.08011) (0, 0) (-1.11981, -2.06365) (-0.249293, 2.68555) (0, 0) (-0.427349, -1.31378) 
(-1.42561, 2.08838) (0, 0) (-1.18287, -2.05249) (-0.229568, 2.67951) (0, 0) (-0.378222, -1.32414) 
(-1.51075, 2.09425) (0, 0) (-1.25419, -2.03436) (-0.210705, 2.66784) (0, 0) (-0.327981, -1.33571) 
(-1.57785, 2.09638) (0, 0) (-1.3107, -2.00815) (-0.190969, 2.65731) (0, 0) (-0.290534, -1.34442) 
(-1.66401, 2.10222) (0, 0) (-1.38324, -1.95644) (-0.169359, 2.64263) (0, 0) (-0.240554, -1.35511) 
(-1.75513, 2.10265) (0, 0) (-1.44421, -1.90822) (-0.144948, 2.62975) (0, 0) (-0.189182, -1.36492) 
(-1.83378, 2.09583) (0, 0) (-1.5061, -1.88065) (-0.121258, 2.61922) (0, 0) (-0.14583, -1.37201) 
(-1.91664, 2.08715) (0, 0) (-1.57185, -1.86141) (-0.0892867, 2.60827) (0, 0) (-0.0944321, -1.37991) 
(-1.99571, 2.08602) (0, 0) (-1.64259, -1.84469) (-0.0559346, 2.59874) (0, 0) (-0.0383598, -1.38906) 
(-2.06395, 2.09012) (0, 0) (-1.70126, -1.83) (-0.0219744, 2.58931) (0, 0) (0.00969675, -1.39543) 
(-2.12845, 2.0965) (0, 0) (-1.76852, -1.81829) (0.0104765, 2.58093) (0, 0) (0.0590093, -1.40304) 
(-2.199, 2.10617) (0, 0) (-1.85751, -1.81421) (0.0530196, 2.56695) (0, 0) (0.120213, -1.41383) 
(-2.25338, 2.11813) (0, 0) (-1.92893, -1.81691) (0.086029, 2.5571) (0, 0) (0.168411, -1.42294) 
(-2.33126, 2.13987) (0, 0) (-2.03738, -1.82243) (0.139984, 2.53874) (0, 0) (0.235699, -1.43588) 
(-2.38508, 2.15668) (0, 0) (-2.10372, -1.82101) (0.180228, 2.5256) (0, 0) (0.284636, -1.44412) 
(-2.44338, 2.17514) (0, 0) (-2.17028, -1.80636) (0.233871, 2.50788) (0, 0) (0.338186, -1.45438) 
(-2.48949, 2.18304) (0, 0) (-2.21245, -1.78124) (0.275642, 2.49313) (0, 0) (0.380253, -1.4611) 
(-2.53705, 2.19149) (0, 0) (-2.23883, -1.73573) (0.330644, 2.47533) (0, 0) (0.435098, -1.46914) 
(-2.58225, 2.19155) (0, 0) (-2.22813, -1.69004) (0.380463, 2.4583) (0, 0) (0.489641, -1.47753) 
(-2.61995, 2.18378) (0, 0) (-2.19801, -1.6573) (0.422851, 2.44586) (0, 0) (0.540292, -1.48606) 
(-2.65854, 2.17273) (0, 0) (-2.16818, -1.61858) (0.475752, 2.43101) (0, 0) (0.603788, -1.49535) 
(-2.69095, 2.16442) (0, 0) (-2.1586, -1.59155) (0.51946, 2.41737) (0, 0) (0.658124, -1.50288) 
(-2.72272, 2.1588) (0, 0) (-2.16718, -1.57265) (0.572491, 2.39916) (0, 0) (0.719762, -1.51253) 
(-2.74899, 2.15927) (0, 0) (-2.16942, -1.5637) (0.617957, 2.38596) (0, 0) (0.769932, -1.52144) 
(-2.77734, 2.16287) (0, 0) (-2.18778, -1.5506) (0.66801, 2.37152) (0, 0) (0.823832, -1.53006) 
(-2.79726, 2.16666) (0, 0) (-2.22515, -1.52909) (0.723384, 2.35407) (0, 0) (0.882979, -1.53958) 
(-2.80959, 2.16993) (0, 0) (-2.25792, -1.50178) (0.770917, 2.33941) (0, 0) (0.935478, -1.54711) 
(-2.82139, 2.1803) (0, 0) (-2.29001, -1.46648) (0.818018, 2.32669) (0, 0) (0.985183, -1.55512) 
(-2.83312, 2.19568) (0, 0) (-2.31739, -1.43543) (0.870027, 2.31145) (0, 0) (1.03838, -1.56265) 
(-2.84111, 2.21269) (0, 0) (-2.34092, -1.41768) (0.92609, 2.29418) (0, 0) (1.09734, -1.57117) 
(-2.85156, 2.23106) (0, 0) (-2.36933, -1.40689) (0.978797, 2.27915) (0, 0) (1.15334, -1.57949) 
(-2.85845, 2.24665) (0, 0) (-2.39928, -1.4063) (1.03185, 2.26463) (0, 0) (1.20824, -1.58793) 
(-2.8587, 2.26424) (0, 0) (-2.41822, -1.42057) (1.08656, 2.24911) (0, 0) (1.26255, -1.59612) 
(-2.85592, 2.27843) (0, 0) (-2.42445, -1.44172) (1.14149, 2.23408) (0, 0) (1.32052, -1.60429) 
(-2.85285, 2.28488) (0, 0) (-2.42702, -1.45542) (1.179, 2.22468) (0, 0) (1.36088, -1.60995) 
(-2.83817, 2.29154) (0, 0) (-2.43098, -1.46788) (1.23332, 2.21227) (0, 0) (1.42076, -1.6191) 
(-2.81551, 2.29337) (0, 0) (-2.43191, -1.47432) (1.28419, 2.2015) (0, 0) (1.47727, -1.62735) 
(-2.79076, 2.29142) (0, 0) (-2.42756, -1.4769) (1.33206, 2.18955) (0, 0) (1.52983, -1.63496) 
(-2.7492, 2.2758) (0, 0) (-2.41853, -1.47514) (1.3979, 2.17269) (0, 0) (1.60346, -1.64551) 
(-2.72268, 2.26148) (0, 0) (-2.41259, -1.4726) (1.43917, 2.16337) (0, 0) (1.64768, -1.65112) 
(-2.67868, 2.23464) (0, 0) (-2.40226, -1.46918) (1.50661, 2.14762) (0, 0) (1.71781, -1.6605) 
(-2.64834, 2.21833) (0, 0) (-2.39666, -1.47047) (1.55341, 2.13665) (0, 0) (1.76384, -1.6664) 
(-2.60753, 2.20534) (0, 0) (-2.39172, -1.48024) (1.61056, 2.12371) (0, 0) (1.82365, -1.67375) 
(-2.57646, 2.19677) (0, 0) (-2.38818, -1.49269) (1.66468, 2.11175) (0, 0) (1.88022, -1.68053) 
(-2.54875, 2.19016) (0, 0) (-2.38936, -1.50256) (1.71831, 2.10099) (0, 0) (1.93696, -1.68769) 
(-2.52653, 2.18888) (0, 0) (-2.3942, -1.51263) (1.77553, 2.08955) (0, 0) (1.99918, -1.69451) 
(-2.51273, 2.19384) (0, 0) (-2.39889, -1.52295) (1.8247, 2.08025) (0, 0) (2.05286, -1.70148) 
(-2.50112, 2.20647) (0, 0) (-2.40477, -1.53407) (1.87881, 2.07143) (0, 0) (2.10749, -1.70759) 
(-2.49778, 2.22212) (0, 0) (-2.41236, -1.54171) (1.92593, 2.065) (0, 0) (2.1569, -1.71293) 
(-2.49889, 2.23986) (0, 0) (-2.42246, -1.54859) (1.96904, 2.05874) (0, 0) (2.20243, -1.71884) 
(-2.49671, 2.26419) (0, 0) (-2.43696, -1.55903) (2.03525, 2.04873) (0, 0) (2.26375, -1.72492) 
(-2.494, 2.27878) (0, 0) (-2.44441, -1.56444) (2.08328, 2.04439) (0, 0) (2.28117, -1.72653) 
(-2.49282, 2.29486) (0, 0) (-2.44832, -1.56362) (2.13772, 2.03913) (0, 0) (2.27612, -1.7262) 
(-2.493, 2.30537) (0, 0) (-2.44899, -1.55972) (2.17414, 2.03593) (0, 0) (2.27069, -1.72571) 
