(2.19164, -1.84992) (-1.94689, -1.52277) (0.140856, 2.57828) (-2.154, 1.87071) (2.01681, 1.8749) (0.0833589, -2.00045) 
(2.18657, -1.85289) (-1.95386, -1.52409) (0.141233, 2.5778) (-2.15542, 1.87229) (2.01681, 1.8749) (0.0830118, -2.00142) 
(2.17889, -1.85948) (-1.96955, -1.52537) (0.141212, 2.57607) (-2.12029, 1.84248) (2.01681, 1.8749) (0.0855024, -1.96317) 
(2.17433, -1.86281) (-1.97847, -1.5202) (0.141023, 2.57492) (-2.05957, 1.79339) (2.01681, 1.8749) (0.0848509, -1.89847) 
(2.16158, -1.86631) (-1.98646, -1.51453) (0.140962, 2.57353) (-2.02404, 1.76311) (2.01681, 1.8749) (0.0857244, -1.85592) 
(2.13895, -1.86707) (-1.99342, -1.50696) (0.141833, 2.57186) (-1.9877, 1.73415) (2.01681, 1.8749) (0.0846843, -1.82301) 
(2.10096, -1.85297) (-2.00215, -1.48921) (0.144422, 2.5692) (-1.94071, 1.69689) (2.01681, 1.8749) (0.0814481, -1.76968) 
(2.06501, -1.82421) (-2.00772, -1.46916) (0.148362, 2.56638) (-1.90755, 1.67014) (2.01681, 1.8749) (0.0786233, -1.72913) 
(2.01085, -1.76271) (-2.00597, -1.43756) (0.157404, 2.55777) (-1.85913, 1.63144) (2.01681, 1.8749) (0.0742298, -1.66852) 
(1.97104, -1.69626) (-1.99373, -1.41666) (0.167409, 2.54186) (-1.82102, 1.60109) (2.01681, 1.8749) (0.0725682, -1.61853) 
(1.93537, -1.62367) (-1.97638, -1.40587) (0.177418, 2.52264) (-1.78582, 1.571) (1.96603, 1.66232) (0.0717756, -1.57231) 
(1.9277, -1.60876) (-1.97207, -1.405) (0.179334, 2.51832) (-1.77907, 1.56564) (1.96794, 1.65822) (0.0710774, -1.56307) 
(1.83367, -1.45143) (-1.90565, -1.42098) (0.189309, 2.45496) (-1.70033, 1.50219) (1.99176, 1.62955) (0.0674525, -1.46268) 
(1.78135, -1.38417) (-1.85762, -1.44265) (0.184602, 2.40638) (-1.65425, 1.46428) (2.00514, 1.61932) (0.0649745, -1.40446) 
(1.72672, -1.33498) (-1.81242, -1.45668) (0.174568, 2.35488) (-1.61188, 1.42896) (2.01442, 1.61108) (0.0626179, -1.35315) 
(1.67029, -1.29547) (-1.76314, -1.46745) (0.162156, 2.30541) (-1.57698, 1.39738) (2.02422, 1.60073) (0.0599852, -1.31086) 
(1.59956, -1.25269) (-1.70751, -1.47536) (0.147611, 2.25568) (-1.53153, 1.35999) (2.03111, 1.58679) (0.0537442, -1.26452) 
(1.53158, -1.21531) (-1.67168, -1.46368) (0.137224, 2.22037) (-1.49166, 1.3286) (2.03635, 1.5744) (0.046173, -1.2305) 
(1.45019, -1.1698) (-1.63318, -1.43699) (0.126843, 2.17657) (-1.44512, 1.29) (2.04021, 1.55985) (0.0359057, -1.18911) 
(1.37822, -1.11564) (-1.59068, -1.39862) (0.12333, 2.13357) (-1.3976, 1.25218) (2.04333, 1.54508) (0.0199562, -1.15214) 
(1.32624, -1.06794) (-1.55739, -1.35914) (0.124597, 2.1027) (-1.3636, 1.22496) (2.04288, 1.53294) (0.009333, -1.12799) 
(1.32629, -1.06795) (-1.55742, -1.35904) (0.124629, 2.10274) (-1.36363, 1.225) (2.04286, 1.53294) (0.00932431, -1.12807) 
(1.19498, -0.923982) (-1.48329, -1.2389) (0.133654, 2.03096) (-1.27739, 1.15504) (2.03448, 1.50504) (-0.0273536, -1.07667) 
(1.12145, -0.820789) (-1.43829, -1.15753) (0.147496, 1.98122) (-1.22646, 1.11314) (2.01674, 1.486) (-0.0532226, -1.03574) 
(1.06218, -0.73629) (-1.40174, -1.09273) (0.163561, 1.93141) (-1.18985, 1.08184) (2.00071, 1.47277) (-0.0628191, -1.01213) 
(0.999679, -0.659704) (-1.35322, -1.03614) (0.178703, 1.87442) (-1.14784, 1.04992) (1.98834, 1.45517) (-0.0655014, -0.985642) 
(0.932871, -0.593611) (-1.29438, -0.98328) (0.192725, 1.81775) (-1.10386, 1.01332) (1.97908, 1.43331) (-0.0706993, -0.955902) 
(0.862378, -0.527629) (-1.2253, -0.931245) (0.203334, 1.76471) (-1.05415, 0.973648) (1.97177, 1.41179) (-0.0798196, -0.922035) 
(0.78714, -0.464071) (-1.14836, -0.883454) (0.207931, 1.71298) (-1.00979, 0.940209) (1.9663, 1.38535) (-0.0854391, -0.903596) 
(0.71194, -0.411163) (-1.07313, -0.844218) (0.208813, 1.66705) (-0.971996, 0.908576) (1.95854, 1.36262) (-0.0959014, -0.887174) 
(0.63186, -0.353588) (-0.987263, -0.807518) (0.207556, 1.61812) (-0.939962, 0.885761) (1.94783, 1.33149) (-0.108943, -0.863165) 
(0.559592, -0.28972) (-0.903136, -0.76937) (0.201959, 1.56947) (-0.89368, 0.868424) (1.93639, 1.30527) (-0.119516, -0.8413) 
(0.496041, -0.21842) (-0.834194, -0.726221) (0.193039, 1.52135) (-0.846907, 0.855843) (1.92279, 1.27869) (-0.130436, -0.818913) 
(0.42165, -0.132511) (-0.763591, -0.661558) (0.182175, 1.47218) (-0.79994, 0.85209) (1.90217, 1.24396) (-0.136852, -0.80167) 
(0.357938, -0.0512315) (-0.70628, -0.606292) (0.174801, 1.4335) (-0.755308, 0.85038) (1.88192, 1.20888) (-0.137741, -0.785924) 
(0.28147, 0.0511481) (-0.638834, -0.535581) (0.16936, 1.39312) (-0.697696, 0.847046) (1.85999, 1.17002) (-0.133141, -0.764464) 
(0.217064, 0.128001) (-0.586613, -0.469039) (0.168183, 1.36451) (-0.662627, 0.847756) (1.83962, 1.13359) (-0.127771, -0.748078) 
(0.143242, 0.196287) (-0.530028, -0.384934) (0.169192, 1.33455) (-0.617457, 0.859294) (1.81619, 1.09402) (-0.118294, -0.73152) 
(0.0895485, 0.236892) (-0.492794, -0.328593) (0.171299, 1.31402) (-0.588455, 0.871528) (1.79958, 1.06549) (-0.109646, -0.719077) 
(-0.0335449, 0.307558) (-0.416419, -0.233294) (0.183333, 1.26969) (-0.539211, 0.90538) (1.76242, 1.00534) (-0.0884193, -0.693285) 
(-0.119317, 0.340616) (-0.358418, -0.185536) (0.196792, 1.24162) (-0.516328, 0.930842) (1.74238, 0.969956) (-0.0740777, -0.68006) 
(-0.159459, 0.351337) (-0.330762, -0.166621) (0.203383, 1.22943) (-0.506923, 0.94411) (1.73283, 0.954366) (-0.0688528, -0.67344) 
(-0.313973, 0.387481) (-0.21486, -0.0915281) (0.231596, 1.18035) (-0.471012, 1.00228) (1.68716, 0.894163) (-0.0609256, -0.658384) 
(-0.392269, 0.421255) (-0.137432, -0.0518613) (0.246224, 1.1527) (-0.444203, 1.04272) (1.66039, 0.858658) (-0.0590472, -0.643982) 
(-0.460807, 0.462247) (-0.0577568, -0.0240057) (0.255537, 1.13477) (-0.424688, 1.06713) (1.63555, 0.826854) (-0.0560853, -0.628151) 
(-0.548011, 0.524115) (0.0479863, 0.00268574) (0.261129, 1.1172) (-0.390004, 1.09589) (1.60786, 0.788025) (-0.058677, -0.609023) 
(-0.623363, 0.586247) (0.13498, 0.0245739) (0.262516, 1.09975) (-0.357687, 1.11455) (1.58159, 0.755252) (-0.0631339, -0.597232) 
(-0.709651, 0.669648) (0.230954, 0.054533) (0.256663, 1.08382) (-0.322473, 1.12545) (1.55326, 0.715479) (-0.0703237, -0.582924) 
(-0.786269, 0.743969) (0.315391, 0.102646) (0.245213, 1.0589) (-0.291672, 1.12881) (1.5241, 0.680222) (-0.0798598, -0.570102) 
(-0.858309, 0.801965) (0.3882, 0.148724) (0.232541, 1.02062) (-0.270232, 1.12838) (1.50141, 0.654476) (-0.0899119, -0.56077) 
(-0.935522, 0.854147) (0.466139, 0.208272) (0.215154, 0.961453) (-0.243767, 1.12461) (1.47926, 0.616105) (-0.101831, -0.553469) 
(-0.997056, 0.895315) (0.521743, 0.261634) (0.201096, 0.916357) (-0.232571, 1.11907) (1.46804, 0.587479) (-0.111773, -0.54766) 
(-1.10539, 0.96371) (0.612747, 0.362549) (0.181419, 0.849578) (-0.212655, 1.10332) (1.45682, 0.540736) (-0.131134, -0.537137) 
(-1.20636, 1.02136) (0.690351, 0.446985) (0.171826, 0.794963) (-0.193757, 1.08982) (1.45537, 0.497883) (-0.154179, -0.521603) 
(-1.28374, 1.07313) (0.757676, 0.504654) (0.170364, 0.749279) (-0.176674, 1.08151) (1.44944, 0.459446) (-0.177154, -0.504858) 
(-1.35882, 1.14334) (0.84006, 0.567189) (0.175074, 0.692835) (-0.164627, 1.07878) (1.44836, 0.425152) (-0.194361, -0.487296) 
(-1.41353, 1.20655) (0.91126, 0.62233) (0.183855, 0.644335) (-0.155127, 1.07953) (1.43539, 0.392474) (-0.203055, -0.469002) 
(-1.46655, 1.27479) (0.981429, 0.676001) (0.196199, 0.596095) (-0.146622, 1.08313) (1.42382, 0.360888) (-0.21628, -0.446612) 
(-1.51407, 1.35091) (1.05473, 0.728514) (0.211216, 0.540074) (-0.133339, 1.08188) (1.39996, 0.324389) (-0.228368, -0.421381) 
(-1.5535, 1.43109) (1.129, 0.7801) (0.226643, 0.482404) (-0.118252, 1.07927) (1.38035, 0.282819) (-0.243336, -0.395482) 
(-1.59018, 1.51631) (1.19383, 0.825398) (0.240884, 0.423622) (-0.105089, 1.07431) (1.36766, 0.246124) (-0.258424, -0.367105) 
(-1.62871, 1.59744) (1.26312, 0.89966) (0.253303, 0.361146) (-0.0852575, 1.0624) (1.34626, 0.202213) (-0.278681, -0.332518) 
(-1.65992, 1.65074) (1.3285, 0.982602) (0.258063, 0.312986) (-0.0661023, 1.04699) (1.33653, 0.170569) (-0.298145, -0.303263) 
(-1.69506, 1.69932) (1.38903, 1.06028) (0.260194, 0.262944) (-0.0519008, 1.03346) (1.32001, 0.144427) (-0.317656, -0.267025) 
(-1.7366, 1.74054) (1.44076, 1.13001) (0.259582, 0.214079) (-0.0359841, 1.02196) (1.3101, 0.124323) (-0.329069, -0.244582) 
(-1.80151, 1.79319) (1.49583, 1.21674) (0.252923, 0.149386) (-0.0124788, 1.00594) (1.28995, 0.105926) (-0.335334, -0.210535) 
(-1.8477, 1.83604) (1.53414, 1.27529) (0.245914, 0.102281) (0.00876832, 0.994118) (1.27511, 0.0928169) (-0.339169, -0.187285) 
(-1.92484, 1.90878) (1.59732, 1.35585) (0.234875, 0.0232042) (0.048875, 0.973361) (1.24021, 0.0740756) (-0.343401, -0.145618) 
(-1.96979, 1.95151) (1.64902, 1.40775) (0.233806, -0.0301932) (0.0832847, 0.957011) (1.21414, 0.0605061) (-0.34737, -0.115422) 
(-2.00958, 1.98124) (1.70033, 1.46916) (0.236912, -0.0848169) (0.116949, 0.943598) (1.17846, 0.0449275) (-0.348605, -0.0777297) 
(-2.04601, 1.9956) (1.74751, 1.52833) (0.240027, -0.143716) (0.154138, 0.928884) (1.14252, 0.0290367) (-0.349912, -0.0374901) 
(-2.07747, 1.9937) (1.80006, 1.58832) (0.246608, -0.20884) (0.184745, 0.916281) (1.10131, 0.0127227) (-0.346204, 0.00330541) 
(-2.10408, 1.97709) (1.85423, 1.63753) (0.257674, -0.255818) (0.215903, 0.897494) (1.06366, 0.000134511) (-0.342204, 0.0424534) 
(-2.13366, 1.93813) (1.93094, 1.69313) (0.269941, -0.315617) (0.256434, 0.870794) (1.01245, -0.0145026) (-0.333739, 0.0976956) 
(-2.15033, 1.90043) (1.98801, 1.72863) (0.279337, -0.370216) (0.285791, 0.849467) (0.968738, -0.024709) (-0.325742, 0.142018) 
(-2.16907, 1.85691) (2.05074, 1.77206) (0.285903, -0.444272) (0.325191, 0.819414) (0.915692, -0.0400215) (-0.31615, 0.197027) 
(-2.19466, 1.83242) (2.10106, 1.81204) (0.284818, -0.521713) (0.364679, 0.788525) (0.863838, -0.0559267) (-0.307468, 0.247295) 
(-2.22264, 1.82492) (2.14221, 1.84173) (0.279989, -0.590799) (0.398253, 0.761588) (0.817306, -0.0697831) (-0.301306, 0.2964) 
(-2.25091, 1.83501) (2.18372, 1.86816) (0.271719, -0.665738) (0.430584, 0.735223) (0.772248, -0.0802021) (-0.294096, 0.353469) 
(-2.2712, 1.86573) (2.21145, 1.89505) (0.259189, -0.739151) (0.462822, 0.703376) (0.726092, -0.0995947) (-0.286129, 0.412739) 
(-2.27875, 1.91263) (2.22711, 1.9269) (0.240299, -0.815536) (0.4946, 0.67054) (0.683569, -0.117907) (-0.277991, 0.471764) 
(-2.27786, 1.93469) (2.23516, 1.94077) (0.230925, -0.847909) (0.507432, 0.654839) (0.666777, -0.126793) (-0.274534, 0.494672) 
(-2.26021, 2.01585) (2.27591, 1.98977) (0.191488, -0.980636) (0.551036, 0.602668) (0.595512, -0.166432) (-0.26473, 0.583631) 
(-2.24828, 2.05344) (2.29442, 2.00812) (0.182483, -1.06104) (0.573612, 0.568675) (0.553085, -0.1919) (-0.256667, 0.636867) 
(-2.24489, 2.07952) (2.30446, 2.0172) (0.181778, -1.13208) (0.597787, 0.529322) (0.509236, -0.220492) (-0.248494, 0.690972) 
(-2.2481, 2.09184) (2.29902, 2.02108) (0.180275, -1.18662) (0.617265, 0.495134) (0.473269, -0.241979) (-0.242115, 0.737817) 
(-2.25576, 2.09716) (2.27747, 2.02694) (0.178299, -1.24559) (0.639636, 0.457307) (0.427818, -0.266999) (-0.234622, 0.789859) 
(-2.27059, 2.09756) (2.24048, 2.03197) (0.18037, -1.31149) (0.668626, 0.413323) (0.374398, -0.295903) (-0.226464, 0.851968) 
(-2.28983, 2.09426) (2.19236, 2.03626) (0.186349, -1.37969) (0.701367, 0.363528) (0.31658, -0.327333) (-0.216679, 0.918211) 
(-2.3074, 2.09307) (2.1531, 2.04246) (0.194067, -1.43053) (0.7265, 0.326114) (0.270592, -0.350248) (-0.210147, 0.971669) 
(-2.32613, 2.09219) (2.11403, 2.0462) (0.200649, -1.4901) (0.757993, 0.279346) (0.217075, -0.377789) (-0.203004, 1.03325) 
(-2.33452, 2.09167) (2.09453, 2.04498) (0.199038, -1.52995) (0.778349, 0.24797) (0.182084, -0.395363) (-0.197354, 1.07085) 
(-2.34855, 2.09059) (2.07032, 2.03672) (0.189666, -1.59678) (0.821347, 0.184902) (0.118506, -0.429129) (-0.18701, 1.1408) 
(-2.36182, 2.0855) (2.06338, 2.02028) (0.182452, -1.64899) (0.859081, 0.127315) (0.0628796, -0.457891) (-0.178634, 1.20156) 
(-2.36942, 2.07717) (2.06315, 1.99537) (0.175316, -1.69693) (0.889435, 0.0807428) (0.00930318, -0.484494) (-0.169284, 1.25789) 
(-2.37042, 2.06821) (2.07302, 1.96723) (0.16526, -1.74477) (0.919114, 0.0340483) (-0.0440483, -0.512144) (-0.159368, 1.31365) 
(-2.36986, 2.05932) (2.08495, 1.93971) (0.153211, -1.78827) (0.947147, -0.00988927) (-0.0918826, -0.537219) (-0.150215, 1.3647) 
(-2.3695, 2.05082) (2.09676, 1.90988) (0.138576, -1.83289) (0.978646, -0.0554506) (-0.143099, -0.566168) (-0.141806, 1.4192) 
(-2.36993, 2.04626) (2.10687, 1.8883) (0.126272, -1.875) (1.01084, -0.103155) (-0.194385, -0.593566) (-0.133159, 1.47548) 
(-2.37041, 2.04465) (2.11047, 1.8826) (0.118924, -1.91077) (1.0371, -0.141071) (-0.236656, -0.617448) (-0.125385, 1.52258) 
(-2.37065, 2.04438) (2.10875, 1.89243) (0.114019, -1.94782) (1.06841, -0.185891) (-0.288986, -0.645929) (-0.116104, 1.57973) 
(-2.37065, 2.04538) (2.10226, 1.90636) (0.115753, -1.98237) (1.10599, -0.241872) (-0.350736, -0.679066) (-0.105602, 1.64713) 
(-2.37011, 2.04747) (2.09763, 1.91567) (0.120164, -2.00548) (1.13789, -0.289447) (-0.402899, -0.706692) (-0.0960279, 1.70452) 
(-2.37001, 2.04915) (2.08824, 1.92593) (0.129763, -2.02402) (1.17363, -0.340588) (-0.459622, -0.736045) (-0.0858918, 1.76624) 
(-2.37003, 2.04942) (2.08491, 1.93363) (0.142368, -2.04409) (1.20327, -0.384707) (-0.507955, -0.761093) (-0.0778344, 1.81979) 
(-2.37019, 2.04914) (2.08406, 1.93952) (0.148335, -2.06911) (1.23839, -0.437441) (-0.565609, -0.788986) (-0.0672476, 1.88353) 
(-2.37014, 2.04853) (2.08054, 1.94449) (0.146026, -2.08717) (1.26501, -0.477474) (-0.609984, -0.811685) (-0.0578779, 1.93129) 
(-2.36956, 2.04665) (2.07274, 1.95275) (0.137973, -2.1087) (1.30209, -0.533262) (-0.671401, -0.843757) (-0.0454102, 1.99936) 
(-2.3694, 2.04477) (2.06863, 1.96184) (0.125854, -2.12291) (1.33112, -0.576832) (-0.719494, -0.86969) (-0.0376252, 2.0518) 
(-2.36894, 2.04231) (2.06693, 1.96879) (0.105079, -2.13009) (1.36237, -0.625024) (-0.772389, -0.895408) (-0.029083, 2.10611) 
(-2.36838, 2.04065) (2.0631, 1.97234) (0.0844983, -2.12752) (1.39141, -0.669341) (-0.818649, -0.921444) (-0.0185294, 2.15618) 
(-2.36718, 2.0399) (2.06047, 1.9762) (0.0592334, -2.11377) (1.42845, -0.725087) (-0.87734, -0.953951) (-0.00573405, 2.21505) 
(-2.36635, 2.03931) (2.06031, 1.97889) (0.0442601, -2.09869) (1.45533, -0.765626) (-0.920461, -0.976683) (0.00170378, 2.25719) 
(-2.36587, 2.03909) (2.0585, 1.97969) (0.0303549, -2.07776) (1.49338, -0.824022) (-0.982016, -1.00812) (0.0143135, 2.31034) 
(-2.36541, 2.03985) (2.05709, 1.97905) (0.0253905, -2.06748) (1.51673, -0.860325) (-1.02263, -1.02989) (0.0176859, 2.32727) 
(-2.3646, 2.04082) (2.05974, 1.97851) (0.0233547, -2.06154) (1.55611, -0.920732) (-1.09015, -1.06518) (0.0175111, 2.32527) 
(-2.36349, 2.04089) (2.06264, 1.97791) (0.0210587, -2.0661) (1.58798, -0.970574) (-1.14269, -1.09296) (0.0164534, 2.3222) 
(-2.36159, 2.04006) (2.06509, 1.97473) (0.0199404, -2.07854) (1.62005, -1.01979) (-1.19639, -1.12139) (0.0174569, 2.32686) 
(-2.36002, 2.03942) (2.06744, 1.97178) (0.0226188, -2.10053) (1.65211, -1.06925) (-1.2492, -1.15079) (0.0175182, 2.32597) 
(-2.35915, 2.03932) (2.06874, 1.96908) (0.0306921, -2.12536) (1.68112, -1.11317) (-1.29927, -1.17868) (0.0173958, 2.32568) 
(-2.3586, 2.03871) (2.06981, 1.96696) (0.0386717, -2.14911) (1.71262, -1.1632) (-1.34993, -1.20481) (0.0173461, 2.32632) 
(-2.3586, 2.03871) (2.06981, 1.96695) (0.0387102, -2.14918) (1.71267, -1.16329) (-1.35, -1.20484) (0.0173382, 2.32629) 
(-2.35776, 2.03895) (2.06931, 1.96392) (0.0579379, -2.16362) (1.77633, -1.25751) (-1.4478, -1.25742) (0.0174651, 2.32619) 
(-2.35727, 2.03939) (2.06848, 1.96214) (0.083536, -2.16796) (1.81213, -1.31129) (-1.50411, -1.28763) (0.0174399, 2.32623) 
(-2.35637, 2.04035) (2.06755, 1.96101) (0.108165, -2.16401) (1.84685, -1.36363) (-1.56249, -1.31876) (0.0174709, 2.32634) 
(-2.35592, 2.0414) (2.06707, 1.96081) (0.125921, -2.16212) (1.87173, -1.4007) (-1.60701, -1.34165) (0.0175127, 2.32621) 
(-2.3554, 2.04362) (2.0667, 1.96077) (0.144332, -2.15435) (1.90424, -1.44885) (-1.66845, -1.37338) (0.0175045, 2.32626) 
(-2.35625, 2.04589) (2.06635, 1.95949) (0.155123, -2.14345) (1.93003, -1.48804) (-1.71938, -1.39781) (0.017509, 2.32629) 
(-2.358, 2.04869) (2.06738, 1.95789) (0.166765, -2.1413) (1.94487, -1.51121) (-1.77371, -1.42654) (0.0175017, 2.32624) 
(-2.35887, 2.05041) (2.0693, 1.95695) (0.170773, -2.13777) (1.9439, -1.50937) (-1.81675, -1.44848) (0.0174961, 2.32626) 
(-2.35932, 2.05133) (2.07123, 1.95484) (0.169716, -2.13688) (1.93867, -1.50163) (-1.86184, -1.47353) (0.0175039, 2.32628) 
(-2.35947, 2.05196) (2.07207, 1.95361) (0.16705, -2.13755) (1.94014, -1.50335) (-1.8872, -1.48614) (0.0175037, 2.32626) 
