(1.93306, -1.60479) (-2.13928, -1.66458) (0.128564, 2.59206) (-2.18398, 1.90949) (1.94852, 1.76846) (0.103608, -2.01268) 
(1.93267, -1.60479) (-2.15103, -1.67604) (0.127067, 2.59214) (-2.18398, 1.90949) (1.95, 1.76833) (0.103296, -2.01521) 
(1.93258, -1.60437) (-2.15613, -1.68393) (0.126224, 2.59273) (-2.18398, 1.90949) (1.94845, 1.76248) (0.103471, -1.99755) 
(1.93295, -1.60206) (-2.15945, -1.68838) (0.125983, 2.593) (-2.18398, 1.90949) (1.94423, 1.75525) (0.107459, -1.94727) 
(1.93185, -1.59964) (-2.15932, -1.69012) (0.126385, 2.5906) (-2.15741, 1.88145) (1.94021, 1.75307) (0.10676, -1.91944) 
(1.92945, -1.59318) (-2.1453, -1.68393) (0.130119, 2.5769) (-2.12241, 1.84651) (1.92885, 1.74265) (0.102227, -1.87426) 
(1.92154, -1.58245) (-2.11741, -1.67154) (0.134637, 2.55807) (-2.08883, 1.83075) (1.91697, 1.73584) (0.0960842, -1.8358) 
(1.91212, -1.56763) (-2.08333, -1.65612) (0.137868, 2.54056) (-2.06288, 1.8193) (1.90495, 1.72768) (0.0920114, -1.80024) 
(1.89693, -1.54487) (-2.0415, -1.6375) (0.139562, 2.51786) (-2.03763, 1.80535) (1.89038, 1.71531) (0.0875804, -1.75743) 
(1.85489, -1.50147) (-1.98427, -1.6175) (0.139348, 2.48126) (-2.0002, 1.78029) (1.8708, 1.70096) (0.0855283, -1.70185) 
(1.80732, -1.45708) (-1.93005, -1.59333) (0.134694, 2.44217) (-1.97149, 1.75696) (1.85113, 1.68563) (0.0855235, -1.6557) 
(1.75027, -1.41172) (-1.87407, -1.56053) (0.124597, 2.39041) (-1.94161, 1.73033) (1.82949, 1.66609) (0.0859466, -1.60253) 
(1.69174, -1.36869) (-1.83335, -1.53439) (0.113737, 2.34202) (-1.91062, 1.70239) (1.80886, 1.64959) (0.0844469, -1.55124) 
(1.61846, -1.31788) (-1.78669, -1.50364) (0.101574, 2.28818) (-1.87885, 1.67372) (1.78306, 1.63068) (0.083709, -1.49733) 
(1.57342, -1.2851) (-1.75614, -1.48239) (0.0972306, 2.25139) (-1.85445, 1.65204) (1.76452, 1.61547) (0.0825195, -1.46349) 
(1.5013, -1.22051) (-1.70063, -1.43915) (0.100615, 2.18465) (-1.81005, 1.61487) (1.7343, 1.58722) (0.0786806, -1.40062) 
(1.43642, -1.14809) (-1.64575, -1.38733) (0.108217, 2.11581) (-1.76855, 1.57708) (1.70863, 1.55641) (0.0733264, -1.34082) 
(1.38688, -1.08164) (-1.60259, -1.33709) (0.119686, 2.06079) (-1.73594, 1.54569) (1.6895, 1.5282) (0.0699589, -1.30848) 
(1.3311, -1.00165) (-1.55387, -1.27299) (0.138228, 1.99946) (-1.70157, 1.51237) (1.67232, 1.49894) (0.0577309, -1.2731) 
(1.26279, -0.904094) (-1.50176, -1.21077) (0.157266, 1.93148) (-1.66384, 1.47369) (1.65562, 1.45858) (0.0397583, -1.22622) 
(1.19997, -0.824014) (-1.44784, -1.15441) (0.16739, 1.87217) (-1.62738, 1.43567) (1.64148, 1.41959) (0.0302706, -1.18467) 
(1.14029, -0.762347) (-1.39986, -1.11257) (0.170729, 1.8225) (-1.59807, 1.40479) (1.62965, 1.39027) (0.0262443, -1.15606) 
(1.05541, -0.683079) (-1.3315, -1.05319) (0.169549, 1.75295) (-1.55697, 1.36319) (1.61222, 1.34601) (0.0290273, -1.10518) 
(0.95679, -0.589766) (-1.23831, -0.970022) (0.157953, 1.6567) (-1.49974, 1.30836) (1.58936, 1.28898) (0.0473857, -1.04696) 
(0.946324, -0.579641) (-1.2271, -0.960287) (0.155732, 1.64529) (-1.49381, 1.30279) (1.58633, 1.28278) (0.0493445, -1.04194) 
(0.872991, -0.503356) (-1.14728, -0.898031) (0.138566, 1.56606) (-1.45906, 1.25936) (1.56399, 1.22778) (0.071676, -1.00877) 
(0.829234, -0.441012) (-1.08565, -0.840715) (0.126486, 1.49947) (-1.42725, 1.21613) (1.54674, 1.18073) (0.093545, -0.983239) 
(0.797767, -0.378504) (-1.03417, -0.783787) (0.120237, 1.4402) (-1.39962, 1.17919) (1.52985, 1.13824) (0.117746, -0.954947) 
(0.771461, -0.309778) (-0.981272, -0.72481) (0.11681, 1.37667) (-1.37692, 1.14442) (1.51367, 1.0968) (0.140232, -0.925702) 
(0.754786, -0.241369) (-0.933473, -0.66745) (0.116638, 1.31348) (-1.34942, 1.11718) (1.49633, 1.06007) (0.152362, -0.900391) 
(0.748589, -0.160829) (-0.882702, -0.599678) (0.118091, 1.24308) (-1.31822, 1.08429) (1.48148, 1.02387) (0.165363, -0.872603) 
(0.751471, -0.0216302) (-0.812625, -0.503927) (0.127239, 1.12918) (-1.27228, 1.04302) (1.4521, 0.96958) (0.183277, -0.826822) 
(0.753523, 0.021526) (-0.792436, -0.475256) (0.13017, 1.09231) (-1.25426, 1.02759) (1.43925, 0.95938) (0.186146, -0.814628) 
(0.751206, 0.103258) (-0.749055, -0.420317) (0.132509, 1.02716) (-1.21765, 0.996808) (1.41945, 0.928969) (0.198924, -0.79194) 
(0.744997, 0.178445) (-0.711614, -0.374587) (0.131025, 0.966914) (-1.18776, 0.971175) (1.40209, 0.901557) (0.21251, -0.772374) 
(0.734389, 0.249812) (-0.670898, -0.324313) (0.126761, 0.906125) (-1.16374, 0.946351) (1.39207, 0.877621) (0.225354, -0.762445) 
(0.710897, 0.360053) (-0.597676, -0.235516) (0.11444, 0.794898) (-1.12376, 0.900619) (1.3694, 0.839549) (0.25625, -0.745034) 
(0.691223, 0.425152) (-0.546434, -0.177232) (0.102389, 0.718629) (-1.09629, 0.864011) (1.35652, 0.82064) (0.278297, -0.737002) 
(0.664567, 0.496238) (-0.489108, -0.116099) (0.0868514, 0.636245) (-1.0671, 0.827964) (1.34131, 0.798429) (0.295425, -0.733887) 
(0.638064, 0.575886) (-0.437281, -0.0470575) (0.0774494, 0.562291) (-1.03606, 0.789344) (1.32573, 0.780461) (0.312865, -0.725967) 
(0.606687, 0.664167) (-0.389397, 0.0198798) (0.0741361, 0.487563) (-1.00372, 0.747723) (1.30452, 0.761168) (0.327246, -0.717802) 
(0.574316, 0.75454) (-0.339652, 0.0849668) (0.075072, 0.412343) (-0.967773, 0.705932) (1.28099, 0.74018) (0.335972, -0.705778) 
(0.532019, 0.841487) (-0.291716, 0.153677) (0.0815791, 0.334852) (-0.93184, 0.66597) (1.2568, 0.720052) (0.34406, -0.695986) 
(0.477351, 0.92654) (-0.246656, 0.226862) (0.0911663, 0.250413) (-0.896287, 0.623464) (1.22748, 0.699633) (0.35581, -0.68349) 
(0.442651, 0.96795) (-0.224201, 0.261224) (0.0964226, 0.204689) (-0.879594, 0.599421) (1.21044, 0.688612) (0.362837, -0.677071) 
(0.375641, 1.03654) (-0.178156, 0.325547) (0.107198, 0.118276) (-0.849065, 0.5542) (1.1811, 0.66737) (0.380072, -0.665486) 
(0.289351, 1.10762) (-0.123889, 0.387816) (0.11574, 0.0289896) (-0.813138, 0.503324) (1.1487, 0.646975) (0.400055, -0.65627) 
(0.201377, 1.16364) (-0.0666843, 0.440187) (0.119603, -0.0464124) (-0.781416, 0.457157) (1.11889, 0.628448) (0.416344, -0.64921) 
(0.112143, 1.21489) (-0.00191401, 0.489714) (0.116545, -0.127603) (-0.751146, 0.411822) (1.08852, 0.614727) (0.437881, -0.640951) 
(0.0320631, 1.26126) (0.0616241, 0.53319) (0.108688, -0.204615) (-0.727349, 0.374451) (1.05326, 0.60199) (0.459124, -0.631998) 
(-0.0701709, 1.31864) (0.136845, 0.579358) (0.0926214, -0.300291) (-0.693411, 0.326452) (1.0079, 0.585674) (0.488699, -0.615275) 
(-0.144786, 1.36277) (0.197545, 0.619207) (0.0817937, -0.365433) (-0.665901, 0.291183) (0.973523, 0.576743) (0.503992, -0.607089) 
(-0.264201, 1.43396) (0.290045, 0.682493) (0.0736442, -0.459615) (-0.626453, 0.238879) (0.92471, 0.556339) (0.53468, -0.602118) 
(-0.360991, 1.48463) (0.360826, 0.732193) (0.070102, -0.528796) (-0.595684, 0.207396) (0.892333, 0.540932) (0.562289, -0.595508) 
(-0.427405, 1.51371) (0.415103, 0.771083) (0.0697893, -0.580719) (-0.57629, 0.184112) (0.869353, 0.528481) (0.5774, -0.591497) 
(-0.542263, 1.55198) (0.523778, 0.853856) (0.0751695, -0.680091) (-0.528935, 0.13693) (0.833593, 0.503818) (0.595341, -0.583946) 
(-0.644402, 1.57863) (0.621825, 0.926122) (0.0883836, -0.775727) (-0.484114, 0.093272) (0.802986, 0.477734) (0.612649, -0.573701) 
(-0.729561, 1.5946) (0.703635, 0.970598) (0.0939704, -0.847067) (-0.450938, 0.0582466) (0.792679, 0.454714) (0.61744, -0.563065) 
(-0.839074, 1.61021) (0.803927, 1.01167) (0.0943244, -0.929264) (-0.40621, 0.0168637) (0.77586, 0.431114) (0.62675, -0.550625) 
(-0.928678, 1.62436) (0.889174, 1.04163) (0.0909043, -1.00023) (-0.367218, -0.0181017) (0.77116, 0.411293) (0.636182, -0.535259) 
(-1.02773, 1.64706) (0.988438, 1.07507) (0.0840664, -1.08456) (-0.318412, -0.0634429) (0.762337, 0.397736) (0.650233, -0.5144) 
(-1.10661, 1.66994) (1.07715, 1.10657) (0.0746893, -1.15853) (-0.277413, -0.100733) (0.755806, 0.382919) (0.66237, -0.497045) 
(-1.24684, 1.72014) (1.21111, 1.17097) (0.061266, -1.28427) (-0.211659, -0.161845) (0.736064, 0.366961) (0.691343, -0.464912) 
(-1.29118, 1.73733) (1.25059, 1.19622) (0.0599834, -1.31893) (-0.193892, -0.179135) (0.72524, 0.360459) (0.704503, -0.45233) 
(-1.35288, 1.7584) (1.29974, 1.23012) (0.0627717, -1.3628) (-0.16881, -0.201311) (0.713976, 0.353889) (0.720402, -0.435774) 
(-1.45559, 1.78677) (1.39072, 1.29859) (0.0728163, -1.44422) (-0.123579, -0.241433) (0.68519, 0.346686) (0.746512, -0.40982) 
(-1.53899, 1.80101) (1.46357, 1.35616) (0.0841305, -1.50884) (-0.0840684, -0.26991) (0.657405, 0.338166) (0.770213, -0.384327) 
(-1.60943, 1.8093) (1.52848, 1.40834) (0.100454, -1.56292) (-0.0460799, -0.295171) (0.629329, 0.330433) (0.792269, -0.356973) 
(-1.68916, 1.8141) (1.59409, 1.46321) (0.126394, -1.62205) (-0.000252947, -0.323078) (0.595062, 0.318744) (0.81891, -0.319069) 
(-1.75992, 1.81446) (1.66655, 1.50839) (0.148226, -1.67133) (0.0467824, -0.348676) (0.560764, 0.303645) (0.836313, -0.289724) 
(-1.83328, 1.81253) (1.74635, 1.54661) (0.159976, -1.71815) (0.0984336, -0.378748) (0.524984, 0.288498) (0.852091, -0.257563) 
(-1.88342, 1.81323) (1.81403, 1.58137) (0.164594, -1.75223) (0.145388, -0.406934) (0.489806, 0.271961) (0.865797, -0.22432) 
(-1.94372, 1.81605) (1.895, 1.62662) (0.16542, -1.79464) (0.197099, -0.43524) (0.449469, 0.252758) (0.880026, -0.185357) 
(-1.98958, 1.8207) (1.96225, 1.66999) (0.160194, -1.8441) (0.242288, -0.463056) (0.416176, 0.235) (0.889664, -0.146519) 
(-2.02088, 1.82559) (2.00224, 1.70101) (0.15606, -1.88182) (0.273981, -0.482494) (0.391237, 0.220548) (0.894406, -0.121361) 
(-2.09844, 1.8519) (2.10148, 1.80671) (0.155167, -1.97787) (0.362765, -0.538018) (0.323919, 0.174523) (0.89336, -0.0665567) 
(-2.1146, 1.85961) (2.12031, 1.83154) (0.155767, -1.99611) (0.38507, -0.552139) (0.308308, 0.163643) (0.891479, -0.0553129) 
(-2.15438, 1.87752) (2.15787, 1.88866) (0.154331, -2.0342) (0.435799, -0.583945) (0.268617, 0.134063) (0.882398, -0.0268132) 
(-2.18901, 1.89047) (2.17875, 1.94059) (0.151176, -2.06342) (0.485944, -0.615604) (0.229689, 0.103615) (0.870884, -0.00387156) 
(-2.21233, 1.89836) (2.18398, 1.99323) (0.14599, -2.09116) (0.537234, -0.648199) (0.184925, 0.0725655) (0.856824, 0.0194975) 
(-2.22487, 1.90437) (2.18492, 2.03146) (0.141869, -2.11503) (0.58335, -0.67832) (0.142734, 0.0427605) (0.842168, 0.0461584) 
(-2.23373, 1.90815) (2.19036, 2.06781) (0.137303, -2.13532) (0.634452, -0.71068) (0.0978745, 0.011129) (0.824353, 0.0794328) 
(-2.23651, 1.90899) (2.20589, 2.09769) (0.13603, -2.14937) (0.68961, -0.744845) (0.0520707, -0.0231945) (0.80718, 0.120478) 
(-2.23154, 1.90812) (2.2193, 2.1194) (0.135394, -2.15701) (0.744409, -0.777771) (0.00417763, -0.0553432) (0.792372, 0.160664) 
(-2.22527, 1.90609) (2.2292, 2.1227) (0.136528, -2.16055) (0.778887, -0.798543) (-0.0258496, -0.0765094) (0.784369, 0.188197) 
(-2.2168, 1.90401) (2.25948, 2.139) (0.141959, -2.16313) (0.834269, -0.831228) (-0.0744073, -0.111428) (0.767926, 0.238109) 
(-2.21457, 1.90182) (2.30153, 2.18089) (0.147255, -2.16271) (0.897724, -0.871575) (-0.129497, -0.151613) (0.747371, 0.298743) 
(-2.21707, 1.89972) (2.32064, 2.2071) (0.148736, -2.1621) (0.93726, -0.896036) (-0.161982, -0.173107) (0.73494, 0.334986) 
(-2.22342, 1.89532) (2.34575, 2.24288) (0.147639, -2.15789) (1.00151, -0.937179) (-0.212683, -0.210481) (0.709058, 0.400076) 
(-2.22911, 1.89152) (2.3722, 2.2598) (0.148771, -2.15529) (1.04697, -0.966364) (-0.250393, -0.237451) (0.689932, 0.449255) 
(-2.23809, 1.88832) (2.40555, 2.27219) (0.14906, -2.15292) (1.09617, -0.998738) (-0.294883, -0.269414) (0.668319, 0.499479) 
(-2.24598, 1.88705) (2.43496, 2.27821) (0.147567, -2.15436) (1.14287, -1.02893) (-0.336197, -0.299561) (0.650152, 0.544103) 
(-2.24641, 1.88852) (2.46705, 2.28094) (0.146855, -2.1572) (1.19448, -1.06218) (-0.382785, -0.333354) (0.630552, 0.593643) 
(-2.24447, 1.89121) (2.49933, 2.28167) (0.147114, -2.15989) (1.24732, -1.09661) (-0.428998, -0.366704) (0.61223, 0.642629) 
(-2.24353, 1.89308) (2.52485, 2.27588) (0.146905, -2.16103) (1.29165, -1.12397) (-0.467577, -0.3939) (0.597404, 0.684839) 
(-2.24307, 1.89401) (2.55919, 2.26259) (0.150937, -2.16519) (1.3548, -1.16398) (-0.525671, -0.431911) (0.574154, 0.750036) 
(-2.24141, 1.8965) (2.57822, 2.25855) (0.156543, -2.17003) (1.40444, -1.19545) (-0.570134, -0.462279) (0.553825, 0.803816) 
(-2.23944, 1.89828) (2.58972, 2.26716) (0.159111, -2.17511) (1.45489, -1.22811) (-0.613232, -0.494907) (0.532482, 0.858856) 
(-2.23746, 1.89589) (2.59103, 2.27584) (0.160413, -2.17901) (1.50112, -1.25692) (-0.653556, -0.52571) (0.516253, 0.907355) 
(-2.23184, 1.88976) (2.58072, 2.29315) (0.159765, -2.18349) (1.55929, -1.29442) (-0.704932, -0.564074) (0.49516, 0.969604) 
(-2.22558, 1.88418) (2.57447, 2.30283) (0.158506, -2.18658) (1.60156, -1.32208) (-0.742205, -0.592863) (0.477788, 1.01371) 
(-2.21733, 1.87856) (2.56878, 2.31268) (0.155333, -2.1899) (1.65619, -1.35727) (-0.791175, -0.629893) (0.458647, 1.07032) 
(-2.20901, 1.87819) (2.56082, 2.32098) (0.150583, -2.19085) (1.7062, -1.38931) (-0.836614, -0.665352) (0.44047, 1.12302) 
(-2.20112, 1.88293) (2.55486, 2.32774) (0.145049, -2.18955) (1.76039, -1.42346) (-0.885416, -0.701196) (0.420282, 1.1794) 
(-2.19955, 1.88632) (2.55257, 2.33073) (0.142866, -2.19065) (1.79359, -1.44609) (-0.915861, -0.723308) (0.407903, 1.21521) 
(-2.20518, 1.88789) (2.54866, 2.33255) (0.142736, -2.19574) (1.85137, -1.48157) (-0.973425, -0.765246) (0.386435, 1.28007) 
(-2.21081, 1.88539) (2.55242, 2.3355) (0.141978, -2.19865) (1.89802, -1.51182) (-1.01819, -0.798551) (0.367747, 1.33197) 
(-2.21533, 1.88099) (2.55547, 2.33661) (0.140962, -2.19972) (1.93767, -1.53717) (-1.06173, -0.830249) (0.351532, 1.38066) 
(-2.21677, 1.87827) (2.55594, 2.33613) (0.139529, -2.20016) (1.97757, -1.56455) (-1.11623, -0.869612) (0.327931, 1.44385) 
(-2.21475, 1.87983) (2.55668, 2.33475) (0.13889, -2.19929) (1.98688, -1.56911) (-1.162, -0.902183) (0.309445, 1.49906) 
(-2.21288, 1.88123) (2.55703, 2.33112) (0.139311, -2.19805) (1.97929, -1.56495) (-1.20046, -0.929661) (0.292118, 1.54426) 
(-2.21265, 1.88275) (2.55609, 2.32567) (0.140627, -2.19588) (1.97724, -1.56349) (-1.25428, -0.968788) (0.270045, 1.609) 
(-2.21434, 1.88327) (2.55562, 2.32182) (0.142526, -2.19423) (1.98415, -1.56777) (-1.29726, -1.00001) (0.252883, 1.65978) 
(-2.21617, 1.8834) (2.55612, 2.31832) (0.144694, -2.19173) (1.98395, -1.56747) (-1.3492, -1.03919) (0.234751, 1.71837) 
(-2.21736, 1.88192) (2.55625, 2.31723) (0.14595, -2.19073) (1.98367, -1.56761) (-1.37768, -1.06037) (0.223596, 1.75028) 
(-2.22239, 1.87855) (2.55774, 2.3158) (0.147921, -2.18913) (1.98418, -1.56782) (-1.43301, -1.10142) (0.200914, 1.81951) 
(-2.22721, 1.8778) (2.55924, 2.31514) (0.148434, -2.18776) (1.98404, -1.56763) (-1.48575, -1.14194) (0.181196, 1.88182) 
(-2.23181, 1.88006) (2.55954, 2.31479) (0.148299, -2.18679) (1.98405, -1.5678) (-1.52681, -1.1741) (0.165172, 1.93235) 
(-2.23492, 1.88064) (2.55997, 2.31367) (0.149254, -2.18712) (1.98396, -1.56776) (-1.57256, -1.20947) (0.148478, 1.9882) 
(-2.23162, 1.87783) (2.56015, 2.31249) (0.151622, -2.18885) (1.98396, -1.56775) (-1.62505, -1.2502) (0.127849, 2.04881) 
(-2.2265, 1.87275) (2.56055, 2.31123) (0.154558, -2.1905) (1.98399, -1.56775) (-1.67162, -1.28427) (0.111226, 2.10488) 
(-2.22455, 1.86954) (2.56087, 2.30987) (0.156139, -2.19176) (1.98401, -1.56774) (-1.71924, -1.31973) (0.0959971, 2.15471) 
(-2.22516, 1.86791) (2.56146, 2.30918) (0.156721, -2.19212) (1.98401, -1.56773) (-1.7632, -1.35187) (0.0824455, 2.1977) 
(-2.22605, 1.86542) (2.56269, 2.30932) (0.156715, -2.19245) (1.98398, -1.56774) (-1.81266, -1.38923) (0.0674893, 2.25016) 
(-2.22709, 1.86293) (2.56362, 2.30927) (0.156416, -2.19296) (1.98398, -1.56775) (-1.84432, -1.41338) (0.0591975, 2.28171) 
(-2.22785, 1.85805) (2.56385, 2.30949) (0.155328, -2.19383) (1.98398, -1.56774) (-1.88218, -1.44277) (0.0482492, 2.3224) 
(-2.21691, 1.85374) (2.56432, 2.31036) (0.153947, -2.19415) (1.98398, -1.56774) (-1.92862, -1.48011) (0.0438925, 2.3358) 
