(2.43829, 1.90014) (-2.68275, 1.45055) (2.30106, -1.76095) (-2.36641, 2.1678) (-3.27911, 2.36982) (-2.35678, -1.42675) 
(2.43857, 1.9048) (-2.68275, 1.45055) (2.30067, -1.76169) (-2.36644, 2.16779) (-3.27911, 2.36982) (-2.35678, -1.42675) 
(2.43839, 1.91164) (-2.68275, 1.45055) (2.3008, -1.76206) (-2.36643, 2.1678) (-3.27911, 2.36982) (-2.35702, -1.42675) 
(2.43774, 1.92001) (-2.68275, 1.45055) (2.30144, -1.76235) (-2.35631, 2.16991) (-3.27911, 2.36982) (-2.35163, -1.42992) 
(2.43673, 1.92896) (-2.68275, 1.45055) (2.30157, -1.76278) (-2.30062, 2.16579) (-3.27911, 2.36982) (-2.29184, -1.43792) 
(2.43534, 1.93523) (-2.68275, 1.45055) (2.29999, -1.7639) (-2.26697, 2.17062) (-3.27911, 2.36982) (-2.2421, -1.43364) 
(2.43145, 1.943) (-2.68275, 1.45055) (2.29274, -1.76575) (-2.22961, 2.16927) (-3.27911, 2.36982) (-2.19607, -1.44393) 
(2.42548, 1.95053) (-2.68275, 1.45055) (2.27946, -1.76838) (-2.18742, 2.16884) (-3.27911, 2.36982) (-2.15382, -1.44797) 
(2.41619, 1.96205) (-2.68275, 1.45055) (2.25547, -1.7703) (-2.14304, 2.16504) (-3.27911, 2.36982) (-2.10398, -1.45225) 
(2.40523, 1.97775) (-2.68275, 1.45055) (2.21955, -1.77073) (-2.09623, 2.15818) (-3.27911, 2.36982) (-2.05541, -1.45684) 
(2.3926, 1.99525) (-2.68275, 1.45055) (2.17768, -1.76478) (-2.05822, 2.15358) (-3.27911, 2.36982) (-2.01475, -1.45799) 
(2.37304, 2.02235) (-2.68275, 1.45055) (2.11913, -1.74484) (-2.00711, 2.1476) (-3.27911, 2.36982) (-1.96682, -1.45967) 
(2.34757, 2.05337) (-2.68275, 1.45055) (2.04484, -1.70614) (-1.95287, 2.14211) (-3.27911, 2.36982) (-1.91348, -1.4615) 
(2.31448, 2.07781) (-2.68275, 1.45055) (1.96837, -1.65382) (-1.90011, 2.13611) (-3.27911, 2.36982) (-1.85612, -1.46263) 
(2.27504, 2.09265) (-2.68275, 1.45055) (1.89593, -1.60331) (-1.85151, 2.1309) (-3.27911, 2.36982) (-1.80513, -1.46662) 
(2.22376, 2.09891) (-2.68275, 1.45055) (1.82168, -1.55094) (-1.79581, 2.12438) (-3.27911, 2.36982) (-1.74762, -1.47224) 
(2.17611, 2.09547) (-2.68275, 1.45055) (1.75829, -1.50972) (-1.74929, 2.12046) (-3.27911, 2.36982) (-1.69879, -1.47642) 
(2.11518, 2.08148) (-2.68275, 1.45055) (1.68427, -1.4711) (-1.69125, 2.11529) (-3.27911, 2.36982) (-1.63808, -1.48124) 
(2.05071, 2.06276) (-2.68275, 1.45055) (1.60857, -1.44945) (-1.63528, 2.11031) (-3.27911, 2.36982) (-1.58242, -1.4858) 
(1.98491, 2.0457) (-2.68275, 1.45055) (1.52364, -1.43627) (-1.58074, 2.10688) (-3.27911, 2.36982) (-1.52985, -1.48946) 
(1.91874, 2.03533) (-2.68275, 1.45055) (1.42409, -1.42385) (-1.52573, 2.10307) (-3.27911, 2.36982) (-1.47797, -1.49221) 
(1.85464, 2.03314) (-2.68275, 1.45055) (1.3213, -1.41417) (-1.47565, 2.09906) (-3.27911, 2.36982) (-1.42953, -1.49409) 
(1.76815, 2.03928) (-2.68275, 1.45055) (1.20333, -1.39657) (-1.41565, 2.09457) (-3.27911, 2.36982) (-1.37218, -1.49732) 
(1.67994, 2.05657) (-2.68275, 1.45055) (1.10499, -1.36959) (-1.36647, 2.0909) (-3.27911, 2.36982) (-1.32008, -1.50083) 
(1.58327, 2.08371) (-2.68275, 1.45055) (1.01328, -1.33005) (-1.31735, 2.08801) (-3.27911, 2.36982) (-1.26573, -1.50439) 
(1.46912, 2.11653) (-2.68275, 1.45055) (0.917716, -1.28158) (-1.25613, 2.08242) (-3.27911, 2.36982) (-1.21079, -1.50884) 
(1.37864, 2.13857) (-2.68275, 1.45055) (0.82572, -1.22737) (-1.19982, 2.07764) (-3.27911, 2.36982) (-1.16231, -1.51521) 
(1.28913, 2.14686) (-2.68275, 1.45055) (0.725017, -1.16576) (-1.13909, 2.07393) (-3.27911, 2.36982) (-1.10722, -1.52111) 
(1.21417, 2.14693) (-2.68275, 1.45055) (0.633359, -1.12163) (-1.08917, 2.06899) (-3.27911, 2.36982) (-1.05771, -1.52579) 
(1.11439, 2.14331) (-2.68275, 1.45055) (0.526062, -1.08433) (-1.02862, 2.06585) (-3.27911, 2.36982) (-0.998208, -1.53086) 
(1.03408, 2.13733) (-2.68275, 1.45055) (0.444757, -1.06471) (-0.982413, 2.06122) (-3.27911, 2.36982) (-0.957164, -1.5331) 
(0.94168, 2.12528) (-2.68275, 1.45055) (0.352357, -1.0534) (-0.943139, 2.05742) (-3.27911, 2.36982) (-0.912255, -1.53548) 
(0.824315, 2.11501) (-2.68275, 1.45055) (0.222048, -1.05439) (-0.884289, 2.03955) (-3.27911, 2.36982) (-0.842653, -1.53808) 
(0.741938, 2.12012) (-2.68275, 1.45055) (0.120041, -1.06078) (-0.846991, 2.02039) (-3.27911, 2.36982) (-0.788223, -1.54177) 
(0.651187, 2.13346) (-2.68275, 1.45055) (0.0122918, -1.06824) (-0.810369, 1.99618) (-3.27911, 2.36982) (-0.727805, -1.54557) 
(0.548444, 2.15539) (-2.68275, 1.45055) (-0.100089, -1.08091) (-0.776738, 1.96713) (-3.27911, 2.36982) (-0.666649, -1.5503) 
(0.459618, 2.18217) (-2.68275, 1.45055) (-0.194579, -1.1014) (-0.749518, 1.94034) (-3.27911, 2.36982) (-0.61582, -1.5534) 
(0.357557, 2.21708) (-2.68275, 1.45055) (-0.297526, -1.1263) (-0.71512, 1.90756) (-3.27911, 2.36982) (-0.56763, -1.55802) 
(0.253316, 2.254) (-2.68275, 1.45055) (-0.407774, -1.14803) (-0.675068, 1.87135) (-3.27911, 2.36982) (-0.512505, -1.56658) 
(0.171554, 2.27414) (-2.68275, 1.45055) (-0.501667, -1.16622) (-0.646173, 1.85127) (-3.27911, 2.36982) (-0.4799, -1.57603) 
(0.077021, 2.28339) (-2.68275, 1.45055) (-0.617635, -1.19034) (-0.600813, 1.83127) (-3.27911, 2.36982) (-0.435209, -1.59784) 
(-0.00926358, 2.28464) (-2.68275, 1.45055) (-0.708166, -1.2238) (-0.567081, 1.82215) (-3.27911, 2.36982) (-0.399108, -1.62454) 
(-0.107319, 2.28234) (-2.68275, 1.45055) (-0.799668, -1.26414) (-0.528856, 1.81711) (-3.27911, 2.36982) (-0.364859, -1.65906) 
(-0.207054, 2.27603) (-2.68275, 1.45055) (-0.889648, -1.30863) (-0.485712, 1.80793) (-3.27911, 2.36982) (-0.338742, -1.68728) 
(-0.291737, 2.26776) (-2.68275, 1.45055) (-0.964627, -1.34864) (-0.449111, 1.80108) (-3.27911, 2.36982) (-0.314441, -1.71034) 
(-0.404382, 2.26824) (-2.68275, 1.45055) (-1.08053, -1.41152) (-0.404326, 1.78606) (-3.27911, 2.36982) (-0.29093, -1.72736) 
(-0.490564, 2.27816) (-2.68275, 1.45055) (-1.16258, -1.45284) (-0.370592, 1.77031) (-3.27911, 2.36982) (-0.264849, -1.73949) 
(-0.582459, 2.28935) (-2.68275, 1.45055) (-1.24642, -1.48293) (-0.329839, 1.74896) (-3.27911, 2.36982) (-0.237267, -1.74728) 
(-0.696224, 2.3108) (-2.68275, 1.45055) (-1.34591, -1.50665) (-0.285972, 1.72605) (-3.27911, 2.36982) (-0.20849, -1.74825) 
(-0.810651, 2.34434) (-2.68275, 1.45055) (-1.43977, -1.52445) (-0.24706, 1.7119) (-3.27911, 2.36982) (-0.191478, -1.744) 
(-0.925132, 2.38097) (-2.68275, 1.45055) (-1.5342, -1.53912) (-0.210048, 1.70064) (-3.27911, 2.36982) (-0.173313, -1.73952) 
(-1.01984, 2.39994) (-2.68275, 1.45055) (-1.6241, -1.54142) (-0.181791, 1.69737) (-3.27911, 2.36982) (-0.145489, -1.73044) 
(-1.1184, 2.40204) (-2.68275, 1.45055) (-1.73056, -1.53783) (-0.142486, 1.70038) (-3.27911, 2.36982) (-0.106802, -1.7258) 
(-1.20971, 2.39689) (-2.68275, 1.45055) (-1.82081, -1.53543) (-0.1133, 1.70646) (-3.27911, 2.36982) (-0.0716265, -1.72208) 
(-1.30152, 2.38729) (-2.68275, 1.45055) (-1.90426, -1.53789) (-0.0827507, 1.71512) (-3.27911, 2.36982) (-0.0397464, -1.72464) 
(-1.38781, 2.37175) (-2.68275, 1.45055) (-1.98117, -1.53933) (-0.0489565, 1.72234) (-3.27911, 2.36982) (-0.00789493, -1.72899) 
(-1.49245, 2.35232) (-2.68275, 1.45055) (-2.06512, -1.53839) (-0.00762868, 1.73045) (-3.27911, 2.36982) (0.0337721, -1.73285) 
(-1.58618, 2.35006) (-2.68275, 1.45055) (-2.14153, -1.5379) (0.0305326, 1.73274) (-3.27911, 2.36982) (0.0745742, -1.73551) 
(-1.67845, 2.36219) (-2.68275, 1.45055) (-2.22665, -1.53799) (0.0791743, 1.73441) (-3.27911, 2.36982) (0.121354, -1.73566) 
(-1.76462, 2.37847) (-2.68275, 1.45055) (-2.29975, -1.53509) (0.122785, 1.73469) (-3.27911, 2.36982) (0.16592, -1.73372) 
(-1.85891, 2.40245) (-2.68275, 1.45055) (-2.36047, -1.53054) (0.172544, 1.73565) (-3.27911, 2.36982) (0.217986, -1.73076) 
(-1.95018, 2.43182) (-2.68275, 1.45055) (-2.40697, -1.51993) (0.220673, 1.73664) (-3.27911, 2.36982) (0.265517, -1.72786) 
(-2.05633, 2.46355) (-2.68275, 1.45055) (-2.44254, -1.50173) (0.277569, 1.74081) (-3.27911, 2.36982) (0.323362, -1.72716) 
(-2.13519, 2.47797) (-2.68275, 1.45055) (-2.45839, -1.48357) (0.325965, 1.74426) (-3.27911, 2.36982) (0.373204, -1.72945) 
(-2.22089, 2.48096) (-2.68275, 1.45055) (-2.46331, -1.46085) (0.380806, 1.74915) (-3.27911, 2.36982) (0.429563, -1.73172) 
(-2.2908, 2.47573) (-2.68275, 1.45055) (-2.46017, -1.43495) (0.440472, 1.7548) (-3.27911, 2.36982) (0.479827, -1.73386) 
(-2.34125, 2.464) (-2.68275, 1.45055) (-2.46119, -1.41075) (0.494391, 1.76184) (-3.27911, 2.36982) (0.530577, -1.73535) 
(-2.37954, 2.43737) (-2.68275, 1.45055) (-2.46921, -1.37763) (0.557762, 1.76832) (-3.27911, 2.36982) (0.591013, -1.73699) 
(-2.40732, 2.40963) (-2.68275, 1.45055) (-2.48363, -1.35034) (0.612029, 1.77465) (-3.27911, 2.36982) (0.641979, -1.73577) 
(-2.44052, 2.38678) (-2.68275, 1.45055) (-2.50255, -1.32535) (0.667161, 1.77997) (-3.27911, 2.36982) (0.699005, -1.73353) 
(-2.47945, 2.37036) (-2.68275, 1.45055) (-2.52952, -1.31127) (0.727414, 1.78657) (-3.27911, 2.36982) (0.761879, -1.73139) 
(-2.51218, 2.3592) (-2.68275, 1.45055) (-2.54794, -1.30233) (0.780689, 1.79049) (-3.27911, 2.36982) (0.816927, -1.73151) 
(-2.55074, 2.34522) (-2.68275, 1.45055) (-2.56355, -1.29059) (0.838591, 1.79629) (-3.27911, 2.36982) (0.87478, -1.73014) 
(-2.59003, 2.33465) (-2.68275, 1.45055) (-2.57419, -1.28658) (0.898349, 1.80291) (-3.27911, 2.36982) (0.930368, -1.72919) 
(-2.63325, 2.32594) (-2.68275, 1.45055) (-2.58612, -1.29525) (0.963729, 1.80904) (-3.27911, 2.36982) (0.989939, -1.72983) 
(-2.67297, 2.31712) (-2.68275, 1.45055) (-2.59332, -1.30981) (1.02399, 1.81593) (-3.27911, 2.36982) (1.04636, -1.73125) 
(-2.7072, 2.30829) (-2.68275, 1.45055) (-2.59647, -1.3307) (1.08296, 1.82282) (-3.27911, 2.36982) (1.10437, -1.7327) 
(-2.72812, 2.30426) (-2.68275, 1.45055) (-2.59323, -1.35988) (1.14102, 1.82889) (-3.27911, 2.36982) (1.16417, -1.73349) 
(-2.73502, 2.30958) (-2.68275, 1.45055) (-2.58635, -1.39472) (1.19574, 1.83569) (-3.27911, 2.36982) (1.21812, -1.73426) 
(-2.73094, 2.32863) (-2.68275, 1.45055) (-2.57731, -1.4426) (1.25997, 1.84296) (-3.27911, 2.36982) (1.27984, -1.73426) 
(-2.72147, 2.35411) (-2.68275, 1.45055) (-2.56753, -1.48571) (1.31802, 1.84969) (-3.27911, 2.36982) (1.33799, -1.73375) 
(-2.70885, 2.37646) (-2.68275, 1.45055) (-2.55479, -1.51679) (1.36933, 1.85521) (-3.27911, 2.36982) (1.39184, -1.7336) 
(-2.69483, 2.39342) (-2.68275, 1.45055) (-2.54004, -1.5387) (1.43027, 1.8638) (-3.27911, 2.36982) (1.45643, -1.73384) 
(-2.68648, 2.39624) (-2.68275, 1.45055) (-2.52832, -1.54734) (1.49107, 1.87025) (-3.27911, 2.36982) (1.51748, -1.73363) 
(-2.68297, 2.38891) (-2.68275, 1.45055) (-2.52319, -1.54534) (1.54607, 1.87834) (-3.27911, 2.36982) (1.57422, -1.73373) 
(-2.67882, 2.36877) (-2.68275, 1.45055) (-2.52254, -1.53592) (1.60422, 1.88785) (-3.27911, 2.36982) (1.63291, -1.73411) 
(-2.67991, 2.34147) (-2.68275, 1.45055) (-2.52415, -1.51995) (1.66247, 1.89628) (-3.27911, 2.36982) (1.69249, -1.73449) 
(-2.69243, 2.30426) (-2.68275, 1.45055) (-2.52968, -1.50162) (1.72508, 1.90672) (-3.27911, 2.36982) (1.75669, -1.73446) 
(-2.70605, 2.26758) (-2.68275, 1.45055) (-2.5332, -1.48762) (1.77824, 1.91537) (-3.27911, 2.36982) (1.81068, -1.73393) 
(-2.71692, 2.2302) (-2.68275, 1.45055) (-2.53676, -1.47692) (1.83298, 1.92449) (-3.27911, 2.36982) (1.86484, -1.7341) 
(-2.7241, 2.19294) (-2.68275, 1.45055) (-2.54481, -1.46894) (1.89191, 1.93311) (-3.27911, 2.36982) (1.9251, -1.7342) 
(-2.72796, 2.16764) (-2.68275, 1.45055) (-2.54846, -1.46473) (1.93959, 1.94069) (-3.27911, 2.36982) (1.98129, -1.73369) 
(-2.73376, 2.15194) (-2.68275, 1.45055) (-2.54848, -1.46501) (2.00492, 1.95415) (-3.27911, 2.36982) (2.05302, -1.73372) 
(-2.73869, 2.14572) (-2.68275, 1.45055) (-2.55098, -1.46772) (2.05979, 1.96546) (-3.27911, 2.36982) (2.10795, -1.73381) 
(-2.74263, 2.14615) (-2.68275, 1.45055) (-2.55272, -1.47031) (2.11667, 1.97636) (-3.27911, 2.36982) (2.16654, -1.73291) 
(-2.74476, 2.15161) (-2.68275, 1.45055) (-2.55375, -1.47353) (2.15918, 1.98647) (-3.27911, 2.36982) (2.20897, -1.73321) 
(-2.74756, 2.16216) (-2.68275, 1.45055) (-2.55308, -1.48045) (2.20884, 1.99654) (-3.27911, 2.36982) (2.2543, -1.73197) 
(-2.75028, 2.17849) (-2.68275, 1.45055) (-2.55081, -1.48882) (2.26062, 2.01138) (-3.27911, 2.36982) (2.26532, -1.73311) 
(-2.74973, 2.19315) (-2.68275, 1.45055) (-2.54873, -1.49476) (2.29458, 2.02114) (-3.27911, 2.36982) (2.25259, -1.73165) 
(-2.74849, 2.21135) (-2.68275, 1.45055) (-2.54463, -1.49972) (2.30628, 2.02461) (-3.27911, 2.36982) (2.25614, -1.73237) 
(-2.74785, 2.22795) (-2.68275, 1.45055) (-2.54253, -1.50229) (2.30085, 2.02273) (-3.27911, 2.36982) (2.26069, -1.73216) 
(-2.7491, 2.24382) (-2.68275, 1.45055) (-2.54133, -1.50292) (2.30374, 2.02343) (-3.27911, 2.36982) (2.25987, -1.73212) 
(-2.75202, 2.26319) (-2.68275, 1.45055) (-2.54035, -1.50131) (2.30307, 2.02328) (-3.27911, 2.36982) (2.25893, -1.73221) 
(-2.75413, 2.2772) (-2.68275, 1.45055) (-2.53928, -1.49969) (2.30342, 2.02338) (-3.27911, 2.36982) (2.25945, -1.73219) 
(-2.75686, 2.29017) (-2.68275, 1.45055) (-2.53764, -1.49882) (2.30325, 2.0233) (-3.27911, 2.36982) (2.25972, -1.73219) 
(-2.76085, 2.29517) (-2.68275, 1.45055) (-2.53649, -1.4981) (2.30323, 2.02329) (-3.27911, 2.36982) (2.25954, -1.73219) 
(-2.76577, 2.29622) (-2.68275, 1.45055) (-2.53534, -1.49745) (2.30332, 2.02337) (-3.27911, 2.36982) (2.25942, -1.73215) 
(-2.77161, 2.29486) (-2.68275, 1.45055) (-2.53442, -1.49724) (2.30328, 2.02334) (-3.27911, 2.36982) (2.25951, -1.73213) 
(-2.77192, 2.29253) (-2.68275, 1.45055) (-2.53526, -1.49795) (2.30325, 2.02329) (-3.27911, 2.36982) (2.25947, -1.73218) 
(-2.76865, 2.28888) (-2.68275, 1.45055) (-2.53816, -1.49851) (2.30324, 2.02328) (-3.27911, 2.36982) (2.25942, -1.73215) 
(-2.7655, 2.28482) (-2.68275, 1.45055) (-2.54148, -1.49822) (2.30321, 2.0233) (-3.27911, 2.36982) (2.25945, -1.73216) 
(-2.7642, 2.28172) (-2.68275, 1.45055) (-2.54407, -1.49697) (2.30323, 2.02332) (-3.27911, 2.36982) (2.25943, -1.73216) 
(-2.7622, 2.27818) (-2.68275, 1.45055) (-2.54759, -1.49617) (2.30325, 2.0233) (-3.27911, 2.36982) (2.25943, -1.73217) 
(-2.75839, 2.27601) (-2.68275, 1.45055) (-2.55037, -1.49676) (2.30324, 2.0233) (-3.27911, 2.36982) (2.2594, -1.73215) 
(-2.75568, 2.27411) (-2.68275, 1.45055) (-2.55098, -1.49702) (2.30324, 2.02329) (-3.27911, 2.36982) (2.2594, -1.73216) 
(-2.75351, 2.27491) (-2.68275, 1.45055) (-2.55115, -1.49701) (2.30322, 2.0233) (-3.27911, 2.36982) (2.2594, -1.73217) 
(-2.75004, 2.27604) (-2.68275, 1.45055) (-2.55153, -1.49647) (2.30322, 2.0233) (-3.27911, 2.36982) (2.2594, -1.73217) 
(-2.7481, 2.27752) (-2.68275, 1.45055) (-2.55311, -1.49546) (2.30323, 2.0233) (-3.27911, 2.36982) (2.25938, -1.73216) 
(-2.74607, 2.27918) (-2.68275, 1.45055) (-2.55526, -1.495) (2.30324, 2.0233) (-3.27911, 2.36982) (2.25938, -1.73214) 
(-2.74349, 2.28146) (-2.68275, 1.45055) (-2.55809, -1.49451) (2.30323, 2.0233) (-3.27911, 2.36982) (2.25938, -1.73216) 
(-2.74243, 2.28499) (-2.68275, 1.45055) (-2.56157, -1.49407) (2.30323, 2.0233) (-3.27911, 2.36982) (2.25939, -1.73215) 
(-2.74259, 2.28874) (-2.68275, 1.45055) (-2.56465, -1.49462) (2.30322, 2.0233) (-3.27911, 2.36982) (2.25938, -1.73216) 
(-2.74314, 2.29387) (-2.68275, 1.45055) (-2.56724, -1.49494) (2.30323, 2.0233) (-3.27911, 2.36982) (2.25939, -1.73216) 
(-2.7436, 2.29843) (-2.68275, 1.45055) (-2.56868, -1.49544) (2.30321, 2.0233) (-3.27911, 2.36982) (2.25938, -1.73217) 
(-2.74873, 2.30355) (-2.68275, 1.45055) (-2.56993, -1.49589) (2.30323, 2.02332) (-3.27911, 2.36982) (2.25937, -1.73216) 
(-2.7582, 2.30986) (-2.68275, 1.45055) (-2.57024, -1.49669) (2.30322, 2.02329) (-3.27911, 2.36982) (2.25937, -1.73217) 
