(2.48239, 1.96103) (-2.76997, 2.4385) (2.5583, -1.84577) (-2.28202, 1.98211) (-3.19378, 2.61082) (-2.01516, -1.64159) 
(2.48239, 1.96103) (-2.76997, 2.4385) (2.55751, -1.85619) (-2.28035, 1.98138) (-3.19378, 2.61082) (-2.01768, -1.64149) 
(2.48239, 1.96103) (-2.76997, 2.4385) (2.55637, -1.86871) (-2.30087, 1.97598) (-3.19378, 2.61082) (-2.00572, -1.64446) 
(2.48239, 1.96103) (-2.76997, 2.4385) (2.55445, -1.88362) (-2.34303, 1.96592) (-3.19378, 2.61082) (-1.93921, -1.65137) 
(2.48239, 1.96103) (-2.76997, 2.4385) (2.55215, -1.897) (-2.35805, 1.95313) (-3.19378, 2.61082) (-1.86735, -1.63694) 
(2.48239, 1.96103) (-2.76997, 2.4385) (2.54716, -1.91196) (-2.37696, 1.93395) (-3.19378, 2.61082) (-1.8176, -1.64281) 
(2.48239, 1.96103) (-2.76997, 2.4385) (2.53478, -1.92283) (-2.39151, 1.91684) (-3.19378, 2.61082) (-1.77375, -1.642) 
(2.48239, 1.96103) (-2.76997, 2.4385) (2.50805, -1.93173) (-2.40075, 1.89293) (-3.19378, 2.61082) (-1.72122, -1.64148) 
(2.48239, 1.96103) (-2.76997, 2.4385) (2.4797, -1.93509) (-2.40384, 1.87554) (-3.19378, 2.61082) (-1.67891, -1.64066) 
(2.48239, 1.96103) (-2.76997, 2.4385) (2.46092, -1.93501) (-2.40519, 1.86569) (-3.19378, 2.61082) (-1.65331, -1.64088) 
(2.48239, 1.96103) (-2.76997, 2.4385) (2.38824, -1.91282) (-2.40138, 1.83739) (-3.19378, 2.61082) (-1.56626, -1.63966) 
(2.48239, 1.96103) (-2.76997, 2.4385) (2.32374, -1.88843) (-2.3954, 1.81635) (-3.19378, 2.61082) (-1.50302, -1.63933) 
(2.48239, 1.96103) (-2.76997, 2.4385) (2.2595, -1.85506) (-2.38631, 1.79922) (-3.19378, 2.61082) (-1.44533, -1.63976) 
(2.48239, 1.96103) (-2.76997, 2.4385) (2.18303, -1.8093) (-2.3728, 1.78293) (-3.19378, 2.61082) (-1.3864, -1.63943) 
(2.48239, 1.96103) (-2.76997, 2.4385) (2.12381, -1.77587) (-2.36046, 1.7716) (-3.19378, 2.61082) (-1.33758, -1.63962) 
(2.48239, 1.96103) (-2.76997, 2.4385) (2.04952, -1.75182) (-2.34538, 1.76175) (-3.19378, 2.61082) (-1.27997, -1.63896) 
(2.48239, 1.96103) (-2.76997, 2.4385) (1.98501, -1.74478) (-2.32913, 1.7565) (-3.19378, 2.61082) (-1.22371, -1.63816) 
(2.48239, 1.96103) (-2.76997, 2.4385) (1.92698, -1.74393) (-2.31481, 1.75139) (-3.19378, 2.61082) (-1.17853, -1.63806) 
(2.48239, 1.96103) (-2.76997, 2.4385) (1.85284, -1.74687) (-2.29526, 1.75108) (-3.19378, 2.61082) (-1.11811, -1.63708) 
(2.48239, 1.96103) (-2.76997, 2.4385) (1.79395, -1.75752) (-2.28056, 1.75122) (-3.19378, 2.61082) (-1.07148, -1.63637) 
(2.48239, 1.96103) (-2.76997, 2.4385) (1.70366, -1.77466) (-2.25761, 1.75782) (-3.19378, 2.61082) (-1.00714, -1.6362) 
(1.64543, 2.0052) (-2.76997, 2.4385) (1.63429, -1.78438) (-2.23827, 1.76106) (-3.19378, 2.61082) (-0.956638, -1.63553) 
(1.54959, 1.98338) (-2.76997, 2.4385) (1.54914, -1.7821) (-2.21823, 1.76758) (-3.19378, 2.61082) (-0.900454, -1.63619) 
(1.42953, 1.94386) (-2.76997, 2.4385) (1.44625, -1.76685) (-2.18653, 1.77357) (-3.19378, 2.61082) (-0.835368, -1.63527) 
(1.35335, 1.92266) (-2.76997, 2.4385) (1.38009, -1.76555) (-2.16124, 1.77609) (-3.19378, 2.61082) (-0.804156, -1.63531) 
(1.24881, 1.91045) (-2.76997, 2.4385) (1.2813, -1.76125) (-2.1237, 1.77673) (-3.19378, 2.61082) (-0.76078, -1.62585) 
(1.14553, 1.9133) (-2.76997, 2.4385) (1.19043, -1.76105) (-2.08705, 1.77746) (-3.19378, 2.61082) (-0.719893, -1.61105) 
(1.03296, 1.92366) (-2.76997, 2.4385) (1.09472, -1.77859) (-2.04842, 1.77862) (-3.19378, 2.61082) (-0.672154, -1.586) 
(0.922519, 1.93969) (-2.76997, 2.4385) (0.998422, -1.81527) (-2.00456, 1.78208) (-3.19378, 2.61082) (-0.635366, -1.56465) 
(0.804975, 1.96215) (-2.76997, 2.4385) (0.917186, -1.85849) (-1.95729, 1.78672) (-3.19378, 2.61082) (-0.598518, -1.54281) 
(0.693616, 1.98316) (-2.76997, 2.4385) (0.852497, -1.90142) (-1.91851, 1.79145) (-3.19378, 2.61082) (-0.560668, -1.52379) 
(0.576181, 1.99452) (-2.76997, 2.4385) (0.776958, -1.9479) (-1.86532, 1.79502) (-3.19378, 2.61082) (-0.512996, -1.50543) 
(0.464578, 1.9908) (-2.76997, 2.4385) (0.716881, -1.97983) (-1.81519, 1.7981) (-3.19378, 2.61082) (-0.466835, -1.50016) 
(0.34433, 1.98382) (-2.76997, 2.4385) (0.651791, -1.99528) (-1.77068, 1.79788) (-3.19378, 2.61082) (-0.422823, -1.50038) 
(0.242217, 1.97668) (-2.76997, 2.4385) (0.58809, -2.00542) (-1.72993, 1.79266) (-3.19378, 2.61082) (-0.385783, -1.50575) 
(0.109917, 1.9596) (-2.76997, 2.4385) (0.507032, -1.99934) (-1.68885, 1.7837) (-3.19378, 2.61082) (-0.345569, -1.51385) 
(-0.0232959, 1.93928) (-2.76997, 2.4385) (0.434938, -1.99068) (-1.65654, 1.77568) (-3.19378, 2.61082) (-0.300203, -1.51851) 
(-0.121549, 1.93448) (-2.76997, 2.4385) (0.368827, -1.98961) (-1.62936, 1.76077) (-3.19378, 2.61082) (-0.266094, -1.51993) 
(-0.238435, 1.94366) (-2.76997, 2.4385) (0.304278, -1.99991) (-1.6037, 1.74664) (-3.19378, 2.61082) (-0.235185, -1.51729) 
(-0.363689, 1.96415) (-2.76997, 2.4385) (0.236494, -2.02507) (-1.57916, 1.72639) (-3.19378, 2.61082) (-0.202157, -1.51139) 
(-0.477783, 1.98943) (-2.76997, 2.4385) (0.181156, -2.05266) (-1.55292, 1.70277) (-3.19378, 2.61082) (-0.157566, -1.50142) 
(-0.606413, 2.02231) (-2.76997, 2.4385) (0.114526, -2.0742) (-1.52213, 1.67731) (-3.19378, 2.61082) (-0.112009, -1.49204) 
(-0.707225, 2.04576) (-2.76997, 2.4385) (0.059869, -2.08789) (-1.50222, 1.66371) (-3.19378, 2.61082) (-0.0846181, -1.4851) 
(-0.835688, 2.05794) (-2.76997, 2.4385) (-0.0294307, -2.11144) (-1.46527, 1.64724) (-3.19378, 2.61082) (-0.0404691, -1.48599) 
(-0.933627, 2.05791) (-2.76997, 2.4385) (-0.0899761, -2.12497) (-1.4383, 1.63962) (-3.19378, 2.61082) (-0.00276488, -1.49085) 
(-1.0292, 2.05493) (-2.76997, 2.4385) (-0.15757, -2.12056) (-1.41082, 1.63285) (-3.19378, 2.61082) (0.0277483, -1.49617) 
(-1.12822, 2.04865) (-2.76997, 2.4385) (-0.22896, -2.09721) (-1.37461, 1.62077) (-3.19378, 2.61082) (0.0637771, -1.50136) 
(-1.23141, 2.03518) (-2.76997, 2.4385) (-0.303742, -2.06438) (-1.33717, 1.60903) (-3.19378, 2.61082) (0.105607, -1.50788) 
(-1.33239, 2.02036) (-2.76997, 2.4385) (-0.376006, -2.03105) (-1.31252, 1.58981) (-3.19378, 2.61082) (0.149468, -1.51154) 
(-1.37888, 2.0172) (-2.76997, 2.4385) (-0.411077, -2.01082) (-1.30268, 1.58326) (-3.19378, 2.61082) (0.171469, -1.51319) 
(-1.51051, 2.02198) (-2.76997, 2.4385) (-0.511504, -1.95335) (-1.27773, 1.55225) (-3.19378, 2.61082) (0.238633, -1.5156) 
(-1.61478, 2.03074) (-2.76997, 2.4385) (-0.58643, -1.92466) (-1.26377, 1.53237) (-3.19378, 2.61082) (0.291946, -1.51609) 
(-1.7069, 2.04157) (-2.76997, 2.4385) (-0.673028, -1.90634) (-1.24661, 1.51789) (-3.19378, 2.61082) (0.344714, -1.51805) 
(-1.80751, 2.05598) (-2.76997, 2.4385) (-0.767771, -1.88894) (-1.23056, 1.51591) (-3.19378, 2.61082) (0.40341, -1.52264) 
(-1.90645, 2.07013) (-2.76997, 2.4385) (-0.852385, -1.87337) (-1.20843, 1.50826) (-3.19378, 2.61082) (0.457309, -1.52773) 
(-1.98539, 2.0727) (-2.76997, 2.4385) (-0.929471, -1.87365) (-1.19057, 1.50722) (-3.19378, 2.61082) (0.508598, -1.53293) 
(-2.0738, 2.06119) (-2.76997, 2.4385) (-1.02733, -1.88298) (-1.17016, 1.51106) (-3.19378, 2.61082) (0.5708, -1.53869) 
(-2.14593, 2.05144) (-2.76997, 2.4385) (-1.09926, -1.88877) (-1.15192, 1.51534) (-3.19378, 2.61082) (0.623281, -1.54417) 
(-2.21326, 2.04019) (-2.76997, 2.4385) (-1.17258, -1.88187) (-1.129, 1.52119) (-3.19378, 2.61082) (0.67965, -1.54808) 
(-2.26365, 2.02813) (-2.76997, 2.4385) (-1.23356, -1.86439) (-1.11096, 1.52904) (-3.19378, 2.61082) (0.728015, -1.55124) 
(-2.32535, 2.00342) (-2.76997, 2.4385) (-1.32384, -1.84213) (-1.0783, 1.53772) (-3.19378, 2.61082) (0.802543, -1.55796) 
(-2.3582, 1.98761) (-2.76997, 2.4385) (-1.3811, -1.82916) (-1.05664, 1.5426) (-3.19378, 2.61082) (0.847307, -1.56115) 
(-2.40524, 1.9693) (-2.76997, 2.4385) (-1.47066, -1.79437) (-1.01861, 1.55087) (-3.19378, 2.61082) (0.917228, -1.56573) 
(-2.44198, 1.95911) (-2.76997, 2.4385) (-1.54228, -1.76096) (-0.989976, 1.55621) (-3.19378, 2.61082) (0.96998, -1.56947) 
(-2.47504, 1.95238) (-2.76997, 2.4385) (-1.61953, -1.72917) (-0.951625, 1.56379) (-3.19378, 2.61082) (1.03152, -1.57462) 
(-2.49603, 1.94964) (-2.76997, 2.4385) (-1.69357, -1.71752) (-0.917905, 1.56967) (-3.19378, 2.61082) (1.08885, -1.57932) 
(-2.51545, 1.94827) (-2.76997, 2.4385) (-1.75915, -1.71694) (-0.87397, 1.57746) (-3.19378, 2.61082) (1.15384, -1.58513) 
(-2.52806, 1.95237) (-2.76997, 2.4385) (-1.8057, -1.71139) (-0.841435, 1.58459) (-3.19378, 2.61082) (1.20678, -1.59024) 
(-2.53972, 1.96187) (-2.76997, 2.4385) (-1.87062, -1.69606) (-0.792543, 1.59186) (-3.19378, 2.61082) (1.26992, -1.59665) 
(-2.547, 1.97303) (-2.76997, 2.4385) (-1.93744, -1.67709) (-0.745222, 1.60146) (-3.19378, 2.61082) (1.33127, -1.60133) 
(-2.55369, 1.98313) (-2.76997, 2.4385) (-1.99546, -1.65773) (-0.697461, 1.61024) (-3.19378, 2.61082) (1.39113, -1.60726) 
(-2.56202, 1.99212) (-2.76997, 2.4385) (-2.04035, -1.64143) (-0.649328, 1.61903) (-3.19378, 2.61082) (1.44553, -1.61275) 
(-2.56551, 2.00153) (-2.76997, 2.4385) (-2.07597, -1.62809) (-0.601441, 1.62786) (-3.19378, 2.61082) (1.49843, -1.6184) 
(-2.56588, 2.01171) (-2.76997, 2.4385) (-2.09849, -1.60856) (-0.539576, 1.63771) (-3.19378, 2.61082) (1.56775, -1.62483) 
(-2.56789, 2.0212) (-2.76997, 2.4385) (-2.09834, -1.60859) (-0.489514, 1.64612) (-3.19378, 2.61082) (1.62198, -1.63055) 
(-2.57137, 2.03007) (-2.76997, 2.4385) (-2.09834, -1.60859) (-0.431724, 1.65645) (-3.19378, 2.61082) (1.68656, -1.6375) 
(-2.57199, 2.03531) (-2.76997, 2.4385) (-2.09834, -1.60859) (-0.38376, 1.66571) (-3.19378, 2.61082) (1.74056, -1.64314) 
(-2.57174, 2.03952) (-2.76997, 2.4385) (-2.09834, -1.60859) (-0.335377, 1.67402) (-3.19378, 2.61082) (1.7955, -1.64958) 
(-2.57192, 2.04077) (-2.76997, 2.4385) (-2.09834, -1.60859) (-0.28874, 1.68192) (-3.19378, 2.61082) (1.84898, -1.65596) 
(-2.57146, 2.03865) (-2.76997, 2.4385) (-2.09834, -1.60859) (-0.226662, 1.69291) (-3.19378, 2.61082) (1.91702, -1.66423) 
(-2.57114, 2.03478) (-2.76997, 2.4385) (-2.09834, -1.60859) (-0.170756, 1.70174) (-3.19378, 2.61082) (1.97688, -1.67088) 
(-2.57114, 2.02984) (-2.76997, 2.4385) (-2.09834, -1.60859) (-0.116053, 1.70962) (-3.19378, 2.61082) (2.03648, -1.67778) 
(-2.57085, 2.02438) (-2.76997, 2.4385) (-2.09834, -1.60859) (-0.0636353, 1.71931) (-3.19378, 2.61082) (2.08929, -1.68473) 
(-2.56923, 2.01752) (-2.76997, 2.4385) (-2.09834, -1.60859) (-0.0103249, 1.72782) (-3.19378, 2.61082) (2.14149, -1.6913) 
(-2.56565, 2.00737) (-2.76997, 2.4385) (-2.09834, -1.60859) (0.043751, 1.73759) (-3.19378, 2.61082) (2.19143, -1.69785) 
(-2.56095, 1.99553) (-2.76997, 2.4385) (-2.09834, -1.60859) (0.0954545, 1.74548) (-3.19378, 2.61082) (2.23488, -1.70403) 
(-2.55697, 1.98301) (-2.76997, 2.4385) (-2.09834, -1.60859) (0.148828, 1.7558) (-3.19378, 2.61082) (2.28255, -1.71137) 
(-2.55694, 1.96996) (-2.76997, 2.4385) (-2.09834, -1.60859) (0.208236, 1.7666) (-3.19378, 2.61082) (2.30885, -1.71543) 
(-2.56002, 1.95491) (-2.76997, 2.4385) (-2.09834, -1.60859) (0.264515, 1.77524) (-3.19378, 2.61082) (2.30558, -1.71511) 
(-2.56111, 1.94815) (-2.76997, 2.4385) (-2.04198, -1.67404) (0.288336, 1.77874) (-3.19378, 2.61082) (2.30024, -1.71421) 
(-2.55985, 1.93476) (-2.76997, 2.4385) (-2.03716, -1.63574) (0.379904, 1.79428) (-3.19378, 2.61082) (2.29889, -1.71381) 
(-2.55488, 1.94236) (-2.76997, 2.4385) (-2.04314, -1.62829) (0.430849, 1.80199) (-3.19378, 2.61082) (2.30399, -1.71472) 
(-2.5516, 1.95687) (-2.76997, 2.4385) (-2.05326, -1.62831) (0.486082, 1.80958) (-3.19378, 2.61082) (2.30725, -1.71525) 
(-2.55466, 1.97756) (-2.76997, 2.4385) (-2.05331, -1.62833) (0.54618, 1.81859) (-3.19378, 2.61082) (2.30671, -1.71512) 
(-2.56303, 1.99085) (-2.76997, 2.4385) (-2.05331, -1.62833) (0.603016, 1.82762) (-3.19378, 2.61082) (2.30674, -1.71508) 
(-2.57022, 2.00003) (-2.76997, 2.4385) (-2.05331, -1.62833) (0.659688, 1.83678) (-3.19378, 2.61082) (2.30703, -1.71514) 
(-2.57567, 2.0036) (-2.76997, 2.4385) (-2.05331, -1.62833) (0.701588, 1.84374) (-3.19378, 2.61082) (2.30689, -1.71514) 
(-2.5829, 2.00529) (-2.76997, 2.4385) (-2.05331, -1.62833) (0.762012, 1.85172) (-3.19378, 2.61082) (2.30699, -1.71513) 
(-2.58214, 2.02318) (-2.76997, 2.4385) (-2.05331, -1.62833) (0.824291, 1.86147) (-3.19378, 2.61082) (2.30693, -1.71511) 
(-2.57641, 2.03909) (-2.76997, 2.4385) (-2.05331, -1.62833) (0.862431, 1.86683) (-3.19378, 2.61082) (2.30693, -1.71514) 
(-2.56304, 2.06486) (-2.76997, 2.4385) (-2.05331, -1.62833) (0.932288, 1.87839) (-3.19378, 2.61082) (2.30691, -1.71513) 
(-2.55233, 2.07851) (-2.76997, 2.4385) (-2.05331, -1.62833) (0.978326, 1.88589) (-3.19378, 2.61082) (2.30692, -1.71513) 
(-2.53577, 2.09527) (-2.76997, 2.4385) (-2.05331, -1.62833) (1.04541, 1.89617) (-3.19378, 2.61082) (2.30695, -1.71513) 
(-2.51889, 2.10474) (-2.76997, 2.4385) (-2.05331, -1.62833) (1.10515, 1.90562) (-3.19378, 2.61082) (2.30693, -1.71512) 
(-2.4996, 2.10881) (-2.76997, 2.4385) (-2.05331, -1.62833) (1.1629, 1.91357) (-3.19378, 2.61082) (2.30697, -1.71512) 
(-2.47944, 2.10974) (-2.76997, 2.4385) (-2.05331, -1.62833) (1.21599, 1.92202) (-3.19378, 2.61082) (2.30696, -1.71513) 
(-2.45681, 2.1122) (-2.76997, 2.4385) (-2.05331, -1.62833) (1.27309, 1.92996) (-3.19378, 2.61082) (2.30691, -1.71512) 
(-2.43277, 2.11545) (-2.76997, 2.4385) (-2.05331, -1.62833) (1.33337, 1.93926) (-3.19378, 2.61082) (2.30697, -1.71512) 
(-2.41121, 2.11469) (-2.76997, 2.4385) (-2.05331, -1.62833) (1.39101, 1.94586) (-3.19378, 2.61082) (2.3069, -1.71512) 
(-2.3932, 2.1112) (-2.76997, 2.4385) (-2.05331, -1.62833) (1.44777, 1.9539) (-3.19378, 2.61082) (2.30694, -1.71512) 
(-2.38661, 2.10713) (-2.76997, 2.4385) (-2.05331, -1.62833) (1.50766, 1.96028) (-3.19378, 2.61082) (2.3069, -1.71513) 
(-2.39062, 2.1011) (-2.76997, 2.4385) (-2.05331, -1.62833) (1.55988, 1.9662) (-3.19378, 2.61082) (2.30691, -1.71512) 
(-2.39743, 2.09244) (-2.76997, 2.4385) (-2.05331, -1.62833) (1.61476, 1.97286) (-3.19378, 2.61082) (2.30693, -1.71511) 
(-2.41033, 2.07814) (-2.76997, 2.4385) (-2.05331, -1.62833) (1.68284, 1.98148) (-3.19378, 2.61082) (2.30691, -1.71513) 
(-2.41859, 2.06907) (-2.76997, 2.4385) (-2.05331, -1.62833) (1.72638, 1.98735) (-3.19378, 2.61082) (2.3069, -1.71512) 
(-2.42804, 2.05595) (-2.76997, 2.4385) (-2.05331, -1.62833) (1.8007, 1.99501) (-3.19378, 2.61082) (2.30691, -1.71512) 
(-2.43358, 2.04854) (-2.76997, 2.4385) (-2.05331, -1.62833) (1.84873, 2.00139) (-3.19378, 2.61082) (2.30695, -1.71513) 
(-2.44042, 2.04327) (-2.76997, 2.4385) (-2.05331, -1.62833) (1.90609, 2.00826) (-3.19378, 2.61082) (2.30689, -1.71513) 
(-2.44387, 2.04051) (-2.76997, 2.4385) (-2.05331, -1.62833) (1.96999, 2.01612) (-3.19378, 2.61082) (2.30694, -1.71512) 
(-2.44402, 2.03756) (-2.76997, 2.4385) (-2.05331, -1.62833) (2.02491, 2.02251) (-3.19378, 2.61082) (2.3069, -1.71513) 
(-2.44316, 2.03614) (-2.76997, 2.4385) (-2.05331, -1.62833) (2.0769, 2.02842) (-3.19378, 2.61082) (2.3069, -1.71512) 
(-2.44345, 2.03765) (-2.76997, 2.4385) (-2.05331, -1.62833) (2.13131, 2.03475) (-3.19378, 2.61082) (2.3069, -1.71512) 
(-2.44472, 2.0393) (-2.76997, 2.4385) (-2.05331, -1.62833) (2.1828, 2.04079) (-3.19378, 2.61082) (2.30689, -1.71513) 
(-2.44559, 2.04) (-2.76997, 2.4385) (-2.05331, -1.62833) (2.22645, 2.0451) (-3.19378, 2.61082) (2.30691, -1.71512) 
(-2.44724, 2.04016) (-2.76997, 2.4385) (-2.05331, -1.62833) (2.23746, 2.04442) (-3.19378, 2.61082) (2.3069, -1.71512) 
(-2.44879, 2.04047) (-2.76997, 2.4385) (-2.05331, -1.62833) (2.22895, 2.04601) (-3.19378, 2.61082) (2.30689, -1.71513) 
(-2.4517, 2.0419) (-2.76997, 2.4385) (-2.05331, -1.62833) (2.22567, 2.0443) (-3.19378, 2.61082) (2.30691, -1.71512) 
(-2.45534, 2.04268) (-2.76997, 2.4385) (-2.05331, -1.62833) (2.23084, 2.04457) (-3.19378, 2.61082) (2.30691, -1.71512) 
(-2.45972, 2.04197) (-2.76997, 2.4385) (-2.05331, -1.62833) (2.23513, 2.04536) (-3.19378, 2.61082) (2.3069, -1.71512) 
(-2.46035, 2.04226) (-2.76997, 2.4385) (-2.05331, -1.62833) (2.23425, 2.04518) (-3.19378, 2.61082) (2.30689, -1.71512) 
(-2.46159, 2.04931) (-2.76997, 2.4385) (-2.05331, -1.62833) (2.23463, 2.04537) (-3.19378, 2.61082) (2.30687, -1.71511) 
(-2.46041, 2.05288) (-2.76997, 2.4385) (-2.05331, -1.62833) (2.23417, 2.04514) (-3.19378, 2.61082) (2.3069, -1.71512) 
(-2.45919, 2.0552) (-2.76997, 2.4385) (-2.05331, -1.62833) (2.23436, 2.04536) (-3.19378, 2.61082) (2.3069, -1.71511) 
(-2.45984, 2.05843) (-2.76997, 2.4385) (-2.05331, -1.62833) (2.23418, 2.04507) (-3.19378, 2.61082) (2.30688, -1.71511) 
(-2.46254, 2.0627) (-2.76997, 2.4385) (-2.05331, -1.62833) (2.23428, 2.04525) (-3.19378, 2.61082) (2.3069, -1.71511) 
(-2.46568, 2.06588) (-2.76997, 2.4385) (-2.05331, -1.62833) (2.2343, 2.04521) (-3.19378, 2.61082) (2.30688, -1.71511) 
(-2.47105, 2.06718) (-2.76997, 2.4385) (-2.05331, -1.62833) (2.23423, 2.04519) (-3.19378, 2.61082) (2.30688, -1.71512) 
(-2.47865, 2.0774) (-2.76997, 2.4385) (-2.05331, -1.62833) (2.23425, 2.04517) (-3.19378, 2.61082) (2.30691, -1.7151) 
(-2.476, 2.08687) (-2.76997, 2.4385) (-2.05331, -1.62833) (2.23419, 2.04514) (-3.19378, 2.61082) (2.30689, -1.71512) 
(-2.47347, 2.08735) (-2.76997, 2.4385) (-2.05331, -1.62833) (2.23424, 2.04518) (-3.19378, 2.61082) (2.30688, -1.71512) 
(-2.47825, 2.07492) (-2.76997, 2.4385) (-2.05331, -1.62833) (2.23423, 2.04523) (-3.19378, 2.61082) (2.30689, -1.71512) 
