(1.63658, -0.410514) (2.46997, -0.231709) (-2.10119, 0.474971) (-1.50073, 0.494241) (0.0630559, 2.59155) (0.0639276, -2.00606) 
(1.63566, -0.410575) (2.46468, -0.225128) (-2.10711, 0.47433) (-1.50493, 0.494363) (0.0627662, 2.59373) (0.0634639, -2.00876) 
(1.63427, -0.410055) (2.46227, -0.21987) (-2.1118, 0.46802) (-1.48081, 0.495879) (0.0594525, 2.56504) (0.0586393, -1.98778) 
(1.63213, -0.407567) (2.45985, -0.215355) (-2.1156, 0.463023) (-1.40224, 0.498065) (0.0720061, 2.49776) (0.0551656, -1.94813) 
(1.62622, -0.401753) (2.45765, -0.206416) (-2.1173, 0.459481) (-1.35121, 0.498962) (0.0689894, 2.45616) (0.0454563, -1.91872) 
(1.6033, -0.38329) (2.44579, -0.18488) (-2.10658, 0.458906) (-1.2953, 0.500763) (0.0713328, 2.40506) (0.0340144, -1.87973) 
(1.57311, -0.364558) (2.42609, -0.151602) (-2.09992, 0.457826) (-1.24741, 0.500738) (0.0702501, 2.35524) (0.0232286, -1.84338) 
(1.5312, -0.348559) (2.38885, -0.110487) (-2.09755, 0.451543) (-1.19706, 0.50312) (0.0666993, 2.31791) (0.0159842, -1.81946) 
(1.47001, -0.345216) (2.32454, -0.0527763) (-2.08327, 0.441693) (-1.13918, 0.504209) (0.0715482, 2.26815) (0.0145765, -1.78367) 
(1.40853, -0.348142) (2.24699, 0.0043259) (-2.06706, 0.435263) (-1.08662, 0.506643) (0.0795927, 2.22454) (0.013976, -1.74592) 
(1.34251, -0.357809) (2.14915, 0.054226) (-2.05245, 0.434413) (-1.03207, 0.507449) (0.0927867, 2.1892) (0.0141631, -1.71089) 
(1.26982, -0.374741) (2.02602, 0.0906558) (-2.03547, 0.440046) (-0.978753, 0.50954) (0.102837, 2.15233) (0.0110224, -1.68466) 
(1.19776, -0.389032) (1.90556, 0.120161) (-2.01624, 0.447951) (-0.931478, 0.510595) (0.117021, 2.12494) (0.00557675, -1.66364) 
(1.1125, -0.396829) (1.77788, 0.16295) (-1.98774, 0.461439) (-0.871085, 0.513581) (0.121972, 2.09257) (-0.00284703, -1.64743) 
(1.05019, -0.394626) (1.69278, 0.201582) (-1.96137, 0.474872) (-0.824748, 0.515106) (0.125654, 2.06513) (-0.011188, -1.62664) 
(0.999933, -0.390379) (1.61761, 0.236873) (-1.93351, 0.489847) (-0.782538, 0.516985) (0.1267, 2.03998) (-0.0171672, -1.60798) 
(0.901208, -0.378475) (1.45264, 0.311822) (-1.8759, 0.521885) (-0.706814, 0.520413) (0.12012, 1.99982) (-0.0238453, -1.57926) 
(0.836282, -0.363752) (1.33498, 0.363098) (-1.84124, 0.53876) (-0.659295, 0.521299) (0.123214, 1.9692) (-0.0193637, -1.56544) 
(0.761879, -0.341554) (1.17635, 0.412986) (-1.80249, 0.553502) (-0.614621, 0.517923) (0.122757, 1.93321) (-0.0136816, -1.54177) 
(0.694451, -0.320969) (1.03288, 0.428536) (-1.76602, 0.563199) (-0.565337, 0.510331) (0.131733, 1.90591) (-0.00759703, -1.52174) 
(0.621958, -0.307455) (0.88175, 0.415628) (-1.72146, 0.570458) (-0.517138, 0.502369) (0.138051, 1.87294) (-0.00193787, -1.49902) 
(0.556388, -0.303418) (0.74775, 0.390272) (-1.67251, 0.574404) (-0.474398, 0.495167) (0.147494, 1.85167) (0.00236758, -1.47696) 
(0.494465, -0.306966) (0.613906, 0.353224) (-1.61979, 0.577132) (-0.43226, 0.48393) (0.142745, 1.82387) (-5.84597e-05, -1.44923) 
(0.43938, -0.315396) (0.481863, 0.304816) (-1.56482, 0.577716) (-0.405781, 0.472844) (0.142875, 1.79275) (-0.00220735, -1.41912) 
(0.390351, -0.32941) (0.364479, 0.260721) (-1.5118, 0.575481) (-0.376066, 0.460041) (0.13524, 1.76539) (-0.00632974, -1.39378) 
(0.330495, -0.351412) (0.231294, 0.221132) (-1.44707, 0.569677) (-0.337519, 0.442817) (0.129551, 1.73263) (-0.0116679, -1.36147) 
(0.262254, -0.37558) (0.0821506, 0.182348) (-1.37748, 0.567191) (-0.298961, 0.428454) (0.120698, 1.69488) (-0.0152245, -1.3233) 
(0.210705, -0.391816) (-0.0364331, 0.148931) (-1.31719, 0.577458) (-0.273783, 0.419182) (0.123907, 1.66732) (-0.0166823, -1.28959) 
(0.165594, -0.400014) (-0.136553, 0.123434) (-1.27193, 0.588271) (-0.251748, 0.421434) (0.127014, 1.64577) (-0.0146668, -1.26121) 
(0.0961972, -0.406975) (-0.318334, 0.0767048) (-1.19731, 0.608348) (-0.216779, 0.425675) (0.137385, 1.61669) (-0.010899, -1.22055) 
(0.035069, -0.41093) (-0.463906, 0.0249613) (-1.13789, 0.626154) (-0.19413, 0.433336) (0.146224, 1.59369) (-0.00632996, -1.19071) 
(-0.0292634, -0.410631) (-0.584822, -0.0351797) (-1.08047, 0.645975) (-0.178847, 0.447544) (0.155915, 1.5843) (-0.000920726, -1.16059) 
(-0.0874974, -0.39952) (-0.7015, -0.0937911) (-1.02044, 0.669485) (-0.15942, 0.459741) (0.156581, 1.56866) (0.00268506, -1.1288) 
(-0.153823, -0.368185) (-0.847081, -0.154066) (-0.955664, 0.696959) (-0.143997, 0.470843) (0.160971, 1.5519) (0.00407827, -1.09002) 
(-0.187256, -0.352655) (-0.923631, -0.183656) (-0.923439, 0.707289) (-0.133813, 0.476296) (0.15936, 1.54219) (0.00278144, -1.0677) 
(-0.258194, -0.334825) (-1.08789, -0.244191) (-0.857494, 0.719294) (-0.118906, 0.477254) (0.158608, 1.52442) (-0.004792, -1.02888) 
(-0.314242, -0.336787) (-1.22824, -0.279044) (-0.810971, 0.725104) (-0.0978312, 0.479535) (0.152544, 1.50785) (-0.0148507, -1.00145) 
(-0.381992, -0.341152) (-1.3625, -0.289518) (-0.755461, 0.734144) (-0.0738681, 0.478359) (0.142294, 1.4932) (-0.028616, -0.979999) 
(-0.435893, -0.347503) (-1.44984, -0.294447) (-0.71469, 0.740493) (-0.0571232, 0.476226) (0.132863, 1.48379) (-0.0402018, -0.96161) 
(-0.519181, -0.36714) (-1.58655, -0.29984) (-0.641298, 0.74696) (-0.0357771, 0.475386) (0.118747, 1.47384) (-0.0587206, -0.92499) 
(-0.581682, -0.383776) (-1.6963, -0.292596) (-0.579147, 0.746172) (-0.0120895, 0.476301) (0.107299, 1.46481) (-0.0762033, -0.890266) 
(-0.651434, -0.392302) (-1.83715, -0.28175) (-0.504758, 0.742611) (0.020253, 0.477498) (0.0878176, 1.46244) (-0.0930798, -0.852529) 
(-0.707029, -0.384625) (-1.93967, -0.283644) (-0.451838, 0.745287) (0.0522073, 0.480541) (0.0694753, 1.45792) (-0.106445, -0.818875) 
(-0.765492, -0.371968) (-2.03784, -0.292805) (-0.388488, 0.761261) (0.0907046, 0.483471) (0.0479227, 1.44955) (-0.114748, -0.784452) 
(-0.825324, -0.365121) (-2.12608, -0.304012) (-0.337265, 0.782329) (0.121934, 0.486214) (0.0302078, 1.43961) (-0.119664, -0.750404) 
(-0.913124, -0.349831) (-2.24552, -0.321508) (-0.259056, 0.819699) (0.171915, 0.488534) (0.00843771, 1.4257) (-0.120939, -0.700775) 
(-0.977631, -0.327264) (-2.32953, -0.339989) (-0.196606, 0.849571) (0.208728, 0.490157) (-0.00347083, 1.41152) (-0.118869, -0.666875) 
(-1.04476, -0.287373) (-2.4343, -0.369015) (-0.117426, 0.885852) (0.257369, 0.492349) (-0.0163003, 1.40369) (-0.114235, -0.618691) 
(-1.09414, -0.25381) (-2.51121, -0.386991) (-0.0566462, 0.910953) (0.298007, 0.494065) (-0.0258079, 1.40061) (-0.108411, -0.580298) 
(-1.16309, -0.220003) (-2.59586, -0.382777) (0.0290356, 0.938204) (0.355321, 0.497092) (-0.0421063, 1.39685) (-0.0955093, -0.529094) 
(-1.22117, -0.204649) (-2.64573, -0.363039) (0.116645, 0.947406) (0.406199, 0.500723) (-0.05831, 1.38378) (-0.0812044, -0.484208) 
(-1.27307, -0.197742) (-2.6785, -0.344548) (0.190117, 0.946912) (0.455368, 0.503433) (-0.0753481, 1.3744) (-0.067293, -0.445701) 
(-1.32849, -0.190993) (-2.70053, -0.323272) (0.263496, 0.946205) (0.505283, 0.505749) (-0.0868181, 1.35957) (-0.0514096, -0.401697) 
(-1.39164, -0.189093) (-2.70448, -0.295182) (0.353427, 0.946799) (0.563261, 0.508708) (-0.0986932, 1.33935) (-0.0338044, -0.349912) 
(-1.42808, -0.191945) (-2.69793, -0.286213) (0.405701, 0.94673) (0.594179, 0.510156) (-0.105984, 1.32751) (-0.0267601, -0.324697) 
(-1.52801, -0.197414) (-2.69558, -0.300311) (0.533224, 0.939688) (0.660491, 0.511771) (-0.127698, 1.29448) (-0.0115134, -0.264642) 
(-1.59106, -0.192859) (-2.70604, -0.318934) (0.604106, 0.938635) (0.697715, 0.502832) (-0.137476, 1.27435) (-0.00431537, -0.226525) 
(-1.6513, -0.179028) (-2.72251, -0.336898) (0.672383, 0.950797) (0.741318, 0.487041) (-0.149268, 1.24622) (0.00365595, -0.179688) 
(-1.71502, -0.151206) (-2.7508, -0.350169) (0.748672, 0.968697) (0.786793, 0.463667) (-0.160802, 1.21337) (0.0122537, -0.123853) 
(-1.7682, -0.127408) (-2.76981, -0.355947) (0.811692, 0.979902) (0.812456, 0.437438) (-0.171518, 1.18495) (0.0197397, -0.075641) 
(-1.83363, -0.0922114) (-2.78684, -0.355139) (0.896092, 0.994051) (0.842736, 0.405197) (-0.183404, 1.14519) (0.0300961, -0.0169811) 
(-1.87809, -0.0647131) (-2.79882, -0.350596) (0.972058, 1.00791) (0.86891, 0.377811) (-0.197598, 1.10786) (0.0419349, 0.0335752) 
(-1.91724, -0.0328982) (-2.80908, -0.34377) (1.0465, 1.02268) (0.893729, 0.354404) (-0.210109, 1.06846) (0.0525427, 0.0861317) 
(-1.95296, -0.00497837) (-2.81529, -0.34675) (1.10834, 1.034) (0.922076, 0.340246) (-0.225314, 1.02591) (0.067448, 0.144545) 
(-1.98134, 0.0119208) (-2.81739, -0.35943) (1.16005, 1.03403) (0.946683, 0.328085) (-0.235692, 0.994281) (0.0777237, 0.189191) 
(-2.01752, 0.0275636) (-2.82858, -0.380496) (1.22591, 1.02532) (0.973739, 0.322373) (-0.250758, 0.952749) (0.0897429, 0.239057) 
(-2.07089, 0.0391366) (-2.84914, -0.401081) (1.31274, 1.0112) (1.00866, 0.318359) (-0.27285, 0.893493) (0.105555, 0.307088) 
(-2.12558, 0.0409093) (-2.86568, -0.41629) (1.38668, 1.00187) (1.03726, 0.319204) (-0.290561, 0.845144) (0.122, 0.357158) 
(-2.19986, 0.0393711) (-2.8817, -0.43185) (1.47204, 0.992965) (1.07276, 0.317776) (-0.309558, 0.795597) (0.137088, 0.414198) 
(-2.27353, 0.0501586) (-2.89362, -0.438701) (1.55235, 0.983629) (1.1066, 0.315173) (-0.325944, 0.75004) (0.153456, 0.468533) 
(-2.33749, 0.07289) (-2.90168, -0.440512) (1.62484, 0.970681) (1.14242, 0.313343) (-0.344793, 0.706727) (0.170617, 0.520752) 
(-2.3902, 0.105145) (-2.90873, -0.437988) (1.70346, 0.964329) (1.17691, 0.313275) (-0.367396, 0.662197) (0.187403, 0.573041) 
(-2.42453, 0.12758) (-2.9119, -0.429357) (1.7685, 0.973648) (1.21639, 0.315028) (-0.384397, 0.622417) (0.199299, 0.616769) 
(-2.45217, 0.144201) (-2.90712, -0.421523) (1.83506, 0.983867) (1.26098, 0.320874) (-0.403844, 0.576576) (0.208514, 0.668521) 
(-2.46454, 0.148201) (-2.8949, -0.429589) (1.88714, 0.98943) (1.29838, 0.326304) (-0.419987, 0.541396) (0.208467, 0.69534) 
(-2.47295, 0.143197) (-2.87235, -0.453846) (1.95674, 0.997129) (1.35027, 0.331554) (-0.436275, 0.493013) (0.203814, 0.738685) 
(-2.4767, 0.126233) (-2.84569, -0.480799) (2.02923, 1.00826) (1.40731, 0.335342) (-0.45306, 0.449589) (0.193266, 0.785109) 
(-2.47705, 0.100871) (-2.81379, -0.499445) (2.0966, 1.01647) (1.45978, 0.337965) (-0.45594, 0.407581) (0.181046, 0.830005) 
(-2.47277, 0.0740284) (-2.78223, -0.513194) (2.15107, 1.02373) (1.50275, 0.339939) (-0.456409, 0.374691) (0.171854, 0.874304) 
(-2.45841, 0.02947) (-2.73598, -0.537599) (2.23622, 1.02693) (1.57041, 0.342316) (-0.451668, 0.337404) (0.164303, 0.927967) 
(-2.43792, -0.00773872) (-2.69811, -0.571143) (2.31983, 1.01507) (1.6268, 0.347338) (-0.436598, 0.30159) (0.16304, 0.973748) 
(-2.42401, -0.0305159) (-2.66871, -0.600286) (2.37882, 1.00269) (1.67282, 0.356764) (-0.424149, 0.270459) (0.161715, 1.01828) 
(-2.424, -0.0410045) (-2.64288, -0.622911) (2.433, 0.993757) (1.71881, 0.368425) (-0.406092, 0.235819) (0.159983, 1.0713) 
(-2.43666, -0.0371408) (-2.62218, -0.641117) (2.4777, 0.985244) (1.76382, 0.385128) (-0.393049, 0.202255) (0.155129, 1.12727) 
(-2.45535, -0.0270389) (-2.60459, -0.655129) (2.51043, 0.97632) (1.80013, 0.400915) (-0.38273, 0.167143) (0.149938, 1.17493) 
(-2.48577, -0.00123734) (-2.59428, -0.663517) (2.56047, 0.952287) (1.86205, 0.425382) (-0.368872, 0.117241) (0.142117, 1.23919) 
(-2.5042, 0.0200611) (-2.606, -0.658342) (2.58481, 0.936697) (1.90328, 0.442538) (-0.358583, 0.0807137) (0.135904, 1.28719) 
(-2.51737, 0.0388485) (-2.62291, -0.6486) (2.60608, 0.925226) (1.94352, 0.459673) (-0.34866, 0.0363717) (0.128302, 1.34095) 
(-2.52833, 0.0572393) (-2.65221, -0.629078) (2.62252, 0.915247) (1.98591, 0.482691) (-0.335581, -0.0202776) (0.121231, 1.40439) 
(-2.53493, 0.0686357) (-2.68523, -0.607414) (2.63733, 0.903645) (2.02255, 0.505744) (-0.322515, -0.07102) (0.116437, 1.45859) 
(-2.53999, 0.0754085) (-2.71744, -0.584517) (2.65132, 0.897434) (2.07099, 0.535736) (-0.307516, -0.13098) (0.111131, 1.52277) 
(-2.54386, 0.079814) (-2.73554, -0.564762) (2.6598, 0.901348) (2.10783, 0.560817) (-0.294307, -0.179783) (0.105427, 1.57774) 
(-2.54603, 0.0825107) (-2.75309, -0.545601) (2.66879, 0.916204) (2.14556, 0.580463) (-0.280519, -0.227308) (0.100967, 1.63314) 
(-2.54697, 0.0847335) (-2.77436, -0.517794) (2.68469, 0.944885) (2.18194, 0.593163) (-0.265192, -0.287568) (0.0954133, 1.70415) 
(-2.54778, 0.0846667) (-2.78762, -0.500265) (2.69545, 0.968423) (2.21002, 0.598724) (-0.25766, -0.328272) (0.092319, 1.74913) 
(-2.54876, 0.0830239) (-2.80379, -0.47661) (2.70623, 1.02311) (2.25839, 0.598417) (-0.240738, -0.396433) (0.0868219, 1.8247) 
(-2.54929, 0.0808025) (-2.81046, -0.465467) (2.70919, 1.07017) (2.28754, 0.593811) (-0.228442, -0.447274) (0.0832617, 1.87789) 
(-2.5504, 0.0779326) (-2.81997, -0.460771) (2.71047, 1.12358) (2.32583, 0.588678) (-0.216465, -0.496586) (0.0797498, 1.93161) 
(-2.55152, 0.0728836) (-2.83181, -0.454476) (2.71137, 1.18525) (2.36635, 0.587043) (-0.201397, -0.56022) (0.0740104, 2.00075) 
(-2.55218, 0.0684633) (-2.8404, -0.448603) (2.70634, 1.22808) (2.40226, 0.590067) (-0.189925, -0.610096) (0.0704414, 2.05726) 
(-2.55236, 0.0642347) (-2.84849, -0.446532) (2.6968, 1.26919) (2.41366, 0.588002) (-0.177377, -0.665773) (0.0659331, 2.11281) 
(-2.55022, 0.0604972) (-2.85528, -0.448182) (2.68165, 1.31167) (2.40796, 0.591328) (-0.163336, -0.724909) (0.0630432, 2.17268) 
(-2.54687, 0.0584372) (-2.85977, -0.451276) (2.66607, 1.349) (2.40292, 0.587326) (-0.150444, -0.777599) (0.0595028, 2.22367) 
(-2.54206, 0.0576488) (-2.86213, -0.452858) (2.65235, 1.37945) (2.40559, 0.59057) (-0.137902, -0.830373) (0.057313, 2.27046) 
(-2.53643, 0.0563231) (-2.86274, -0.452501) (2.64062, 1.39262) (2.41211, 0.589788) (-0.126453, -0.871013) (0.0566123, 2.30584) 
(-2.52849, 0.0537543) (-2.86199, -0.452664) (2.62713, 1.39913) (2.41153, 0.590812) (-0.114955, -0.921502) (0.0562819, 2.33098) 
(-2.51705, 0.05151) (-2.86018, -0.453825) (2.60901, 1.39565) (2.41164, 0.590519) (-0.0989452, -0.991136) (0.0558925, 2.32946) 
(-2.50848, 0.0499106) (-2.85652, -0.455355) (2.59861, 1.38533) (2.41185, 0.590294) (-0.0843447, -1.04853) (0.0548565, 2.32473) 
(-2.50121, 0.0467378) (-2.8524, -0.456116) (2.59429, 1.37181) (2.41169, 0.590571) (-0.0715164, -1.1005) (0.0554433, 2.32791) 
(-2.49472, 0.0448568) (-2.84774, -0.457214) (2.59364, 1.35455) (2.41197, 0.59068) (-0.0568428, -1.15853) (0.055092, 2.33038) 
(-2.46429, 0.0447751) (-2.84295, -0.459837) (2.5938, 1.3344) (2.4123, 0.588827) (-0.0415591, -1.22236) (0.0549873, 2.32973) 
(-2.45616, 0.0424784) (-2.84059, -0.462109) (2.58693, 1.32073) (2.41238, 0.58892) (-0.0287634, -1.27728) (0.0550556, 2.3294) 
(-2.46765, 0.0417588) (-2.83856, -0.463339) (2.5806, 1.31591) (2.41241, 0.588634) (-0.0185741, -1.3244) (0.0551357, 2.32964) 
(-2.4795, 0.0429555) (-2.83559, -0.465089) (2.57484, 1.3125) (2.41236, 0.588561) (-0.00755432, -1.37096) (0.0550368, 2.32956) 
(-2.48984, 0.046577) (-2.83267, -0.467978) (2.57328, 1.30727) (2.41243, 0.588557) (0.0076168, -1.4321) (0.0550229, 2.32945) 
(-2.48985, 0.0465873) (-2.83268, -0.467981) (2.57331, 1.30729) (2.41242, 0.588558) (0.00759901, -1.43202) (0.0550224, 2.32944) 
(-2.49567, 0.0518597) (-2.83269, -0.473319) (2.56759, 1.30416) (2.41237, 0.588525) (0.0356287, -1.55255) (0.0550846, 2.32943) 
(-2.49541, 0.052805) (-2.83406, -0.473591) (2.56359, 1.30609) (2.41237, 0.588553) (0.0468966, -1.60454) (0.0550867, 2.32946) 
(-2.49552, 0.0544585) (-2.83608, -0.473721) (2.55916, 1.3083) (2.41236, 0.588576) (0.060537, -1.66478) (0.0550688, 2.32943) 
(-2.49716, 0.0566201) (-2.83822, -0.474143) (2.55792, 1.30867) (2.41293, 0.588413) (0.0731894, -1.72103) (0.0550026, 2.32946) 
(-2.49884, 0.0580015) (-2.84, -0.474205) (2.55736, 1.30953) (2.4129, 0.588468) (0.0846342, -1.77229) (0.0550877, 2.32943) 
(-2.49928, 0.0608385) (-2.8417, -0.473414) (2.55632, 1.30969) (2.41289, 0.588429) (0.0965269, -1.82744) (0.0550304, 2.32944) 
(-2.50044, 0.0639567) (-2.84242, -0.472088) (2.55417, 1.31053) (2.41288, 0.588444) (0.108651, -1.88014) (0.0550567, 2.32942) 
(-2.50267, 0.0656773) (-2.84386, -0.471274) (2.55035, 1.31265) (2.41281, 0.588492) (0.119082, -1.92643) (0.0549894, 2.32945) 
